1 0.636703 0.133466 0.058267 0.099602
1 0.840637 0.274900 0.053785 0.083665
3 0.539592 0.744024 0.070219 0.077689
3 0.570219 0.278884 0.053785 0.071713
3 0.665090 0.294821 0.067231 0.047809
3 0.625498 0.387450 0.050797 0.081673
3 0.190737 0.034861 0.050797 0.069721
3 0.139940 0.927291 0.071713 0.049801
1 0.247510 0.897410 0.068725 0.065737
3 0.139193 0.170319 0.043327 0.085657
3 0.880976 0.183267 0.032869 0.079681
3 0.242281 0.823705 0.070219 0.057769
4 0.324452 0.361554 0.076195 0.065737
4 0.715886 0.826693 0.073207 0.071713
4 0.821215 0.797809 0.062749 0.065737
4 0.783865 0.916335 0.086653 0.063745
4 0.783865 0.411355 0.065737 0.077689
4 0.044323 0.077689 0.071713 0.063745
4 0.100349 0.189243 0.052291 0.083665
4 0.290837 0.274900 0.062749 0.067729
4 0.019671 0.556773 0.037351 0.065737
4 0.447709 0.710159 0.044821 0.077689
4 0.735309 0.308765 0.040339 0.079681
4 0.951942 0.056773 0.043327 0.073705
4 0.932520 0.125498 0.058267 0.107570
4 0.961653 0.207171 0.038845 0.067729
4 0.975100 0.136454 0.032869 0.065737
4 0.980329 0.072709 0.034363 0.057769
4 0.445468 0.204183 0.049303 0.073705
4 0.849602 0.616534 0.038845 0.065737
4 0.980827 0.478088 0.038346 0.067729
4 0.331175 0.025896 0.047809 0.051792
4 0.119024 0.279880 0.053785 0.065737
4 0.122759 0.550797 0.052291 0.057769
4 0.429034 0.378486 0.046315 0.071713
4 0.508964 0.095618 0.056773 0.079681
4 0.642679 0.059761 0.055279 0.051793
4 0.603835 0.040837 0.040339 0.065737
4 0.643426 0.017928 0.050797 0.023904
4 0.013944 0.254980 0.027888 0.051793
4 0.041335 0.150398 0.056773 0.057769
4 0.228835 0.333665 0.049303 0.065737
4 0.237799 0.249004 0.049303 0.071713
4 0.250498 0.175299 0.050797 0.063745
4 0.228835 0.112550 0.052291 0.057769
4 0.330428 0.516932 0.058267 0.049801
4 0.477590 0.278884 0.047809 0.071713
4 0.789841 0.486056 0.041833 0.059761
4 0.804781 0.552789 0.041833 0.053785
4 0.436504 0.949203 0.052291 0.073705
4 0.615040 0.887450 0.053785 0.089641
4 0.535110 0.964143 0.040339 0.067729
4 0.727092 0.968127 0.041833 0.063745
4 0.522410 0.419323 0.050797 0.053785
4 0.540339 0.560757 0.047809 0.069721
4 0.585906 0.560757 0.040339 0.073705
4 0.166086 0.490040 0.052291 0.067729
4 0.399153 0.523904 0.049303 0.051793
4 0.802540 0.192231 0.028386 0.053785
4 0.049552 0.702191 0.052291 0.057769
4 0.183267 0.814741 0.056773 0.083665
4 0.280378 0.987052 0.038845 0.025896
4 0.882470 0.718127 0.035857 0.089641
4 0.935508 0.513944 0.043327 0.063745
4 0.976345 0.355578 0.047310 0.065737
4 0.756225 0.646414 0.028386 0.061753
4 0.914592 0.582669 0.037351 0.065737
4 0.815986 0.871514 0.043327 0.069721
4 0.981574 0.863546 0.036852 0.069721
4 0.968376 0.712151 0.052291 0.097610
4 0.979333 0.560757 0.041334 0.077689
4 0.391683 0.583665 0.043327 0.067729
4 0.011703 0.734064 0.023406 0.061753
4 0.019920 0.650398 0.039840 0.053785
4 0.398406 0.441235 0.056773 0.069721
4 0.840637 0.346614 0.056773 0.055777
4 0.559761 0.156375 0.035857 0.045817
4 0.159363 0.117530 0.032869 0.047809
4 0.273655 0.795817 0.055279 0.061753
4 0.287849 0.865538 0.041833 0.061753
4 0.712151 0.365538 0.029880 0.081673
4 0.155627 0.875498 0.061255 0.061753
4 0.197460 0.913347 0.031375 0.073705
4 0.269173 0.710159 0.058267 0.041833
3 0.860807 0.849602 0.058267 0.061753
3 0.217629 0.571713 0.038845 0.075697
3 0.251992 0.593625 0.050797 0.059761
0 0.092878 0.606574 0.043327 0.053785
0 0.071215 0.881474 0.050797 0.069721
0 0.880976 0.785857 0.050797 0.053785
0 0.880976 0.424303 0.041833 0.059761
0 0.843625 0.175299 0.029880 0.067729
4 0.222859 0.667331 0.058267 0.063745
2 0.306524 0.446215 0.073207 0.071713