4 0.643426 0.082669 0.065737 0.081673
4 0.407371 0.039841 0.050797 0.063745
4 0.393177 0.128486 0.052291 0.057769
4 0.019920 0.172311 0.039840 0.069721
4 0.534363 0.106574 0.053785 0.073705
4 0.520916 0.176295 0.053785 0.069721
4 0.513446 0.252988 0.047809 0.071713
4 0.338645 0.523904 0.059761 0.067729
4 0.384960 0.797809 0.056773 0.061753
4 0.587400 0.789841 0.061255 0.065737
4 0.421564 0.192231 0.046315 0.061753
4 0.014691 0.305777 0.029382 0.069721
4 0.016185 0.238048 0.032370 0.049801
4 0.139193 0.644422 0.058267 0.073705
4 0.354333 0.311753 0.049303 0.069721
4 0.420817 0.377490 0.044821 0.057769
4 0.408865 0.290837 0.044821 0.055777
4 0.452938 0.083665 0.061255 0.071713
4 0.420817 0.735060 0.044821 0.059761
4 0.481325 0.737052 0.061255 0.083665
4 0.635209 0.258964 0.055279 0.063745
4 0.547809 0.364542 0.038845 0.067729
4 0.454432 0.667331 0.046315 0.055777
4 0.425299 0.935259 0.053785 0.061753
4 0.482819 0.944223 0.046315 0.063745
4 0.887699 0.766932 0.052291 0.075697
4 0.982321 0.611554 0.035358 0.071713
4 0.355827 0.476096 0.046315 0.047809
4 0.922809 0.486056 0.047809 0.051793
4 0.704681 0.491036 0.041833 0.041833
4 0.606823 0.494024 0.049303 0.067729
4 0.517181 0.497012 0.046315 0.049801
4 0.942231 0.283865 0.053785 0.061753
4 0.500000 0.017928 0.050797 0.035856
4 0.413347 0.490040 0.056773 0.059761
4 0.757719 0.975100 0.049303 0.049800
4 0.966882 0.896414 0.037351 0.043825
4 0.880976 0.406375 0.056773 0.051793
4 0.839890 0.478088 0.043327 0.051793
4 0.880976 0.517928 0.032869 0.051793
4 0.452191 0.881474 0.047809 0.049801
4 0.151892 0.721116 0.041833 0.059761
4 0.446962 0.545817 0.046315 0.059761
3 0.383466 0.570717 0.035857 0.081673
3 0.491036 0.863546 0.056773 0.093625
3 0.765189 0.460159 0.067231 0.039841
1 0.861554 0.894422 0.065737 0.091633
3 0.424552 0.583665 0.049303 0.107570
3 0.892928 0.341633 0.047809 0.053785
4 0.490289 0.584661 0.043327 0.069721
4 0.542580 0.575697 0.043327 0.059761
4 0.017679 0.015936 0.035358 0.031872
4 0.987550 0.147410 0.024900 0.051793
4 0.988297 0.069721 0.023406 0.059761
1 0.937749 0.024900 0.038845 0.049800