4 0.527639 0.236056 0.046315 0.061753
4 0.484313 0.650398 0.052291 0.077689
4 0.600847 0.969124 0.067231 0.061752
4 0.705428 0.733068 0.052291 0.051793
4 0.066733 0.289841 0.050797 0.073705
4 0.331922 0.148406 0.037351 0.045817
4 0.175050 0.063745 0.055279 0.063745
4 0.566484 0.812749 0.076195 0.051793
4 0.106325 0.882470 0.040339 0.063745
4 0.845867 0.935259 0.052291 0.061753
4 0.837649 0.801793 0.050797 0.065737
4 0.377490 0.066733 0.044821 0.057769
4 0.021414 0.028884 0.042828 0.057768
4 0.199701 0.285857 0.080677 0.065737
4 0.402888 0.173307 0.059761 0.055777
4 0.582918 0.435259 0.034363 0.057769
4 0.157122 0.647410 0.052291 0.059761
4 0.163098 0.548805 0.052291 0.069721
4 0.512699 0.166335 0.055279 0.061753
4 0.040588 0.498008 0.058267 0.067729
4 0.432022 0.330677 0.049303 0.071713
4 0.263944 0.699203 0.044821 0.051793
4 0.314741 0.536853 0.053785 0.045817
4 0.645667 0.561753 0.037351 0.059761
4 0.267679 0.144422 0.052291 0.057769
4 0.351345 0.332669 0.001494 0.027888
4 0.333416 0.288845 0.064243 0.059761
4 0.707669 0.282869 0.032869 0.055777
4 0.648655 0.289841 0.037351 0.049801
4 0.915339 0.090637 0.047809 0.061753
4 0.343875 0.484064 0.058267 0.059761
4 0.720369 0.921315 0.034363 0.053785
4 0.250498 0.931275 0.047809 0.053785
4 0.575448 0.317729 0.052291 0.057769
4 0.680777 0.072709 0.053785 0.049801
4 0.745767 0.405378 0.046315 0.069721
4 0.342380 0.233068 0.076195 0.043825
4 0.062251 0.954183 0.062749 0.055777
4 0.784612 0.799801 0.055279 0.069721
4 0.732321 0.796813 0.043327 0.059761
4 0.700199 0.506972 0.044821 0.077689
0 0.319970 0.633466 0.046315 0.063745
0 0.375996 0.641434 0.047809 0.067729
0 0.946713 0.288845 0.044821 0.055777
0 0.310259 0.943227 0.041833 0.065737
1 0.224353 0.580677 0.070219 0.045817
1 0.412600 0.455179 0.079183 0.053785
1 0.942978 0.202191 0.061255 0.061753
3 0.851096 0.123506 0.041833 0.067729
1 0.298307 0.331673 0.053785 0.081673
4 0.157869 0.738048 0.053785 0.081673
4 0.774153 0.046813 0.037351 0.041833
4 0.750996 0.093625 0.029880 0.047809
4 0.845120 0.041833 0.101594 0.083665
3 0.869024 0.191235 0.056773 0.051793
3 0.019173 0.362550 0.038346 0.059761
3 0.887699 0.134462 0.079183 0.045817