4 0.500747 0.162351 0.043327 0.053785
4 0.754731 0.214143 0.046315 0.073705
4 0.612799 0.270916 0.055279 0.079681
4 0.524651 0.737052 0.052291 0.063745
4 0.727839 0.826693 0.049303 0.055777
4 0.572460 0.531873 0.037351 0.067729
4 0.445468 0.267928 0.055279 0.061753
4 0.393177 0.315737 0.052291 0.057769
4 0.221365 0.628486 0.028386 0.069721
4 0.271414 0.405378 0.041833 0.053785
4 0.060010 0.847610 0.043327 0.065737
4 0.897410 0.613546 0.059761 0.071713
4 0.643426 0.463147 0.047809 0.057769
4 0.337898 0.236056 0.046315 0.065737
4 0.404382 0.596614 0.050797 0.065737
4 0.505976 0.613546 0.038845 0.071713
4 0.844373 0.386454 0.061255 0.087649
4 0.107072 0.171315 0.056773 0.095618
4 0.374502 0.707171 0.053785 0.079681
4 0.756972 0.609562 0.044821 0.059761
4 0.727839 0.574701 0.043327 0.069721
4 0.778635 0.557769 0.052291 0.043825
4 0.842878 0.715139 0.058267 0.083665
4 0.950448 0.725100 0.064243 0.051793
4 0.897410 0.728088 0.038845 0.061753
4 0.630727 0.706175 0.046315 0.057769
4 0.724104 0.313745 0.044821 0.085657
4 0.594871 0.081673 0.043327 0.095618
4 0.728586 0.080677 0.065737 0.085657
4 0.266185 0.029880 0.037351 0.035857
4 0.642679 0.047809 0.046315 0.079681
4 0.830926 0.074701 0.049303 0.061753
4 0.904880 0.129482 0.038845 0.055777
4 0.710657 0.414343 0.056773 0.083665
4 0.733068 0.734064 0.053785 0.053785
4 0.556026 0.843625 0.061255 0.077689
3 0.147410 0.458167 0.044821 0.067729
3 0.653884 0.527888 0.041833 0.083665
3 0.331175 0.872510 0.050797 0.107570
3 0.414094 0.394422 0.064243 0.059761
3 0.785359 0.376494 0.044821 0.079681
3 0.039841 0.524900 0.038845 0.073705
3 0.475349 0.723108 0.040339 0.087649
3 0.573207 0.482072 0.065737 0.047809
4 0.810010 0.513944 0.049303 0.063745
4 0.966882 0.200199 0.043327 0.065737
4 0.023406 0.792829 0.035857 0.083665
4 0.753984 0.679283 0.041833 0.063745
4 0.798058 0.665339 0.034363 0.087649
4 0.951195 0.595618 0.035857 0.067729
4 0.980827 0.812749 0.038346 0.047809
4 0.836155 0.839641 0.035857 0.089641
4 0.880976 0.791833 0.035857 0.049801
4 0.915339 0.813745 0.035857 0.041833
4 0.309512 0.478088 0.061255 0.051793
4 0.231823 0.548805 0.055279 0.049801
4 0.318476 0.572709 0.064243 0.029880
0 0.668825 0.619522 0.047809 0.067729
0 0.259462 0.974104 0.056773 0.051792
0 0.201942 0.980080 0.055279 0.039840
0 0.553785 0.930279 0.053785 0.067729
3 0.161604 0.177291 0.037351 0.079681
3 0.682271 0.058765 0.032869 0.117530
3 0.495518 0.853586 0.059761 0.041833
1 0.821215 0.770916 0.071713 0.047809
3 0.068974 0.243028 0.037351 0.083665
4 0.921315 0.667331 0.071713 0.055777
4 0.727839 0.502988 0.061255 0.057769
4 0.794323 0.447211 0.059761 0.049801
4 0.873506 0.458167 0.050797 0.071713
4 0.985309 0.422311 0.029382 0.071713
4 0.083914 0.334661 0.052291 0.059761
4 0.266932 0.154382 0.044821 0.053785
4 0.257221 0.265936 0.031375 0.057769
4 0.247510 0.339641 0.038845 0.057769
4 0.194472 0.905378 0.043327 0.053785
4 0.099602 0.808765 0.050797 0.067729
4 0.086155 0.969124 0.044821 0.061752
4 0.241534 0.675299 0.041833 0.047809
4 0.989791 0.896414 0.020418 0.075697
1 0.308765 0.530876 0.074701 0.045817
4 0.741285 0.016932 0.070219 0.033864