4 0.349851 0.444223 0.061255 0.043825
4 0.299801 0.603586 0.044821 0.099602
4 0.868277 0.314741 0.040339 0.075697
4 0.912351 0.408367 0.047809 0.095618
4 0.908616 0.554781 0.040339 0.073705
4 0.521663 0.516932 0.061255 0.061753
4 0.644920 0.781873 0.053785 0.073705
4 0.932520 0.838645 0.061255 0.067729
4 0.500000 0.845618 0.047809 0.081673
4 0.335657 0.129482 0.056773 0.055777
4 0.777888 0.299801 0.038845 0.057769
4 0.973606 0.304781 0.032869 0.047809
4 0.395418 0.757968 0.053785 0.073705
4 0.314741 0.724104 0.071713 0.057769
4 0.181773 0.686255 0.041833 0.065737
4 0.228835 0.503984 0.046315 0.067729
4 0.184014 0.529880 0.043327 0.079681
4 0.136952 0.624502 0.038845 0.061753
4 0.394671 0.278884 0.058267 0.075697
4 0.429034 0.190239 0.046315 0.069721
4 0.193725 0.318725 0.053785 0.067729
4 0.553038 0.154382 0.058267 0.077689
4 0.836155 0.115538 0.047809 0.063745
4 0.665837 0.466135 0.047809 0.071713
4 0.876494 0.730080 0.053785 0.073705
4 0.450697 0.960159 0.047809 0.039841
4 0.288596 0.859562 0.046315 0.061753
4 0.362550 0.925299 0.044821 0.057769
4 0.296813 0.800797 0.047809 0.063745
4 0.171315 0.189243 0.053785 0.063745
4 0.328934 0.033865 0.055279 0.067729
4 0.024402 0.779880 0.048804 0.065737
4 0.031125 0.518924 0.062250 0.049801
4 0.021912 0.068725 0.035857 0.049801
4 0.037600 0.108566 0.037351 0.053785
4 0.080179 0.191235 0.050797 0.047809
4 0.541086 0.778884 0.070219 0.067729
4 0.533616 0.943227 0.049303 0.057769
4 0.630727 0.972112 0.058267 0.055776
4 0.960906 0.401394 0.037351 0.085657
4 0.943725 0.044821 0.044821 0.061753
4 0.978835 0.101594 0.040339 0.055777
4 0.986803 0.228088 0.026394 0.049801
4 0.983068 0.170319 0.033864 0.077689
4 0.547062 0.260956 0.046315 0.063745
4 0.585906 0.221116 0.049303 0.063745
4 0.489542 0.304781 0.041833 0.067729
4 0.443974 0.257968 0.049303 0.049801
4 0.069721 0.483068 0.041833 0.061753
4 0.518675 0.040837 0.055279 0.057769
4 0.127988 0.229084 0.056773 0.067729
4 0.175797 0.384462 0.044821 0.063745
4 0.788347 0.121514 0.032869 0.067729
3 0.817480 0.290837 0.040339 0.079681
3 0.234811 0.872510 0.070219 0.047809
3 0.641932 0.905378 0.029880 0.081673
3 0.521663 0.596614 0.028386 0.073705
3 0.367032 0.804781 0.041833 0.067729
3 0.452938 0.330677 0.055279 0.095618
0 0.106325 0.750000 0.061255 0.073705
0 0.044323 0.351594 0.053785 0.053785
0 0.012450 0.270916 0.024900 0.083665
0 0.251245 0.566733 0.040339 0.085657
0 0.913845 0.682271 0.044821 0.073705
0 0.942978 0.602590 0.040339 0.061753
1 0.182520 0.455179 0.037351 0.073705
4 0.433516 0.433267 0.043327 0.073705
4 0.989044 0.603586 0.021912 0.079681
4 0.989791 0.467131 0.020418 0.069721
4 0.548556 0.827689 0.046315 0.073705
4 0.747261 0.207171 0.034363 0.063745
0 0.051046 0.709163 0.046315 0.067729
4 0.189990 0.608566 0.052291 0.061753
4 0.677789 0.909363 0.029880 0.081673
4 0.592629 0.804781 0.038845 0.087649
4 0.370767 0.970120 0.073207 0.059760
4 0.446962 0.914343 0.031375 0.035857
0 0.460408 0.736056 0.025398 0.053785