0 0.309512 0.736056 0.061255 0.077689
0 0.447709 0.318725 0.053785 0.047809
0 0.133964 0.225100 0.035857 0.075697
0 0.671813 0.734064 0.041833 0.073705
0 0.258715 0.510956 0.043327 0.061753
0 0.349851 0.457171 0.049303 0.061753
0 0.889940 0.272908 0.044821 0.059761
0 0.978586 0.387450 0.042828 0.065737
0 0.725598 0.687251 0.050797 0.091633
0 0.872759 0.705179 0.043327 0.071713
0 0.090637 0.277888 0.044821 0.049801
4 0.135458 0.144422 0.071713 0.057769
4 0.810010 0.705179 0.067231 0.055777
4 0.266185 0.824701 0.049303 0.043825
4 0.928038 0.226096 0.037351 0.065737
4 0.656873 0.131474 0.047809 0.087649
4 0.612052 0.143426 0.047809 0.079681
4 0.721863 0.088645 0.067231 0.057769
4 0.316982 0.090637 0.067231 0.057769
4 0.396165 0.059761 0.064243 0.055777
4 0.443227 0.020916 0.062749 0.041832
4 0.497759 0.059761 0.043327 0.063745
4 0.545568 0.046813 0.046315 0.061753
4 0.337151 0.250000 0.047809 0.057769
4 0.470120 0.713147 0.044821 0.047809
4 0.457420 0.937251 0.052291 0.069721
4 0.206424 0.280876 0.052291 0.067729
4 0.135458 0.385458 0.053785 0.077689
4 0.089143 0.557769 0.050797 0.087649
4 0.052540 0.086653 0.040339 0.061753
4 0.639691 0.423307 0.043327 0.069721
4 0.732321 0.463147 0.043327 0.065737
4 0.695717 0.384462 0.041833 0.063745
4 0.874253 0.351594 0.052291 0.069721
4 0.535857 0.380478 0.059761 0.059761
4 0.316982 0.498008 0.037351 0.055777
4 0.871265 0.599602 0.076195 0.055777
4 0.805528 0.640438 0.070219 0.061753
4 0.920568 0.624502 0.067231 0.057769
4 0.946713 0.671315 0.050797 0.079681
4 0.665837 0.941235 0.044821 0.061753
4 0.641185 0.223108 0.046315 0.067729
4 0.637450 0.306773 0.056773 0.047809
4 0.215388 0.698207 0.055279 0.037849
4 0.106325 0.786853 0.064243 0.039841
4 0.054034 0.969124 0.055279 0.049801
4 0.607570 0.969124 0.074701 0.053785
4 0.830179 0.837649 0.062749 0.045817
4 0.877241 0.976096 0.073207 0.047808
4 0.466384 0.480080 0.046315 0.039841
4 0.462649 0.434263 0.056773 0.039841
4 0.456673 0.380478 0.071713 0.047809
4 0.554532 0.686255 0.049303 0.057769
4 0.606076 0.717131 0.062749 0.043825
4 0.142928 0.067729 0.068725 0.039841
4 0.181773 0.017928 0.077689 0.027888
4 0.846614 0.491036 0.053785 0.045817
4 0.952689 0.541833 0.059761 0.067729
4 0.647908 0.798805 0.038845 0.055777
4 0.568725 0.774900 0.047809 0.059761
4 0.523904 0.758964 0.044821 0.059761
4 0.111554 0.865538 0.050797 0.069721
4 0.201195 0.903386 0.062749 0.045817
4 0.681524 0.657371 0.049303 0.039841
4 0.462649 0.559761 0.038845 0.071713
4 0.343127 0.581673 0.032869 0.071713
4 0.302789 0.559761 0.053785 0.043825
4 0.354333 0.531873 0.034363 0.031873
4 0.403635 0.603586 0.031375 0.051793
4 0.427540 0.549801 0.037351 0.031873
4 0.416335 0.717131 0.041833 0.055777
4 0.405129 0.798805 0.049303 0.063745
4 0.365538 0.293825 0.047809 0.065737
4 0.435010 0.259960 0.043327 0.057769
4 0.039841 0.497012 0.047809 0.053785
4 0.015438 0.564741 0.030876 0.077689
4 0.553038 0.897410 0.070219 0.041833
4 0.497012 0.916335 0.032869 0.059761
4 0.626245 0.921315 0.034363 0.065737
4 0.721863 0.921315 0.040339 0.045817
4 0.647908 0.064741 0.047809 0.029880
4 0.801046 0.019920 0.037351 0.039840
4 0.409612 0.914343 0.031375 0.059761
4 0.154133 0.988048 0.052291 0.023904
4 0.368526 0.973108 0.050797 0.053784
4 0.497012 0.980080 0.062749 0.039840
4 0.778635 0.976096 0.046315 0.047808
4 0.988297 0.915339 0.023406 0.057769
4 0.963894 0.875498 0.049303 0.073705
0 0.989791 0.676295 0.020418 0.117530
1 0.830179 0.110558 0.098606 0.077689
1 0.121265 0.943227 0.073207 0.049801
1 0.367779 0.691235 0.025398 0.083665
1 0.624004 0.270916 0.071713 0.027888
1 0.789841 0.853586 0.053785 0.049801
2 0.887699 0.870518 0.037351 0.071713
3 0.479084 0.199203 0.080677 0.039841
3 0.529133 0.556773 0.070219 0.049801
3 0.190737 0.944223 0.059761 0.031873
3 0.026394 0.334661 0.029880 0.067729
3 0.281873 0.644422 0.050797 0.045817
1 0.017430 0.140438 0.032869 0.061753
4 0.149651 0.667331 0.049303 0.039841
4 0.155627 0.746016 0.034363 0.053785
4 0.138446 0.731076 0.047809 0.051793
4 0.016185 0.477092 0.032370 0.069721
1 0.608317 0.031873 0.049303 0.027888
1 0.666584 0.021912 0.055279 0.031873
4 0.086155 0.360558 0.056773 0.035857