0 0.352839 0.905378 0.067231 0.061753
0 0.338645 0.834661 0.041833 0.055777
0 0.527639 0.752988 0.040339 0.051793
0 0.928785 0.352590 0.044821 0.055777
0 0.485060 0.219124 0.050797 0.059761
0 0.819721 0.928287 0.053785 0.059761
4 0.647908 0.331673 0.050797 0.049801
4 0.465637 0.036853 0.056773 0.053785
4 0.665090 0.028884 0.064243 0.057768
4 0.169821 0.457171 0.047809 0.061753
4 0.350598 0.466135 0.053785 0.043825
4 0.174303 0.695219 0.050797 0.051793
4 0.197460 0.816733 0.067231 0.079681
4 0.829432 0.215139 0.040339 0.059761
4 0.937749 0.148406 0.047809 0.089641
4 0.771165 0.377490 0.070219 0.065737
4 0.877988 0.445219 0.047809 0.053785
4 0.972610 0.656375 0.054780 0.069721
4 0.989044 0.742032 0.021912 0.053785
4 0.682271 0.812749 0.050797 0.067729
4 0.741285 0.740040 0.070219 0.041833
4 0.487301 0.896414 0.073207 0.051793
4 0.585159 0.962151 0.071713 0.055777
4 0.104831 0.093625 0.061255 0.047809
4 0.086902 0.154382 0.061255 0.049801
4 0.566484 0.601594 0.073207 0.063745
4 0.742779 0.853586 0.037351 0.061753
4 0.710657 0.892430 0.068725 0.047809
4 0.756225 0.795817 0.064243 0.065737
3 0.340886 0.649402 0.049303 0.079681
3 0.441733 0.624502 0.056773 0.073705
3 0.531375 0.302789 0.035857 0.079681
4 0.179532 0.027888 0.061255 0.055776
4 0.699452 0.089641 0.046315 0.051793
4 0.187002 0.238048 0.058267 0.073705
4 0.210159 0.104582 0.029880 0.061753
4 0.247510 0.060757 0.059761 0.041833
4 0.210906 0.172311 0.058267 0.049801
4 0.156375 0.165339 0.059761 0.047809
4 0.141434 0.328685 0.056773 0.055777
4 0.081673 0.339641 0.053785 0.053785
4 0.068974 0.483068 0.046315 0.065737
4 0.036853 0.434263 0.050797 0.055777
4 0.016683 0.387450 0.031375 0.057769
4 0.241534 0.529880 0.068725 0.083665
4 0.254980 0.671315 0.047809 0.067729
4 0.520916 0.462151 0.044821 0.063745
4 0.518675 0.359562 0.046315 0.057769
4 0.606076 0.849602 0.047809 0.069721
4 0.574701 0.905378 0.089641 0.053785
4 0.231823 0.922311 0.058267 0.051793
4 0.656125 0.953187 0.052291 0.057769
4 0.930279 0.469124 0.059761 0.053785
4 0.899651 0.109562 0.055279 0.063745
4 0.818974 0.077689 0.055279 0.075697
4 0.016932 0.151394 0.033864 0.055777
4 0.966882 0.888446 0.043327 0.063745
4 0.858566 0.654382 0.053785 0.061753
4 0.982321 0.227092 0.035358 0.075697
4 0.982321 0.358566 0.035358 0.091633
4 0.644173 0.535857 0.064243 0.091633
4 0.757719 0.572709 0.061255 0.057769
4 0.476096 0.968127 0.062749 0.063745
4 0.025149 0.978088 0.050298 0.043824
4 0.895916 0.980080 0.056773 0.039840
4 0.703187 0.983068 0.047809 0.033864
4 0.416335 0.697211 0.050797 0.071713
4 0.872759 0.007968 0.037351 0.015936
4 0.796564 0.033865 0.046315 0.055777
4 0.370020 0.015936 0.053785 0.031872
4 0.253486 0.010956 0.044821 0.021912
4 0.024153 0.892430 0.040339 0.063745
4 0.073456 0.808765 0.040339 0.051793
4 0.280378 0.880478 0.047809 0.075697
4 0.358815 0.564741 0.058267 0.041833
4 0.305777 0.536853 0.044821 0.061753
4 0.612799 0.395418 0.049303 0.061753
4 0.390936 0.222112 0.047809 0.065737
4 0.751743 0.677291 0.070219 0.083665
3 0.538098 0.854582 0.082171 0.051793
3 0.577689 0.302789 0.059761 0.063745
3 0.581424 0.360558 0.049303 0.079681
3 0.726345 0.444223 0.067231 0.059761
3 0.662849 0.628486 0.098606 0.053785
3 0.310259 0.977092 0.089641 0.041833
3 0.724104 0.509960 0.047809 0.079681
3 0.308018 0.617530 0.073207 0.095618
1 0.168327 0.970120 0.095618 0.055777
1 0.216135 0.739044 0.065737 0.055777