1 0.491783 0.087649 0.088147 0.091633
1 0.532122 0.636454 0.040339 0.081673
1 0.803287 0.721116 0.047809 0.103586
1 0.885458 0.880478 0.086653 0.059761
1 0.150398 0.656375 0.083665 0.057769
4 0.922062 0.094622 0.064243 0.077689
4 0.842878 0.453187 0.058267 0.077689
4 0.908616 0.331673 0.058267 0.061753
4 0.281873 0.515936 0.053785 0.079681
4 0.541086 0.235060 0.055279 0.087649
4 0.795817 0.032869 0.059761 0.065737
4 0.370767 0.369522 0.082171 0.057769
4 0.242281 0.434263 0.061255 0.075697
4 0.960906 0.493028 0.067231 0.061753
4 0.959412 0.425299 0.055279 0.061753
4 0.683018 0.352590 0.049303 0.059761
4 0.770418 0.478088 0.053785 0.067729
4 0.943725 0.605578 0.056773 0.075697
4 0.707669 0.507968 0.053785 0.079681
4 0.557520 0.408367 0.064243 0.055777
4 0.609064 0.451195 0.047809 0.077689
4 0.718875 0.691235 0.058267 0.079681
4 0.755478 0.874502 0.059761 0.067729
4 0.888446 0.748008 0.056773 0.065737
4 0.592629 0.102590 0.047809 0.069721
4 0.565737 0.052789 0.047809 0.077689
4 0.601594 0.034861 0.050797 0.069721
4 0.674801 0.068725 0.059761 0.085657
4 0.733068 0.056773 0.056773 0.077689
4 0.776394 0.078685 0.044821 0.065737
4 0.630727 0.099602 0.037351 0.087649
4 0.626992 0.278884 0.062749 0.091633
4 0.908616 0.268924 0.058267 0.043825
4 0.898904 0.433267 0.071713 0.097610
4 0.844373 0.712151 0.040339 0.069721
4 0.432022 0.778884 0.058267 0.095618
4 0.071215 0.413347 0.050797 0.073705
4 0.296813 0.139442 0.056773 0.075697
4 0.275896 0.223108 0.053785 0.095618
4 0.408118 0.666335 0.046315 0.081673
4 0.417829 0.580677 0.056773 0.049801
4 0.512699 0.561753 0.091135 0.099602
4 0.716633 0.388446 0.056773 0.067729
4 0.671066 0.430279 0.073207 0.071713
4 0.845867 0.835657 0.061255 0.069721
4 0.813745 0.885458 0.047809 0.085657
4 0.963147 0.971116 0.050797 0.057768
4 0.816733 0.956175 0.068725 0.063745
4 0.503735 0.728088 0.067231 0.061753
4 0.535857 0.756972 0.059761 0.063745
4 0.592629 0.685259 0.065737 0.075697
4 0.285608 0.801793 0.064243 0.077689
4 0.324452 0.762948 0.052291 0.059761
4 0.310259 0.652390 0.056773 0.061753
4 0.022908 0.726096 0.045816 0.093625
4 0.378984 0.899402 0.068725 0.073705
4 0.422311 0.949203 0.068725 0.073705
4 0.462649 0.962151 0.056773 0.075697
4 0.363297 0.967131 0.067231 0.065737
4 0.044323 0.876494 0.056773 0.075697
4 0.217629 0.620518 0.050797 0.057769
4 0.254233 0.722112 0.067231 0.065737
4 0.164592 0.766932 0.064243 0.059761
4 0.154133 0.837649 0.043327 0.077689
4 0.600847 0.224104 0.049303 0.077689
4 0.534363 0.362550 0.074701 0.063745
4 0.751743 0.535857 0.061255 0.063745
4 0.660608 0.590637 0.058267 0.061753
4 0.821215 0.609562 0.047809 0.059761
4 0.804781 0.653386 0.065737 0.051793
4 0.849602 0.513944 0.041833 0.047809
4 0.574701 0.929283 0.065737 0.065737
4 0.106325 0.962151 0.046315 0.075697
4 0.180279 0.953187 0.059761 0.065737
4 0.209412 0.946215 0.049303 0.039841
4 0.368526 0.034861 0.047809 0.069721
4 0.977839 0.697211 0.044322 0.063745
4 0.377490 0.603586 0.062749 0.059761
4 0.378237 0.655378 0.046315 0.095618
4 0.263197 0.644422 0.052291 0.077689
4 0.186255 0.676295 0.056773 0.069721
4 0.196713 0.038845 0.065737 0.061753
4 0.130976 0.022908 0.026892 0.045816
4 0.025896 0.134462 0.051792 0.073705
4 0.232570 0.277888 0.068725 0.053785
4 0.238546 0.329681 0.056773 0.061753
4 0.128735 0.360558 0.070219 0.067729
4 0.166086 0.408367 0.058267 0.067729
4 0.195966 0.338645 0.067231 0.075697
4 0.387201 0.814741 0.067231 0.063745
4 0.834661 0.269920 0.062749 0.081673
4 0.043576 0.324701 0.076195 0.039841
3 0.687500 0.623506 0.052291 0.075697
3 0.791335 0.571713 0.062749 0.059761
3 0.901892 0.594622 0.050797 0.113546
3 0.858566 0.581673 0.047809 0.135458
3 0.662102 0.184263 0.055279 0.077689
3 0.526892 0.918327 0.065737 0.091633
3 0.235558 0.839641 0.068725 0.053785
3 0.261703 0.925299 0.064243 0.057769
3 0.190737 0.531873 0.071713 0.059761
0 0.126494 0.606574 0.056773 0.065737
0 0.042082 0.271912 0.058267 0.061753
0 0.243775 0.187251 0.058267 0.071713
0 0.265438 0.097610 0.032869 0.063745
3 0.942231 0.676295 0.083665 0.077689
4 0.948207 0.811753 0.035857 0.049801
4 0.916833 0.959163 0.044821 0.061753
3 0.929532 0.847610 0.064243 0.065737