0 0.375996 0.946215 0.059761 0.083665
0 0.708416 0.505976 0.070219 0.067729
0 0.165339 0.363546 0.071713 0.077689
0 0.639691 0.633466 0.055279 0.071713
0 0.966135 0.919323 0.056773 0.053785
0 0.632968 0.902390 0.062749 0.055777
0 0.688247 0.967131 0.062749 0.065737
0 0.821215 0.589641 0.062749 0.067729
0 0.925050 0.413347 0.049303 0.069721
0 0.951942 0.315737 0.040339 0.081673
0 0.717380 0.301793 0.061255 0.081673
0 0.317729 0.291833 0.050797 0.061753
0 0.933267 0.613546 0.089641 0.067729
0 0.408118 0.708167 0.064243 0.057769
0 0.078685 0.752988 0.047809 0.075697
0 0.075697 0.808765 0.056773 0.063745
0 0.912351 0.257968 0.047809 0.057769
1 0.904133 0.337649 0.049303 0.117530
1 0.529133 0.472112 0.046315 0.099602
2 0.597859 0.454183 0.094124 0.071713
2 0.616534 0.107570 0.068725 0.083665
4 0.268426 0.052789 0.068725 0.053785
4 0.583665 0.654382 0.053785 0.069721
4 0.406624 0.436255 0.076195 0.067729
4 0.496265 0.074701 0.049303 0.065737
4 0.412600 0.081673 0.058267 0.067729
4 0.768177 0.138446 0.055279 0.061753
4 0.920568 0.131474 0.061255 0.075697
4 0.862301 0.412351 0.052291 0.063745
4 0.721116 0.155378 0.056773 0.083665
4 0.125747 0.026892 0.070219 0.053784
4 0.125747 0.188247 0.052291 0.061753
0 0.288596 0.789841 0.079183 0.065737
0 0.535110 0.268924 0.079183 0.075697
4 0.812251 0.025896 0.077689 0.051792
0 0.306524 0.190239 0.043327 0.065737
4 0.260956 0.121514 0.065737 0.063745
4 0.213894 0.091633 0.058267 0.059761
0 0.648655 0.215139 0.040339 0.071713
0 0.625498 0.175299 0.056773 0.063745
0 0.808516 0.365538 0.049303 0.057769
4 0.965388 0.193227 0.058267 0.063745
0 0.840637 0.120518 0.056773 0.049801
0 0.291584 0.788845 0.085159 0.071713
0 0.394671 0.883466 0.061255 0.053785
4 0.496265 0.587649 0.082171 0.083665
4 0.848108 0.739044 0.080677 0.067729
4 0.208665 0.581673 0.068725 0.047809
4 0.344622 0.385458 0.062749 0.073705
4 0.376743 0.142430 0.049303 0.077689
4 0.467131 0.341633 0.080677 0.069721
4 0.045070 0.109562 0.073207 0.067729
4 0.086902 0.143426 0.055279 0.071713
4 0.238546 0.434263 0.062749 0.063745
4 0.496265 0.865538 0.064243 0.053785
4 0.951942 0.763944 0.058267 0.053785
4 0.671066 0.608566 0.040339 0.045817
3 0.228835 0.165339 0.046315 0.083665
3 0.783118 0.552789 0.070219 0.073705
1 0.940737 0.860558 0.077689 0.039841
3 0.311753 0.959163 0.047809 0.081673
3 0.758466 0.752988 0.059761 0.047809
3 0.794323 0.405378 0.041833 0.065737
1 0.061504 0.323705 0.046315 0.081673
1 0.551544 0.791833 0.061255 0.081673
4 0.895916 0.512948 0.029880 0.089641
4 0.818974 0.809761 0.058267 0.057769
4 0.815239 0.851594 0.047809 0.041833
4 0.827938 0.905378 0.052291 0.057769
4 0.801046 0.922311 0.079183 0.079681
4 0.827191 0.974104 0.062749 0.031873
4 0.889940 0.910359 0.050797 0.055777
4 0.868277 0.870518 0.025398 0.059761
4 0.215388 0.532869 0.055279 0.069721
4 0.098855 0.384462 0.055279 0.027888
4 0.077191 0.418327 0.056773 0.059761
4 0.143675 0.585657 0.049303 0.059761
4 0.465637 0.269920 0.047809 0.053785
4 0.388695 0.280876 0.040339 0.039841
4 0.485807 0.181275 0.067231 0.051793
4 0.597859 0.041833 0.049303 0.051793
4 0.571713 0.040837 0.044821 0.057769
4 0.697211 0.387450 0.059761 0.065737
4 0.617281 0.327689 0.052291 0.065737
4 0.612799 0.259960 0.067231 0.069721
4 0.579183 0.348606 0.032869 0.063745
4 0.774900 0.319721 0.050797 0.069721
4 0.721116 0.228088 0.062749 0.053785
4 0.761454 0.260956 0.053785 0.059761
1 0.809263 0.181275 0.047809 0.051793
0 0.281125 0.470120 0.064243 0.067729
0 0.770418 0.681275 0.059761 0.063745
0 0.638197 0.557769 0.058267 0.059761
0 0.443227 0.622510 0.071713 0.085657
0 0.651643 0.698207 0.076195 0.053785
0 0.684512 0.740040 0.079183 0.057769
0 0.184761 0.731076 0.071713 0.067729
0 0.116783 0.859562 0.040339 0.061753
0 0.484313 0.966135 0.046315 0.067729
0 0.066733 0.697211 0.074701 0.067729
0 0.162351 0.483068 0.047809 0.041833
0 0.931773 0.509960 0.047809 0.087649
0 0.882470 0.687251 0.065737 0.055777
0 0.231076 0.386454 0.065737 0.075697
0 0.297560 0.403386 0.052291 0.077689
4 0.036853 0.238048 0.056773 0.049801
0 0.279631 0.295817 0.073207 0.041833