0 0.312500 0.232072 0.073207 0.061753
0 0.693476 0.056773 0.070219 0.081673
0 0.563496 0.072709 0.046315 0.057769
0 0.524651 0.028884 0.046315 0.057768
0 0.211653 0.401394 0.059761 0.073705
0 0.184014 0.610558 0.088147 0.065737
0 0.875000 0.876494 0.062749 0.059761
0 0.663596 0.733068 0.055279 0.067729
0 0.690488 0.879482 0.046315 0.061753
0 0.329681 0.294821 0.059761 0.055777
0 0.299801 0.056773 0.056773 0.081673
0 0.083914 0.117530 0.049303 0.083665
0 0.394671 0.942231 0.052291 0.071713
0 0.790588 0.708167 0.037351 0.057769
0 0.815986 0.097610 0.046315 0.075697
0 0.488048 0.080677 0.062749 0.061753
0 0.355827 0.854582 0.061255 0.075697
0 0.260209 0.791833 0.043327 0.057769
0 0.927291 0.917331 0.059761 0.061753
0 0.576942 0.518924 0.067231 0.045817
0 0.889940 0.506972 0.053785 0.093625
0 0.930279 0.218127 0.044821 0.065737
0 0.207171 0.271912 0.062749 0.081673
0 0.839143 0.669323 0.050797 0.051793
0 0.831673 0.751992 0.041833 0.069721
0 0.706175 0.227092 0.059761 0.071713
0 0.808516 0.235060 0.085159 0.059761
0 0.938496 0.108566 0.052291 0.073705
0 0.470120 0.131474 0.053785 0.067729
0 0.040588 0.094622 0.061255 0.065737
0 0.924303 0.858566 0.041833 0.047809
0 0.428287 0.973108 0.047809 0.053784
0 0.561255 0.674303 0.038845 0.057769
0 0.672560 0.439243 0.046315 0.073705
0 0.694223 0.303785 0.059761 0.065737
0 0.346116 0.638446 0.038845 0.061753
0 0.033118 0.305777 0.058267 0.057769
0 0.479831 0.963147 0.058267 0.073705
0 0.036853 0.867530 0.047809 0.053785
0 0.041335 0.433267 0.056773 0.089641
0 0.426793 0.688247 0.071713 0.081673
4 0.554532 0.172311 0.058267 0.073705
4 0.370020 0.461155 0.056773 0.093625
4 0.419323 0.261952 0.050797 0.081673
4 0.123506 0.248008 0.053785 0.073705
4 0.076444 0.196215 0.064243 0.049801
4 0.126494 0.079681 0.056773 0.059761
4 0.745020 0.653386 0.050797 0.063745
4 0.865289 0.617530 0.055279 0.075697
4 0.739044 0.910359 0.053785 0.043825
4 0.875747 0.809761 0.046315 0.069721
4 0.926544 0.755976 0.043327 0.061753
4 0.966882 0.768924 0.034363 0.071713
4 0.892181 0.734064 0.037351 0.069721
4 0.721863 0.790837 0.031375 0.075697
4 0.615787 0.957171 0.046315 0.045817
4 0.657620 0.951195 0.043327 0.065737
4 0.351345 0.761952 0.058267 0.081673
4 0.535110 0.227092 0.052291 0.087649
4 0.172809 0.458167 0.038845 0.087649
4 0.278137 0.510956 0.040339 0.089641
4 0.317729 0.442231 0.047809 0.047809
4 0.245269 0.562749 0.037351 0.065737
4 0.179532 0.699203 0.055279 0.059761
4 0.180279 0.793825 0.062749 0.109562
4 0.234811 0.947211 0.031375 0.081673
4 0.304283 0.896414 0.035857 0.055777
4 0.251245 0.880478 0.043327 0.055777
4 0.314741 0.979084 0.050797 0.041832
4 0.278884 0.979084 0.032869 0.041832
4 0.479831 0.784861 0.061255 0.051793
4 0.538098 0.366534 0.052291 0.039841
4 0.784612 0.300797 0.037351 0.055777
4 0.810010 0.458167 0.058267 0.055777
4 0.766683 0.502988 0.052291 0.045817
4 0.737550 0.406375 0.065737 0.103586
4 0.607570 0.317729 0.041833 0.065737
4 0.618028 0.578685 0.044821 0.061753
4 0.552291 0.609562 0.050797 0.075697
4 0.626992 0.520916 0.047809 0.049801
4 0.414841 0.545817 0.059761 0.079681
4 0.439492 0.499004 0.049303 0.057769
4 0.461155 0.466135 0.047809 0.071713
4 0.615787 0.704183 0.034363 0.077689
4 0.528386 0.749004 0.032869 0.091633
4 0.555279 0.747012 0.017928 0.055777
4 0.508217 0.685259 0.049303 0.079681
4 0.406624 0.086653 0.058267 0.057769
4 0.632968 0.092629 0.047809 0.093625
4 0.802540 0.173307 0.064243 0.059761
4 0.805528 0.912351 0.061255 0.075697
4 0.413347 0.845618 0.053785 0.069721
4 0.453685 0.839641 0.029880 0.073705
4 0.121265 0.870518 0.055279 0.099602
4 0.136952 0.789841 0.050797 0.057769
3 0.607570 0.454183 0.053785 0.091633
3 0.514940 0.314741 0.080677 0.039841
3 0.420070 0.772908 0.070219 0.063745
3 0.319970 0.358566 0.055279 0.067729
3 0.665090 0.334661 0.073207 0.059761
3 0.629233 0.370518 0.061255 0.071713
4 0.379731 0.647410 0.040339 0.115538
1 0.054781 0.250000 0.071713 0.069721
0 0.068974 0.771912 0.046315 0.069721
0 0.066733 0.834661 0.071713 0.055777
4 0.143675 0.023904 0.067231 0.047808
4 0.216882 0.052789 0.052291 0.089641