0 0.570966 0.316733 0.064243 0.075697
0 0.605329 0.276892 0.046315 0.071713
0 0.669572 0.219124 0.049303 0.059761
0 0.710657 0.091633 0.047809 0.055777
0 0.778635 0.617530 0.055279 0.071713
0 0.831673 0.842629 0.044821 0.063745
0 0.196713 0.177291 0.053785 0.063745
0 0.412600 0.865538 0.046315 0.077689
0 0.662849 0.963147 0.047809 0.065737
0 0.488048 0.394422 0.047809 0.075697
0 0.055528 0.729084 0.061255 0.075697
0 0.452191 0.106574 0.044821 0.045817
0 0.584412 0.958167 0.052291 0.067729
0 0.532122 0.814741 0.055279 0.083665
0 0.674054 0.658367 0.040339 0.073705
0 0.367032 0.278884 0.059761 0.075697
0 0.305030 0.126494 0.049303 0.069721
0 0.408865 0.056773 0.053785 0.045817
0 0.787600 0.312749 0.049303 0.099602
0 0.806275 0.778884 0.056773 0.039841
0 0.548556 0.237052 0.055279 0.039841
4 0.387201 0.373506 0.055279 0.073705
4 0.125000 0.027888 0.059761 0.055776
4 0.452191 0.601594 0.071713 0.055777
4 0.597859 0.388446 0.061255 0.071713
4 0.526145 0.160359 0.046315 0.117530
3 0.732321 0.312749 0.052291 0.083665
3 0.832420 0.240040 0.082171 0.045817
4 0.488795 0.022908 0.019422 0.045816
3 0.228835 0.141434 0.031375 0.091633
3 0.208665 0.597610 0.047809 0.083665
3 0.536604 0.547809 0.091135 0.055777
1 0.092878 0.152390 0.037351 0.085657
1 0.133964 0.212151 0.083665 0.041833
1 0.500747 0.751992 0.064243 0.061753
1 0.892181 0.253984 0.040339 0.085657
1 0.494024 0.160359 0.050797 0.125498
0 0.333416 0.842629 0.055279 0.075697
0 0.934761 0.488048 0.041833 0.075697
4 0.810757 0.480080 0.062749 0.071713
4 0.685259 0.298805 0.050797 0.055777
4 0.876494 0.058765 0.062749 0.061753
4 0.163845 0.111554 0.077689 0.059761
4 0.033118 0.045817 0.064243 0.075697
4 0.019920 0.247012 0.039840 0.067729
4 0.031624 0.472112 0.049303 0.075697
4 0.344622 0.674303 0.050797 0.085657
4 0.829432 0.728088 0.064243 0.077689
4 0.951195 0.742032 0.050797 0.073705
4 0.860060 0.875498 0.044821 0.069721
4 0.657620 0.818725 0.073207 0.063745
4 0.606076 0.825697 0.038845 0.073705
4 0.724851 0.378486 0.040339 0.079681
4 0.467131 0.289841 0.077689 0.081673
4 0.358815 0.109562 0.043327 0.079681
4 0.293825 0.054781 0.059761 0.049801
4 0.308018 0.261952 0.055279 0.049801
4 0.318476 0.192231 0.058267 0.053785
4 0.150398 0.305777 0.044821 0.069721
4 0.478337 0.973108 0.040339 0.053784
4 0.280378 0.945219 0.041833 0.065737
1 0.336404 0.948207 0.058267 0.071713
3 0.163845 0.514940 0.068725 0.069721
0 0.119024 0.824701 0.056773 0.075697
0 0.175050 0.745020 0.055279 0.075697
0 0.831673 0.208167 0.050797 0.057769
0 0.680030 0.902390 0.055279 0.059761
0 0.704681 0.954183 0.029880 0.051793
0 0.774153 0.837649 0.049303 0.053785
0 0.294572 0.704183 0.049303 0.077689
0 0.231076 0.646414 0.053785 0.065737
0 0.022908 0.679283 0.045816 0.083665
0 0.269920 0.157371 0.038845 0.087649
3 0.514193 0.082669 0.067231 0.021912
3 0.597112 0.068725 0.065737 0.041833
4 0.743526 0.203187 0.062749 0.051793
4 0.617281 0.557769 0.058267 0.051793
4 0.612799 0.612550 0.073207 0.049801
4 0.647908 0.714143 0.038845 0.065737
4 0.748008 0.696215 0.074701 0.073705
4 0.328187 0.456175 0.041833 0.083665
4 0.229582 0.283865 0.047809 0.069721
4 0.137699 0.261952 0.067231 0.045817
4 0.027888 0.585657 0.053785 0.055777
4 0.019173 0.797809 0.038346 0.077689
4 0.148904 0.953187 0.044821 0.053785
4 0.470867 0.831673 0.055279 0.057769
4 0.421564 0.659363 0.058267 0.071713
2 0.516434 0.602590 0.053785 0.065737
4 0.934761 0.566733 0.032869 0.069721
4 0.943725 0.906375 0.077689 0.055777
4 0.777141 0.962151 0.052291 0.059761
4 0.950448 0.323705 0.037351 0.061753
4 0.895916 0.349602 0.056773 0.049801
4 0.960159 0.224104 0.059761 0.109562
4 0.975847 0.140438 0.040339 0.057769
4 0.867530 0.471116 0.059761 0.041833
4 0.803287 0.421315 0.056773 0.069721
4 0.977341 0.533865 0.043327 0.063745