0 0.416335 0.236056 0.056773 0.077689
0 0.266932 0.313745 0.035857 0.081673
0 0.733815 0.931275 0.061255 0.081673
0 0.857819 0.753984 0.052291 0.077689
0 0.702440 0.650398 0.043327 0.053785
0 0.680777 0.554781 0.041833 0.053785
0 0.401394 0.810757 0.053785 0.063745
0 0.349104 0.696215 0.050797 0.073705
0 0.364044 0.593625 0.050797 0.063745
0 0.307271 0.604582 0.050797 0.065737
0 0.282620 0.660359 0.040339 0.057769
0 0.505229 0.171315 0.055279 0.059761
0 0.747261 0.684263 0.052291 0.065737
0 0.419323 0.931275 0.047809 0.069721
0 0.150398 0.344622 0.062749 0.067729
0 0.548556 0.233068 0.058267 0.051793
0 0.593376 0.278884 0.046315 0.071713
0 0.184761 0.014940 0.086653 0.009960
0 0.813745 0.184263 0.056773 0.089641
0 0.470120 0.513944 0.071713 0.087649
0 0.751743 0.410359 0.061255 0.079681
0 0.690488 0.774900 0.055279 0.071713
0 0.313247 0.321713 0.041833 0.049801
0 0.754731 0.110558 0.037351 0.049801
2 0.272161 0.568725 0.058267 0.065737
2 0.960159 0.616534 0.056773 0.057769
2 0.861554 0.217131 0.074701 0.063745
3 0.449203 0.187251 0.038845 0.087649
3 0.798805 0.729084 0.071713 0.063745
3 0.499253 0.761952 0.037351 0.085657
3 0.493277 0.708167 0.049303 0.049801
3 0.505229 0.359562 0.070219 0.061753
1 0.922062 0.500996 0.058267 0.081673
0 0.302042 0.827689 0.070219 0.077689
0 0.816733 0.279880 0.074701 0.053785
0 0.176544 0.857570 0.055279 0.065737
0 0.459661 0.873506 0.047809 0.061753
0 0.656125 0.848606 0.049303 0.055777
0 0.517181 0.115538 0.064243 0.059761
4 0.406624 0.413347 0.055279 0.065737
4 0.355080 0.395418 0.047809 0.101594
4 0.110060 0.207171 0.059761 0.055777
4 0.102590 0.369522 0.050797 0.065737
4 0.203436 0.663347 0.052291 0.099602
4 0.160110 0.649402 0.046315 0.063745
4 0.889940 0.792829 0.032869 0.063745
4 0.675548 0.136454 0.052291 0.089641
4 0.619522 0.081673 0.068725 0.059761
4 0.597112 0.172311 0.044821 0.053785
4 0.528386 0.551793 0.047809 0.087649
4 0.558267 0.606574 0.059761 0.057769
4 0.632221 0.648406 0.046315 0.045817
4 0.440986 0.661355 0.076195 0.091633
4 0.582918 0.978088 0.088147 0.043824
4 0.531375 0.886454 0.065737 0.059761
4 0.130229 0.488048 0.070219 0.075697
4 0.296813 0.115538 0.062749 0.043825
4 0.340139 0.175299 0.059761 0.051793
4 0.405876 0.024900 0.044821 0.049800
4 0.108566 0.117530 0.071713 0.067729
4 0.240040 0.094622 0.032869 0.077689
4 0.022908 0.829681 0.045816 0.069721
4 0.605329 0.378486 0.040339 0.059761
4 0.492530 0.301793 0.041833 0.045817
4 0.510458 0.256972 0.047809 0.067729
4 0.729333 0.223108 0.043327 0.067729
4 0.842878 0.416335 0.055279 0.071713
4 0.950448 0.730080 0.070219 0.033865
4 0.845867 0.617530 0.046315 0.043825
4 0.972112 0.440239 0.053785 0.083665
4 0.910857 0.121514 0.047809 0.059761
4 0.802540 0.086653 0.079183 0.073705
4 0.774900 0.028884 0.083665 0.057768
4 0.934761 0.054781 0.068725 0.057769
4 0.943725 0.094622 0.032869 0.049801
4 0.344622 0.070717 0.065737 0.037849
4 0.311006 0.025896 0.061255 0.051792
4 0.109313 0.030876 0.037351 0.061752
1 0.071962 0.772908 0.040339 0.083665
3 0.579183 0.703187 0.065737 0.039841
1 0.632221 0.497012 0.064243 0.057769
4 0.631474 0.554781 0.044821 0.069721
4 0.646414 0.378486 0.038845 0.075697
4 0.656125 0.335657 0.055279 0.065737
4 0.891434 0.610558 0.032869 0.093625
4 0.768177 0.346614 0.049303 0.067729
1 0.951195 0.256972 0.041833 0.051793
1 0.689741 0.263944 0.065737 0.037849
4 0.694223 0.221116 0.041833 0.079681
4 0.366285 0.950199 0.061255 0.055777
4 0.049552 0.371514 0.058267 0.077689
4 0.019173 0.220120 0.038346 0.085657
4 0.116783 0.850598 0.040339 0.071713
4 0.177291 0.975100 0.050797 0.049800
4 0.295319 0.981076 0.065737 0.037848
4 0.202689 0.918327 0.080677 0.055777
3 0.089890 0.827689 0.046315 0.097610
0 0.908616 0.906375 0.055279 0.051793
4 0.822709 0.353586 0.053785 0.057769
1 0.663596 0.024900 0.055279 0.049800
4 0.228835 0.544821 0.055279 0.049801
4 0.071215 0.665339 0.074701 0.079681
4 0.097361 0.617530 0.052291 0.067729
4 0.527639 0.060757 0.040339 0.085657
4 0.337151 0.294821 0.044821 0.055777
4 0.339392 0.250000 0.046315 0.065737
4 0.880976 0.516932 0.038845 0.089641
4 0.960906 0.972112 0.073207 0.055776
4 0.033865 0.927291 0.062749 0.065737
4 0.141434 0.972112 0.071713 0.055776