0 0.075281 0.113483 0.074157 0.083146
0 0.258146 0.740449 0.058989 0.074157
0 0.338202 0.669663 0.057303 0.067416
0 0.350000 0.786517 0.084270 0.080899
0 0.404775 0.816854 0.065730 0.065169
0 0.258989 0.561798 0.047191 0.076404
0 0.089607 0.338202 0.055618 0.060674
0 0.310393 0.267416 0.065730 0.067416
0 0.291011 0.330337 0.043820 0.067416
0 0.328933 0.352809 0.042135 0.062921
0 0.379494 0.248315 0.045506 0.056180
0 0.473876 0.107865 0.052247 0.071910
0 0.282584 0.070787 0.057303 0.065169
0 0.423315 0.226966 0.045506 0.062921
0 0.655899 0.262921 0.045506 0.058427
0 0.303652 0.521348 0.045506 0.080899
0 0.372753 0.553933 0.058989 0.056180
0 0.394663 0.594382 0.045506 0.065169
0 0.436798 0.582022 0.048876 0.067416
0 0.415730 0.459551 0.047191 0.047191
0 0.105618 0.869663 0.053933 0.071910
0 0.031461 0.908989 0.050562 0.069663
0 0.605337 0.651685 0.065730 0.049438
0 0.746910 0.284270 0.045506 0.078652
0 0.633989 0.030337 0.048876 0.060674
0 0.907022 0.310112 0.055618 0.071910
0 0.473034 0.211236 0.047191 0.062921
0 0.260674 0.157303 0.060674 0.080899
0 0.257303 0.668539 0.070787 0.065169
0 0.221910 0.670787 0.064045 0.056180
0 0.719101 0.842697 0.050562 0.053933
0 0.606180 0.724719 0.060674 0.056180
0 0.829494 0.964045 0.058989 0.062921
0 0.060955 0.958427 0.045506 0.078652
0 0.623876 0.500000 0.045506 0.060674
4 0.565730 0.602247 0.070787 0.067416
0 0.557303 0.383146 0.053933 0.056180
4 0.773876 0.726966 0.045506 0.056180
4 0.467978 0.661798 0.050562 0.065169
4 0.103090 0.783146 0.082584 0.065169
4 0.107303 0.574157 0.067416 0.078652
4 0.183146 0.369663 0.060674 0.074157
4 0.141011 0.284270 0.043820 0.056180
4 0.644944 0.171910 0.053933 0.051685
4 0.692978 0.116854 0.048876 0.062921
4 0.910393 0.622472 0.062360 0.107865
4 0.746910 0.889888 0.045506 0.071910
4 0.862360 0.920225 0.040449 0.065169
4 0.953371 0.743820 0.050562 0.053933
4 0.781461 0.559551 0.070787 0.071910
4 0.569101 0.460674 0.050562 0.053933
4 0.354213 0.159551 0.042135 0.058427
4 0.421629 0.159551 0.048876 0.049438
4 0.166292 0.032584 0.060674 0.056180
4 0.146067 0.085393 0.050562 0.071910
4 0.036798 0.025843 0.073596 0.051685
0 0.492416 0.037079 0.062360 0.060674
0 0.926404 0.378652 0.053933 0.078652
0 0.937360 0.965169 0.075843 0.069662
0 0.800000 0.430337 0.047191 0.056180
4 0.183146 0.210112 0.060674 0.092135
4 0.087921 0.424719 0.038764 0.071910
4 0.040730 0.591011 0.062360 0.058427
4 0.035674 0.675281 0.042135 0.078652
4 0.024719 0.784270 0.040449 0.067416
4 0.371910 0.388764 0.040449 0.076404
1 0.608708 0.269663 0.072472 0.049438
1 0.742697 0.383146 0.040449 0.101124
1 0.489888 0.743820 0.040449 0.085393
1 0.830337 0.898876 0.047191 0.049438
4 0.689607 0.612360 0.058989 0.060674
4 0.874157 0.478652 0.040449 0.080899
4 0.873315 0.401124 0.045506 0.051685
4 0.659270 0.337079 0.025281 0.085393
4 0.689607 0.283146 0.038764 0.085393
4 0.771348 0.197753 0.057303 0.089888
4 0.757022 0.121348 0.069101 0.062921
4 0.648315 0.913483 0.043820 0.038202
4 0.194944 0.907865 0.053933 0.058427
4 0.479775 0.967416 0.064045 0.065168
4 0.676966 0.528090 0.064045 0.058427
4 0.979494 0.349438 0.035393 0.119101
4 0.114888 0.962921 0.032022 0.074157