0 0.141854 0.489888 0.058989 0.071910
0 0.198315 0.331461 0.043820 0.056180
0 0.381180 0.462921 0.062360 0.062921
0 0.521910 0.310112 0.060674 0.089888
0 0.565730 0.578652 0.047191 0.074157
0 0.240449 0.816854 0.050562 0.087640
0 0.843820 0.158427 0.057303 0.060674
0 0.084551 0.083146 0.058989 0.071910
0 0.377809 0.028090 0.052247 0.056180
0 0.934831 0.173034 0.050562 0.067416
0 0.971910 0.152809 0.037079 0.071910
0 0.845506 0.053933 0.053933 0.058427
1 0.852247 0.537079 0.033708 0.121348
3 0.055056 0.371910 0.033708 0.137079
3 0.579213 0.391011 0.053933 0.089888
4 0.578371 0.220225 0.048876 0.080899
4 0.625562 0.171910 0.058989 0.078652
3 0.356742 0.229213 0.050562 0.076404
4 0.355899 0.097753 0.055618 0.087640
4 0.780618 0.611236 0.058989 0.076404
4 0.398876 0.595506 0.070787 0.058427
4 0.472191 0.526966 0.038764 0.101124
4 0.690449 0.134831 0.053933 0.071910
4 0.733427 0.140449 0.035393 0.056180
4 0.743539 0.432584 0.032022 0.078652
4 0.666854 0.489888 0.040449 0.053933
4 0.666011 0.640449 0.048876 0.094382
4 0.963202 0.655056 0.073596 0.074157
4 0.795787 0.756180 0.079213 0.074157
4 0.837921 0.665169 0.055618 0.071910
4 0.650843 0.851685 0.045506 0.058427
4 0.311236 0.668539 0.057303 0.074157
4 0.186517 0.629213 0.047191 0.071910
4 0.048315 0.729213 0.053933 0.042697
4 0.014045 0.907865 0.028090 0.067416
4 0.456180 0.871910 0.064045 0.044944
4 0.771348 0.526966 0.053933 0.051685
4 0.894382 0.840449 0.037079 0.125843
4 0.784831 0.897753 0.043820 0.065169
4 0.971910 0.837079 0.040449 0.056180
4 0.939888 0.952809 0.043820 0.062921
4 0.895225 0.937079 0.028652 0.058427
4 0.708989 0.583146 0.037079 0.065169
4 0.213483 0.494382 0.043820 0.067416
4 0.203371 0.700000 0.040449 0.078652
4 0.404775 0.940449 0.038764 0.074157
4 0.383708 0.919101 0.040449 0.076404
4 0.252247 0.711236 0.037079 0.083146
4 0.407303 0.656180 0.053933 0.085393
4 0.378652 0.742697 0.040449 0.074157
4 0.342416 0.784270 0.035393 0.080899
4 0.299438 0.807865 0.050562 0.083146
4 0.349157 0.862921 0.052247 0.076404
4 0.597753 0.677528 0.047191 0.051685
4 0.678652 0.793258 0.040449 0.080899
4 0.577528 0.749438 0.050562 0.087640
4 0.435112 0.770787 0.025281 0.085393
4 0.543820 0.780899 0.047191 0.065169
4 0.642416 0.746067 0.052247 0.053933
4 0.442697 0.302247 0.030337 0.051685
2 0.781461 0.168539 0.033708 0.067416
4 0.526124 0.965169 0.052247 0.069662
1 0.462079 0.964045 0.075843 0.058427
4 0.569101 0.919101 0.053933 0.053933
4 0.081180 0.888764 0.032022 0.092135
0 0.285112 0.320225 0.035393 0.065169
0 0.371067 0.347191 0.045506 0.074157
0 0.427528 0.153933 0.043820 0.069663
0 0.495787 0.123596 0.048876 0.058427
0 0.431742 0.106742 0.032022 0.042697
0 0.259831 0.293258 0.048876 0.060674
1 0.906180 0.742697 0.047191 0.074157
1 0.944101 0.830337 0.045506 0.132584
4 0.133427 0.803371 0.072472 0.047191
4 0.047472 0.797753 0.069101 0.071910
4 0.126685 0.860674 0.042135 0.067416
4 0.119101 0.913483 0.040449 0.060674
4 0.092978 0.978652 0.055618 0.042696
4 0.602809 0.353933 0.053933 0.056180
4 0.537921 0.079775 0.032022 0.051685
4 0.501685 0.062921 0.043820 0.044944
4 0.546348 0.022472 0.045506 0.044944
4 0.687079 0.070787 0.016854 0.069663