0 0.280899 0.259551 0.050562 0.074157
0 0.376124 0.202247 0.045506 0.067416
0 0.455337 0.319101 0.038764 0.058427
0 0.614607 0.459551 0.050562 0.051685
0 0.546348 0.706742 0.062360 0.060674
0 0.700562 0.814607 0.060674 0.060674
0 0.871629 0.800000 0.052247 0.098876
0 0.200843 0.729213 0.065730 0.065169
0 0.133427 0.315730 0.058989 0.065169
0 0.177247 0.329213 0.045506 0.047191
0 0.392978 0.140449 0.069101 0.060674
0 0.628090 0.168539 0.033708 0.053933
0 0.413202 0.268539 0.055618 0.060674
0 0.378652 0.303371 0.043820 0.058427
0 0.157022 0.617978 0.055618 0.062921
0 0.124157 0.678652 0.053933 0.062921
0 0.209270 0.616854 0.042135 0.065169
0 0.237921 0.842697 0.058989 0.062921
0 0.137640 0.840449 0.064045 0.058427
0 0.251404 0.956180 0.058989 0.065169
0 0.572472 0.975281 0.077528 0.049438
0 0.528652 0.615730 0.043820 0.076404
0 0.379494 0.587640 0.048876 0.060674
0 0.690449 0.337079 0.070787 0.058427
0 0.679494 0.237079 0.052247 0.069663
2 0.118258 0.576404 0.058989 0.060674
2 0.730899 0.276404 0.077528 0.058427
0 0.594382 0.735955 0.057303 0.056180
0 0.929775 0.608989 0.050562 0.062921
0 0.496629 0.901124 0.053933 0.076404
0 0.957584 0.194382 0.062360 0.060674
0 0.891854 0.925843 0.052247 0.062921
0 0.525281 0.830337 0.050562 0.065169
0 0.478090 0.693258 0.043820 0.047191
1 0.539607 0.066292 0.062360 0.083146
1 0.940730 0.138202 0.082584 0.047191
1 0.775562 0.568539 0.062360 0.058427
1 0.334831 0.800000 0.030337 0.067416
3 0.363483 0.396629 0.057303 0.078652
3 0.648315 0.797753 0.060674 0.098876
1 0.877528 0.731461 0.047191 0.078652
4 0.795787 0.805618 0.079213 0.051685
4 0.487360 0.130337 0.065730 0.071910
4 0.013202 0.653933 0.026404 0.076404
4 0.115730 0.769663 0.057303 0.056180
4 0.056742 0.664045 0.037079 0.065169
4 0.086236 0.703371 0.038764 0.071910
4 0.846348 0.026966 0.079213 0.044944
4 0.947472 0.042697 0.065730 0.071910
4 0.821910 0.077528 0.064045 0.051685
4 0.814326 0.151685 0.058989 0.065169
4 0.904494 0.206742 0.057303 0.062921
4 0.884270 0.179775 0.040449 0.053933
4 0.807584 0.252809 0.038764 0.065169
4 0.796629 0.206742 0.067416 0.049438
4 0.690449 0.155056 0.060674 0.067416
2 0.326404 0.540449 0.077528 0.092135
4 0.474719 0.424719 0.053933 0.085393
4 0.883427 0.521348 0.082584 0.076404
1 0.938202 0.321348 0.080899 0.026966
1 0.929775 0.348315 0.053933 0.031461
3 0.706461 0.677528 0.062360 0.047191
3 0.317135 0.202247 0.035393 0.071910
4 0.293539 0.038202 0.052247 0.058427
4 0.473876 0.213483 0.042135 0.053933
4 0.230337 0.069663 0.037079 0.026966
4 0.556461 0.185393 0.038764 0.069663
4 0.636517 0.406742 0.067416 0.085393
4 0.700562 0.475281 0.057303 0.060674
4 0.165449 0.460674 0.065730 0.044944
4 0.546348 0.464045 0.045506 0.132584
4 0.576685 0.277528 0.035393 0.033708
4 0.634831 0.293258 0.026966 0.074157
4 0.876685 0.384270 0.028652 0.049438
4 0.840449 0.533708 0.030337 0.105618
4 0.832865 0.635955 0.055618 0.053933
4 0.771348 0.694382 0.013483 0.040449
4 0.732584 0.865169 0.047191 0.062921
4 0.346629 0.705618 0.050562 0.062921
4 0.399719 0.630337 0.042135 0.060674
4 0.393820 0.692135 0.057303 0.049438
4 0.467978 0.740449 0.047191 0.069663
4 0.441854 0.811236 0.052247 0.058427
4 0.361798 0.935955 0.080899 0.074157
4 0.299438 0.895506 0.047191 0.060674
4 0.014888 0.313483 0.029775 0.092135
4 0.084551 0.031461 0.052247 0.062921
4 0.184831 0.025843 0.067416 0.051685
4 0.167135 0.123596 0.062360 0.053933
4 0.207584 0.168539 0.045506 0.071910
4 0.660112 0.091011 0.047191 0.047191
4 0.753652 0.033708 0.045506 0.067416
4 0.707303 0.040449 0.043820 0.044944
4 0.987640 0.458427 0.024719 0.058427
4 0.491573 0.603371 0.053933 0.069663
4 0.189045 0.919101 0.038764 0.026966
4 0.190730 0.978652 0.045506 0.042696
4 0.253933 0.503371 0.050562 0.067416
4 0.268258 0.429213 0.048876 0.067416
4 0.220225 0.421348 0.050562 0.065169
4 0.516011 0.334831 0.032022 0.049438
1 0.556461 0.319101 0.045506 0.022472
1 0.821067 0.334831 0.035393 0.062921
1 0.337360 0.747191 0.062360 0.060674
3 0.733427 0.591011 0.035393 0.080899
4 0.946629 0.461798 0.091011 0.074157
4 0.282584 0.675281 0.053933 0.056180