0 0.298596 0.194382 0.065730 0.065169
0 0.417416 0.105618 0.057303 0.067416
0 0.328090 0.122472 0.060674 0.083146
0 0.477247 0.244944 0.052247 0.062921
0 0.675281 0.041573 0.050562 0.065169
0 0.718258 0.069663 0.045506 0.071910
0 0.730056 0.173034 0.052247 0.071910
0 0.516854 0.050562 0.060674 0.060674
0 0.360955 0.017978 0.062360 0.035955
0 0.430899 0.464045 0.040449 0.069663
0 0.542135 0.493258 0.064045 0.065169
0 0.966573 0.603371 0.066854 0.092135
0 0.842135 0.291011 0.047191 0.092135
0 0.682865 0.871910 0.052247 0.067416
0 0.704775 0.659551 0.042135 0.078652
0 0.706461 0.526966 0.062360 0.042697
0 0.864045 0.038202 0.047191 0.071910
0 0.142697 0.960674 0.057303 0.078652
0 0.289326 0.617978 0.064045 0.076404
0 0.923034 0.059551 0.040449 0.074157
0 0.757865 0.285393 0.064045 0.067416
0 0.737640 0.230337 0.060674 0.051685
0 0.347472 0.175281 0.055618 0.053933
0 0.114045 0.238202 0.050562 0.071910
0 0.652528 0.089888 0.055618 0.067416
0 0.904494 0.310112 0.067416 0.062921
0 0.966854 0.679775 0.064045 0.060674
0 0.904494 0.496629 0.074157 0.062921
0 0.046629 0.664045 0.047191 0.065169
0 0.069382 0.770787 0.048876 0.062921
0 0.470506 0.191011 0.052247 0.053933
0 0.408989 0.291011 0.074157 0.069663
4 0.234551 0.316854 0.062360 0.053933
4 0.800843 0.068539 0.069101 0.038202
4 0.783146 0.146067 0.057303 0.062921
4 0.147753 0.134831 0.064045 0.049438
4 0.167135 0.175281 0.058989 0.076404
4 0.066011 0.125843 0.069101 0.044944
4 0.055056 0.076404 0.043820 0.044944
4 0.617135 0.149438 0.055618 0.074157
4 0.606180 0.219101 0.053933 0.047191
4 0.462079 0.582022 0.038764 0.076404
4 0.502528 0.715730 0.018539 0.083146
4 0.167978 0.851685 0.097753 0.040449
4 0.247191 0.665169 0.053933 0.076404
4 0.788202 0.521348 0.060674 0.049438
4 0.328933 0.348315 0.045506 0.076404
4 0.165449 0.297753 0.058989 0.083146
4 0.019944 0.268539 0.039888 0.078652
4 0.055899 0.503371 0.069101 0.062921
4 0.630618 0.401124 0.062360 0.042697
4 0.771348 0.692135 0.060674 0.071910
4 0.568258 0.834831 0.072472 0.060674
4 0.955056 0.794382 0.043820 0.069663
4 0.695506 0.588764 0.060674 0.067416
4 0.192416 0.771910 0.052247 0.056180
4 0.189045 0.416854 0.085955 0.042697
4 0.127528 0.511236 0.067416 0.047191
4 0.098034 0.583146 0.055618 0.069663
4 0.219382 0.534831 0.052247 0.044944
4 0.190730 0.633708 0.032022 0.085393
4 0.141854 0.719101 0.032022 0.076404
4 0.125000 0.670787 0.038764 0.069663
4 0.108989 0.698876 0.050562 0.071910
4 0.373596 0.925843 0.067416 0.053933
4 0.457022 0.866292 0.075843 0.074157
4 0.582584 0.734831 0.060674 0.049438
4 0.550562 0.723596 0.037079 0.058427
4 0.612079 0.575281 0.042135 0.058427
4 0.516011 0.559551 0.052247 0.049438
4 0.537079 0.278652 0.040449 0.076404
4 0.335674 0.516854 0.038764 0.076404
4 0.194101 0.902247 0.069101 0.078652
4 0.093820 0.820225 0.067416 0.062921
4 0.527809 0.338202 0.045506 0.042697
4 0.280899 0.052809 0.050562 0.065169
4 0.189888 0.035955 0.053933 0.053933
4 0.198315 0.089888 0.053933 0.067416
4 0.229494 0.825843 0.038764 0.047191
4 0.199157 0.479775 0.055618 0.042697
4 0.568258 0.431461 0.058989 0.049438
1 0.923034 0.906742 0.037079 0.074157
1 0.709831 0.477528 0.048876 0.101124
1 0.244663 0.775281 0.038764 0.062921
1 0.638202 0.652809 0.080899 0.038202
0 0.465449 0.421348 0.052247 0.069663
3 0.657584 0.959551 0.069101 0.040449
4 0.429213 0.974157 0.050562 0.051685
4 0.498315 0.978652 0.053933 0.042696
4 0.523596 0.943820 0.060674 0.031461
4 0.577528 0.950562 0.037079 0.062921
4 0.375281 0.710112 0.064045 0.062921
4 0.397191 0.646067 0.050562 0.042697
4 0.418258 0.644944 0.058989 0.058427
3 0.564045 0.143820 0.070787 0.076404
4 0.603652 0.282022 0.065730 0.060674
0 0.506742 0.143820 0.057303 0.058427
3 0.301966 0.494382 0.045506 0.076404
3 0.068539 0.274157 0.043820 0.076404
3 0.014045 0.377528 0.028090 0.089888
0 0.633146 0.895506 0.070787 0.069663
0 0.970225 0.196629 0.057303 0.047191
0 0.373596 0.471910 0.037079 0.076404