0 0.256461 0.440449 0.065730 0.062921
0 0.676124 0.114607 0.065730 0.080899
0 0.749438 0.037079 0.047191 0.074157
0 0.672753 0.022472 0.058989 0.044944
0 0.624719 0.067416 0.043820 0.062921
0 0.644101 0.320225 0.052247 0.069663
0 0.508427 0.614607 0.047191 0.074157
0 0.613764 0.825843 0.052247 0.069663
0 0.933146 0.615730 0.047191 0.058427
0 0.887640 0.787640 0.057303 0.060674
0 0.942416 0.442697 0.048876 0.085393
0 0.901124 0.213483 0.064045 0.071910
0 0.582584 0.185393 0.050562 0.078652
0 0.616292 0.449438 0.050562 0.058427
0 0.591011 0.357303 0.057303 0.053933
0 0.569101 0.398876 0.040449 0.065169
0 0.210955 0.368539 0.048876 0.058427
0 0.303652 0.692135 0.042135 0.053933
0 0.791573 0.296629 0.043820 0.058427
0 0.792416 0.364045 0.048876 0.071910
0 0.855618 0.292135 0.050562 0.058427
0 0.756180 0.420225 0.053933 0.062921
0 0.983427 0.407865 0.033146 0.074157
0 0.452809 0.102247 0.064045 0.065169
0 0.767978 0.786517 0.057303 0.058427
0 0.735955 0.702247 0.047191 0.069663
0 0.848876 0.916854 0.050562 0.076404
0 0.795787 0.930337 0.052247 0.080899
0 0.057584 0.608989 0.069101 0.076404
0 0.060112 0.233708 0.053933 0.044944
0 0.110674 0.315730 0.053933 0.060674
0 0.427528 0.689888 0.040449 0.089888
0 0.697191 0.862921 0.053933 0.067416
0 0.852247 0.839326 0.037079 0.051685
0 0.329775 0.208989 0.074157 0.071910
0 0.403090 0.187640 0.072472 0.083146
0 0.191573 0.146067 0.070787 0.067416
0 0.223596 0.648315 0.050562 0.069663
3 0.689607 0.253933 0.069101 0.062921
3 0.828652 0.260674 0.033708 0.067416
3 0.891011 0.376404 0.060674 0.060674
3 0.978371 0.591011 0.043258 0.076404
3 0.883427 0.587640 0.042135 0.092135
4 0.950000 0.806742 0.070787 0.071910
4 0.468820 0.034831 0.075843 0.060674
4 0.166292 0.059551 0.087640 0.060674
4 0.246348 0.730337 0.055618 0.058427
4 0.554775 0.251685 0.062360 0.067416
4 0.933989 0.289888 0.055618 0.062921
4 0.957584 0.973034 0.065730 0.053932
4 0.526124 0.480899 0.062360 0.107865
1 0.131742 0.385393 0.106180 0.024719
1 0.130899 0.350562 0.111236 0.035955
4 0.196629 0.311236 0.070787 0.078652
4 0.758708 0.566292 0.058989 0.076404
1 0.772191 0.734831 0.085955 0.049438
4 0.068539 0.126966 0.067416 0.056180
4 0.290169 0.523596 0.075843 0.058427
4 0.335674 0.892135 0.058989 0.071910
4 0.527809 0.935955 0.069101 0.083146
4 0.589326 0.773034 0.060674 0.053933
4 0.671067 0.676404 0.052247 0.080899
4 0.670225 0.898876 0.043820 0.031461
4 0.655056 0.925843 0.060674 0.058427
4 0.307022 0.619101 0.082584 0.051685
4 0.387921 0.748315 0.032022 0.067416
4 0.376124 0.620225 0.052247 0.058427