0 0.590169 0.431461 0.045506 0.062921
0 0.722472 0.257303 0.057303 0.083146
0 0.816011 0.473034 0.065730 0.074157
0 0.423315 0.794382 0.065730 0.074157
0 0.571629 0.192135 0.042135 0.069663
0 0.514326 0.112360 0.065730 0.067416
0 0.808427 0.044944 0.057303 0.053933
0 0.718258 0.506742 0.048876 0.060674
0 0.429213 0.152809 0.043820 0.085393
0 0.376124 0.128090 0.045506 0.049438
0 0.392135 0.191011 0.047191 0.080899
0 0.637360 0.074157 0.065730 0.067416
0 0.751966 0.179775 0.058989 0.053933
0 0.710674 0.901124 0.064045 0.058427
0 0.578371 0.634831 0.055618 0.078652
4 0.446910 0.224719 0.048876 0.058427
4 0.858989 0.274157 0.067416 0.067416
4 0.774719 0.277528 0.047191 0.078652
4 0.876685 0.214607 0.065730 0.078652
4 0.173034 0.632584 0.064045 0.060674
4 0.551404 0.493258 0.048876 0.056180
0 0.724157 0.846067 0.030337 0.056180
4 0.730899 0.670787 0.067416 0.083146
4 0.675281 0.557303 0.050562 0.058427
4 0.788202 0.126966 0.067416 0.051685
4 0.398034 0.080899 0.058989 0.058427
4 0.240449 0.124719 0.053933 0.060674
4 0.182303 0.200000 0.048876 0.049438
4 0.254775 0.377528 0.042135 0.080899
4 0.389607 0.429213 0.048876 0.062921
4 0.333989 0.270787 0.045506 0.056180
4 0.044944 0.135955 0.053933 0.069663
4 0.429213 0.878652 0.064045 0.067416
4 0.832022 0.684270 0.060674 0.078652
4 0.966011 0.356180 0.042135 0.087640
4 0.176404 0.831461 0.040449 0.058427
4 0.197472 0.793258 0.038764 0.044944
4 0.218539 0.913483 0.040449 0.065169
4 0.268258 0.960674 0.038764 0.056180
4 0.220225 0.978652 0.080899 0.042696
4 0.056742 0.330337 0.053933 0.089888
4 0.602809 0.307865 0.067416 0.089888
4 0.518539 0.343820 0.040449 0.076404
4 0.926404 0.487640 0.057303 0.062921
4 0.907022 0.420225 0.055618 0.071910
4 0.655056 0.741573 0.060674 0.076404
4 0.730899 0.761798 0.037079 0.058427
4 0.837921 0.935955 0.055618 0.065169
4 0.848034 0.808989 0.042135 0.067416
4 0.782303 0.771910 0.042135 0.083146
0 0.802528 0.849438 0.042135 0.053933
4 0.698034 0.030337 0.045506 0.060674
0 0.735112 0.035955 0.045506 0.062921
0 0.135955 0.455056 0.053933 0.078652
0 0.114888 0.684270 0.062360 0.069663
0 0.125843 0.767416 0.050562 0.087640
2 0.030056 0.241573 0.060112 0.092135
4 0.473034 0.317978 0.080899 0.065169
4 0.453652 0.450562 0.052247 0.056180
4 0.402247 0.371910 0.050562 0.047191
4 0.627247 0.601124 0.042135 0.060674
4 0.611236 0.685393 0.043820 0.080899
0 0.806742 0.542697 0.053933 0.078652
0 0.913764 0.340449 0.062360 0.092135
0 0.743539 0.450562 0.048876 0.056180
0 0.764607 0.413483 0.047191 0.071910
0 0.700562 0.469663 0.050562 0.067416
0 0.172191 0.687640 0.055618 0.080899
2 0.222753 0.034831 0.058989 0.065169
4 0.535393 0.242697 0.047191 0.089888
3 0.221067 0.622472 0.052247 0.098876
3 0.090449 0.865169 0.070787 0.067416
3 0.261517 0.812360 0.052247 0.069663
3 0.359270 0.855056 0.055618 0.087640
3 0.383708 0.304494 0.040449 0.083146
4 0.303652 0.206742 0.035393 0.085393
4 0.300281 0.093258 0.052247 0.056180
4 0.502528 0.019101 0.035393 0.038202
4 0.355899 0.038202 0.065730 0.044944
4 0.564888 0.113483 0.028652 0.083146
4 0.517697 0.447191 0.035393 0.058427
1 0.484831 0.607865 0.057303 0.114607
1 0.524438 0.661798 0.032022 0.105618
1 0.558989 0.586517 0.057303 0.067416
4 0.608708 0.847191 0.038764 0.071910
0 0.648315 0.985393 0.043820 0.029213
0 0.651685 0.874157 0.037079 0.076404
4 0.247191 0.228090 0.047191 0.069663
4 0.782303 0.079775 0.085955 0.038202
4 0.935674 0.775281 0.048876 0.071910
4 0.020787 0.376404 0.041573 0.069663
4 0.296910 0.901124 0.048876 0.058427
4 0.314607 0.942697 0.030337 0.056180