4 0.653371 0.325843 0.074157 0.080899
4 0.726685 0.216854 0.079213 0.078652
4 0.540449 0.132584 0.057303 0.058427
4 0.168820 0.340449 0.048876 0.069663
4 0.215169 0.337079 0.064045 0.062921
4 0.260674 0.168539 0.057303 0.058427
4 0.254775 0.244944 0.058989 0.071910
4 0.308708 0.287640 0.055618 0.076404
4 0.324719 0.377528 0.057303 0.071910
4 0.462921 0.279775 0.053933 0.078652
4 0.441854 0.207865 0.038764 0.101124
4 0.495787 0.559551 0.075843 0.080899
4 0.590169 0.556180 0.052247 0.074157
4 0.581742 0.631461 0.062360 0.062921
4 0.118258 0.746067 0.062360 0.076404
4 0.783146 0.698876 0.053933 0.080899
4 0.729213 0.686517 0.053933 0.083146
4 0.774719 0.289888 0.060674 0.053933
4 0.366011 0.214607 0.048876 0.047191
4 0.127528 0.142697 0.040449 0.074157
4 0.067697 0.137079 0.062360 0.098876
4 0.076124 0.062921 0.075843 0.067416
4 0.236236 0.787640 0.062360 0.069663
4 0.355899 0.903371 0.072472 0.107865
4 0.632303 0.834831 0.048876 0.083146
4 0.913764 0.513483 0.052247 0.087640
4 0.982584 0.559551 0.034831 0.080899
4 0.980056 0.630337 0.039888 0.087640
4 0.886798 0.969663 0.058989 0.060674
4 0.076124 0.831461 0.062360 0.080899
4 0.028371 0.877528 0.056742 0.083146
4 0.033989 0.700000 0.042135 0.069663
4 0.113202 0.332584 0.065730 0.076404
4 0.025000 0.289888 0.050000 0.076404
4 0.014888 0.215730 0.029775 0.080899
4 0.360112 0.591011 0.067416 0.071910
4 0.312079 0.648315 0.072472 0.069663
4 0.242135 0.968539 0.070787 0.062921
4 0.490730 0.894382 0.052247 0.071910
4 0.854775 0.205618 0.055618 0.083146
4 0.856461 0.143820 0.045506 0.071910
4 0.740169 0.025843 0.045506 0.051685
4 0.715730 0.538202 0.060674 0.074157
4 0.511798 0.468539 0.057303 0.083146
4 0.498315 0.380899 0.047191 0.078652
4 0.425843 0.430337 0.047191 0.065169
4 0.435112 0.344944 0.072472 0.087640
4 0.580899 0.703371 0.043820 0.062921
4 0.676966 0.401124 0.067416 0.069663
4 0.204213 0.637079 0.069101 0.083146
4 0.199157 0.734831 0.075843 0.040449
4 0.027528 0.620225 0.055056 0.089888
1 0.821067 0.088764 0.042135 0.110112
1 0.841292 0.277528 0.052247 0.128090
1 0.351685 0.079775 0.050562 0.101124
3 0.148596 0.204494 0.032022 0.094382
3 0.401404 0.125843 0.038764 0.098876
3 0.343258 0.264045 0.047191 0.096629
3 0.714888 0.884270 0.048876 0.096629
3 0.943258 0.797753 0.043820 0.080899
3 0.816854 0.528090 0.037079 0.085393
3 0.435112 0.704494 0.065730 0.056180
3 0.407303 0.673034 0.043820 0.083146
3 0.767978 0.416854 0.053933 0.078652
3 0.875000 0.433708 0.085955 0.035955
2 0.176404 0.814607 0.060674 0.069663
2 0.276685 0.703371 0.048876 0.080899
4 0.323876 0.962921 0.052247 0.074157
4 0.940730 0.459551 0.045506 0.101124
4 0.985955 0.701124 0.028090 0.062921
4 0.625562 0.496629 0.052247 0.076404
4 0.408989 0.770787 0.074157 0.071910
4 0.416573 0.924719 0.052247 0.056180
4 0.458708 0.903371 0.048876 0.098876
3 0.524438 0.630337 0.075843 0.051685