0 0.335674 0.556180 0.075843 0.078652
0 0.458708 0.737079 0.085955 0.085393
0 0.420787 0.638202 0.057303 0.089888
0 0.414888 0.505618 0.072472 0.089888
0 0.441011 0.246067 0.080899 0.083146
0 0.698876 0.164045 0.074157 0.089888
0 0.190730 0.237079 0.052247 0.083146
0 0.775562 0.350562 0.069101 0.089888
0 0.735112 0.330337 0.075843 0.071910
0 0.803371 0.549438 0.050562 0.078652
0 0.811798 0.624719 0.070787 0.067416
0 0.865730 0.575281 0.064045 0.080899
0 0.946629 0.558427 0.067416 0.092135
0 0.685393 0.551685 0.074157 0.087640
0 0.377809 0.138202 0.072472 0.078652
0 0.114888 0.223596 0.062360 0.083146
0 0.076966 0.510112 0.067416 0.071910
0 0.363483 0.370787 0.060674 0.071910
0 0.827809 0.469663 0.069101 0.071910
0 0.762921 0.482022 0.077528 0.074157
4 0.718258 0.949438 0.075843 0.074157
4 0.967416 0.896629 0.065168 0.089888
4 0.233708 0.498876 0.067416 0.071910
4 0.289326 0.053933 0.064045 0.094382
4 0.542135 0.308989 0.091011 0.101124
4 0.618820 0.296629 0.065730 0.094382
4 0.682022 0.283146 0.060674 0.094382
4 0.629775 0.168539 0.057303 0.085393
4 0.612079 0.031461 0.052247 0.062921
4 0.655899 0.091011 0.045506 0.078652
4 0.239607 0.676404 0.055618 0.058427
4 0.214326 0.606742 0.058989 0.067416
4 0.371910 0.801124 0.060674 0.087640
4 0.617135 0.478652 0.079213 0.085393
4 0.481461 0.585393 0.057303 0.065169
4 0.900281 0.506742 0.048876 0.101124
4 0.751124 0.674157 0.053933 0.089888
4 0.624719 0.608989 0.064045 0.071910
4 0.687921 0.667416 0.048876 0.080899
4 0.941573 0.747191 0.060674 0.087640
4 0.955056 0.811236 0.060674 0.071910
4 0.166292 0.406742 0.064045 0.094382
4 0.859831 0.112360 0.065730 0.085393
4 0.090449 0.143820 0.047191 0.089888
4 0.087079 0.380899 0.067416 0.060674
4 0.086236 0.444944 0.069101 0.067416
4 0.156180 0.760674 0.047191 0.069663
4 0.221910 0.879775 0.060674 0.065169
4 0.619663 0.704494 0.064045 0.047191
4 0.278371 0.302247 0.065730 0.092135
4 0.299438 0.221348 0.084270 0.074157
4 0.044944 0.346067 0.060674 0.076404
4 0.041573 0.421348 0.060674 0.083146
4 0.025843 0.508989 0.051685 0.087640
4 0.927247 0.357303 0.065730 0.080899
4 0.949157 0.411236 0.038764 0.085393
4 0.471348 0.139326 0.067416 0.089888
4 0.775562 0.052809 0.058989 0.083146
4 0.620506 0.852809 0.075843 0.065169
4 0.558146 0.798876 0.055618 0.065169
4 0.561517 0.896629 0.045506 0.094382
4 0.725843 0.838202 0.091011 0.062921
4 0.944944 0.977528 0.087640 0.044944
4 0.879213 0.982022 0.107865 0.035955
4 0.310393 0.904494 0.069101 0.078652
4 0.243820 0.317978 0.060674 0.078652
4 0.155337 0.317978 0.069101 0.105618
4 0.100562 0.795506 0.067416 0.062921
4 0.065169 0.919101 0.057303 0.067416
4 0.319663 0.428090 0.060674 0.083146
4 0.903652 0.032584 0.072472 0.060674
4 0.094663 0.033708 0.106180 0.067416
4 0.039888 0.168539 0.053933 0.085393
4 0.019101 0.247191 0.038202 0.071910
4 0.452809 0.955056 0.074157 0.067416
4 0.314607 0.967416 0.111236 0.065168
4 0.516854 0.869663 0.057303 0.076404
4 0.975843 0.143820 0.048314 0.098876
4 0.820225 0.070787 0.037079 0.110112
0 0.504213 0.505618 0.055618 0.085393
3 0.145225 0.957303 0.048876 0.085393
3 0.300281 0.780899 0.045506 0.128090
3 0.307865 0.157303 0.077528 0.058427
3 0.714045 0.047191 0.043820 0.094382
3 0.692978 0.455056 0.075843 0.105618
3 0.589326 0.753933 0.047191 0.087640
3 0.731742 0.770787 0.079213 0.067416
3 0.607022 0.666292 0.075843 0.042697
3 0.577528 0.557303 0.067416 0.085393
1 0.115730 0.926966 0.067416 0.078652
1 0.188202 0.769663 0.033708 0.078652
1 0.168820 0.074157 0.045506 0.094382
3 0.122472 0.365169 0.047191 0.096629
3 0.068539 0.294382 0.053933 0.094382
3 0.379494 0.937079 0.035393 0.107865
3 0.624719 0.933708 0.053933 0.083146
3 0.209270 0.048315 0.038764 0.083146
2 0.241292 0.805618 0.058989 0.083146
4 0.211798 0.696629 0.057303 0.067416