0 0.456180 0.138202 0.087640 0.078652
0 0.660955 0.474157 0.072472 0.071910
0 0.740169 0.166292 0.069101 0.085393
0 0.495787 0.438202 0.072472 0.089888
0 0.286798 0.779775 0.072472 0.080899
0 0.471348 0.594382 0.070787 0.065169
0 0.263202 0.343820 0.042135 0.080899
0 0.161236 0.404494 0.050562 0.094382
0 0.143539 0.574157 0.075843 0.074157
0 0.541292 0.889888 0.055618 0.085393
0 0.869944 0.911236 0.065730 0.083146
0 0.975843 0.398876 0.048314 0.065169
0 0.923034 0.310112 0.070787 0.076404
0 0.574157 0.113483 0.050562 0.092135
0 0.464607 0.019101 0.060674 0.038202
0 0.378652 0.020225 0.064045 0.040449
0 0.525281 0.374157 0.060674 0.074157
0 0.849719 0.052809 0.065730 0.105618
0 0.414045 0.638202 0.053933 0.094382
0 0.252247 0.256180 0.070787 0.085393
0 0.119944 0.208989 0.055618 0.071910
0 0.257303 0.596629 0.057303 0.078652
0 0.605337 0.910112 0.075843 0.089888
0 0.370225 0.673034 0.077528 0.105618
2 0.542135 0.785393 0.074157 0.101124
2 0.751966 0.326966 0.055618 0.083146
2 0.653371 0.180899 0.064045 0.078652
2 0.755337 0.484270 0.075843 0.083146
2 0.337360 0.252809 0.058989 0.083146
2 0.368539 0.815730 0.080899 0.080899
2 0.624719 0.393258 0.070787 0.076404
2 0.644101 0.743820 0.042135 0.076404
4 0.809270 0.692135 0.055618 0.103371
4 0.923876 0.584270 0.075843 0.085393
4 0.437640 0.288764 0.067416 0.087640
4 0.489888 0.326966 0.047191 0.060674
4 0.535393 0.308989 0.060674 0.087640
4 0.686236 0.326966 0.069101 0.096629
4 0.802528 0.255056 0.069101 0.069663
4 0.188202 0.704494 0.077528 0.065169
4 0.152809 0.806742 0.087640 0.085393
4 0.285955 0.180899 0.077528 0.060674
4 0.340730 0.151685 0.079213 0.060674
4 0.534551 0.610112 0.042135 0.092135
4 0.590169 0.605618 0.035393 0.078652
4 0.578371 0.685393 0.058989 0.058427
4 0.635674 0.679775 0.058989 0.083146
4 0.972472 0.833708 0.055056 0.080899
4 0.813483 0.448315 0.057303 0.105618
4 0.779775 0.548315 0.060674 0.089888
4 0.727528 0.564045 0.087640 0.085393
4 0.714888 0.630337 0.058989 0.078652
4 0.753652 0.753933 0.065730 0.078652
4 0.820225 0.813483 0.047191 0.067416
4 0.778933 0.851685 0.062360 0.058427
4 0.394663 0.349438 0.045506 0.069663
4 0.075281 0.176404 0.064045 0.060674
4 0.114888 0.288764 0.058989 0.078652
4 0.049157 0.747191 0.065730 0.083146
4 0.061798 0.870787 0.067416 0.092135
4 0.162921 0.967416 0.084270 0.065168
4 0.210955 0.924719 0.062360 0.083146
4 0.318820 0.942697 0.072472 0.083146
4 0.384551 0.962921 0.058989 0.074157
4 0.334831 0.902247 0.067416 0.065169
4 0.204213 0.122472 0.065730 0.074157
4 0.440169 0.471910 0.052247 0.094382
4 0.558146 0.229213 0.052247 0.076404
4 0.949157 0.111236 0.045506 0.083146
4 0.909551 0.197753 0.043820 0.058427
4 0.644101 0.103371 0.062360 0.089888
4 0.609551 0.048315 0.053933 0.083146
4 0.577528 0.039326 0.050562 0.060674
4 0.030618 0.677528 0.058989 0.065169
4 0.560674 0.489888 0.047191 0.094382
4 0.864888 0.344944 0.055618 0.074157
4 0.063483 0.468539 0.067416 0.083146
4 0.044101 0.394382 0.069101 0.078652
4 0.071067 0.087640 0.058989 0.080899
4 0.053371 0.035955 0.067416 0.053933
4 0.237079 0.030337 0.077528 0.060674
4 0.618820 0.333708 0.052247 0.069663
4 0.906180 0.712360 0.050562 0.116854
4 0.523596 0.034831 0.047191 0.069662
1 0.769663 0.082022 0.047191 0.096629
0 0.281742 0.523596 0.085955 0.080899
0 0.119101 0.469663 0.043820 0.067416
0 0.016573 0.256180 0.033146 0.071910
0 0.060955 0.243820 0.045506 0.101124
0 0.121629 0.017978 0.065730 0.035955
4 0.120787 0.089888 0.043820 0.085393
3 0.937360 0.426966 0.035393 0.103371
3 0.800843 0.326966 0.072472 0.078652
3 0.672753 0.408989 0.065730 0.067416
3 0.396348 0.396629 0.058989 0.069663
3 0.085393 0.375281 0.040449 0.085393
3 0.490730 0.758427 0.069101 0.096629
3 0.499157 0.880899 0.048876 0.107865
3 0.095506 0.779775 0.040449 0.125843
3 0.607022 0.212360 0.042135 0.101124
3 0.311236 0.032584 0.043820 0.065168
3 0.185674 0.168539 0.048876 0.080899
0 0.204213 0.229213 0.072472 0.071910
4 0.623034 0.576404 0.067416 0.069663
4 0.706461 0.728090 0.048876 0.071910
4 0.521910 0.704494 0.064045 0.083146
4 0.203371 0.593258 0.064045 0.098876