0 0.352528 0.116854 0.072472 0.080899
0 0.305337 0.313483 0.079213 0.065169
0 0.366854 0.448315 0.057303 0.074157
0 0.692135 0.144944 0.064045 0.096629
0 0.553933 0.046067 0.064045 0.078652
0 0.296910 0.908989 0.069101 0.083146
0 0.216854 0.819101 0.053933 0.074157
0 0.178933 0.738202 0.062360 0.065169
0 0.195787 0.965169 0.085955 0.056180
0 0.792416 0.486517 0.055618 0.096629
0 0.735112 0.465169 0.075843 0.058427
0 0.858146 0.296629 0.079213 0.067416
0 0.449438 0.925843 0.064045 0.067416
0 0.128371 0.306742 0.058989 0.101124
0 0.186517 0.502247 0.060674 0.092135
0 0.023315 0.342697 0.046629 0.056180
0 0.026685 0.476404 0.053370 0.085393
0 0.494944 0.059551 0.070787 0.074157
0 0.931461 0.850562 0.060674 0.056180
0 0.377809 0.735955 0.052247 0.074157
0 0.307022 0.616854 0.065730 0.092135
0 0.253090 0.256180 0.058989 0.080899
4 0.101404 0.877528 0.058989 0.083146
4 0.725000 0.298876 0.069101 0.089888
4 0.603652 0.405618 0.062360 0.105618
4 0.766292 0.730337 0.050562 0.080899
4 0.962640 0.641573 0.069101 0.096629
4 0.824438 0.408989 0.052247 0.076404
4 0.236236 0.592135 0.069101 0.069663
4 0.531180 0.742697 0.065730 0.074157
4 0.479775 0.730337 0.057303 0.080899
4 0.474719 0.667416 0.070787 0.058427
4 0.482303 0.523596 0.058989 0.076404
4 0.412360 0.576404 0.070787 0.060674
4 0.397191 0.634831 0.043820 0.074157
4 0.421629 0.533708 0.058989 0.065169
4 0.468820 0.586517 0.048876 0.049438
4 0.573315 0.577528 0.052247 0.085393
4 0.523596 0.597753 0.047191 0.071910
4 0.504213 0.269663 0.072472 0.085393
4 0.499157 0.353933 0.072472 0.083146
4 0.930618 0.035955 0.082584 0.071910
4 0.819382 0.057303 0.065730 0.069663
4 0.181461 0.022472 0.043820 0.044944
4 0.303652 0.193258 0.069101 0.071910
4 0.190730 0.206742 0.075843 0.067416
4 0.052528 0.749438 0.062360 0.096629
4 0.349157 0.917978 0.052247 0.083146
4 0.390449 0.879775 0.053933 0.092135
4 0.688764 0.957303 0.070787 0.031461
4 0.964326 0.177528 0.045506 0.089888
4 0.152809 0.096629 0.053933 0.089888
4 0.024157 0.037079 0.048314 0.074157
4 0.201685 0.332584 0.057303 0.080899
3 0.655056 0.560674 0.050562 0.105618
3 0.631461 0.161798 0.040449 0.085393
3 0.391292 0.298876 0.052247 0.089888
3 0.430056 0.114607 0.028652 0.112360
3 0.519382 0.221348 0.069101 0.074157
3 0.037360 0.605618 0.048876 0.114607
3 0.015730 0.803371 0.031460 0.105618
0 0.024157 0.933708 0.048314 0.083146
4 0.970787 0.328090 0.058426 0.085393
4 0.596067 0.274157 0.067416 0.062921
4 0.562360 0.323596 0.070787 0.076404
4 0.126685 0.158427 0.075843 0.060674
4 0.076124 0.039326 0.052247 0.060674
4 0.636517 0.702247 0.077528 0.105618
4 0.521067 0.452809 0.079213 0.051685
4 0.141011 0.525843 0.091011 0.058427
4 0.079494 0.576404 0.048876 0.074157
4 0.754494 0.376404 0.080899 0.092135
4 0.907022 0.802247 0.062360 0.071910
4 0.824438 0.837079 0.052247 0.078652
4 0.880056 0.930337 0.055618 0.080899
4 0.967697 0.815730 0.035393 0.058427
1 0.526124 0.082022 0.052247 0.114607
1 0.915449 0.926966 0.048876 0.105618
1 0.687921 0.766292 0.055618 0.067416
0 0.647472 0.892135 0.052247 0.085393
0 0.398034 0.792135 0.069101 0.056180
0 0.331461 0.711236 0.050562 0.065169
0 0.281742 0.548315 0.045506 0.067416
0 0.579213 0.521348 0.070787 0.067416
0 0.414888 0.020225 0.062360 0.040449
0 0.843820 0.888764 0.053933 0.096629
0 0.548034 0.978652 0.109551 0.042696
3 0.424157 0.858427 0.053933 0.085393