0 0.147753 0.134831 0.070787 0.076404
0 0.431742 0.103371 0.069101 0.089888
0 0.317978 0.319101 0.067416 0.085393
0 0.326404 0.410112 0.050562 0.074157
0 0.328090 0.643820 0.060674 0.069663
0 0.382865 0.683146 0.055618 0.076404
0 0.458708 0.612360 0.058989 0.083146
0 0.627247 0.494382 0.072472 0.103371
0 0.735955 0.480899 0.070787 0.071910
0 0.726685 0.574157 0.062360 0.096629
0 0.757022 0.147191 0.065730 0.083146
0 0.598596 0.030337 0.079213 0.060674
0 0.571629 0.879775 0.069101 0.083146
0 0.981742 0.361798 0.036516 0.094382
0 0.971629 0.667416 0.056742 0.094382
0 0.964326 0.749438 0.042135 0.074157
0 0.963483 0.811236 0.050562 0.067416
0 0.467978 0.328090 0.060674 0.080899
0 0.075281 0.389888 0.070787 0.074157
0 0.826966 0.119101 0.064045 0.098876
0 0.515169 0.584270 0.050562 0.076404
0 0.603652 0.667416 0.058989 0.085393
0 0.841292 0.649438 0.055618 0.098876
0 0.246348 0.929213 0.055618 0.065169
0 0.652528 0.246067 0.045506 0.092135
0 0.024157 0.197753 0.048314 0.094382
0 0.068539 0.168539 0.057303 0.085393
0 0.842135 0.543820 0.070787 0.098876
0 0.681180 0.423596 0.062360 0.069663
0 0.285955 0.807865 0.067416 0.074157
2 0.388764 0.562921 0.084270 0.087640
4 0.582584 0.137079 0.047191 0.076404
4 0.917135 0.200000 0.062360 0.094382
4 0.526966 0.452809 0.080899 0.065169
4 0.451124 0.397753 0.074157 0.076404
4 0.745225 0.825843 0.058989 0.087640
4 0.695506 0.907865 0.067416 0.058427
4 0.852247 0.857303 0.047191 0.060674
4 0.796629 0.811236 0.037079 0.071910
4 0.713202 0.959551 0.072472 0.080898
4 0.361798 0.889888 0.057303 0.103371
4 0.053371 0.666292 0.037079 0.056180
4 0.046629 0.607865 0.067416 0.096629
4 0.223596 0.489888 0.074157 0.085393
4 0.273315 0.401124 0.052247 0.069663
4 0.274157 0.473034 0.050562 0.078652
4 0.291011 0.044944 0.060674 0.067416
4 0.323034 0.200000 0.053933 0.071910
4 0.338202 0.120225 0.047191 0.092135
4 0.727528 0.332584 0.047191 0.058427
4 0.690449 0.350562 0.047191 0.040449
4 0.847191 0.260674 0.070787 0.076404
4 0.703090 0.189888 0.055618 0.069663
4 0.830337 0.955056 0.067416 0.089888
4 0.101404 0.260674 0.065730 0.076404
4 0.537079 0.194382 0.040449 0.065169
4 0.548034 0.085393 0.015169 0.004494
4 0.480618 0.120225 0.048876 0.065169
4 0.401404 0.235955 0.048876 0.116854
4 0.382022 0.373034 0.047191 0.080899
4 0.610393 0.211236 0.072472 0.067416
4 0.495787 0.173034 0.069101 0.049438
4 0.135955 0.764045 0.057303 0.089888
4 0.076966 0.867416 0.047191 0.098876
4 0.226124 0.738202 0.072472 0.083146
4 0.507584 0.751685 0.058989 0.078652
4 0.528652 0.713483 0.043820 0.083146
4 0.908708 0.851685 0.055618 0.067416
4 0.626404 0.960674 0.053933 0.078652
4 0.477247 0.956180 0.055618 0.065169
4 0.216011 0.966292 0.062360 0.067416
4 0.162079 0.926966 0.048876 0.096629
4 0.138483 0.975281 0.038764 0.049438
4 0.171348 0.422472 0.057303 0.098876
4 0.266573 0.222472 0.058989 0.071910
4 0.190730 0.178652 0.045506 0.078652
4 0.528652 0.110112 0.064045 0.085393
4 0.663483 0.024719 0.040449 0.049438
4 0.885112 0.488764 0.058989 0.047191
4 0.764607 0.270787 0.043820 0.060674
3 0.251404 0.135955 0.085955 0.096629
3 0.880056 0.414607 0.045506 0.096629
3 0.833708 0.779775 0.047191 0.112360
3 0.342416 0.561798 0.052247 0.085393
3 0.195787 0.267416 0.032022 0.103371
3 0.492416 0.252809 0.048876 0.065169
3 0.819382 0.401124 0.032022 0.114607
3 0.042416 0.301124 0.058989 0.062921
3 0.023876 0.422472 0.038764 0.080899
3 0.629775 0.364045 0.067416 0.103371
4 0.939888 0.477528 0.057303 0.114607
4 0.799157 0.250562 0.035393 0.101124
4 0.419101 0.457303 0.043820 0.074157
4 0.378652 0.474157 0.047191 0.049438
4 0.550562 0.948315 0.050562 0.076404
4 0.927247 0.625843 0.048876 0.065169
1 0.913764 0.679775 0.052247 0.087640
1 0.523596 0.521348 0.064045 0.076404
1 0.773876 0.587640 0.035393 0.114607
1 0.148596 0.219101 0.085955 0.051685
1 0.528652 0.649438 0.053933 0.071910
2 0.558146 0.552809 0.069101 0.067416