0 0.453652 0.373034 0.055618 0.085393
0 0.426685 0.262921 0.045506 0.062921
0 0.364326 0.159551 0.058989 0.071910
0 0.339045 0.288764 0.062360 0.078652
0 0.682022 0.500000 0.050562 0.114607
0 0.687921 0.406742 0.062360 0.067416
0 0.650843 0.366292 0.055618 0.076404
0 0.614607 0.486517 0.050562 0.092135
0 0.566573 0.664045 0.058989 0.069663
0 0.253090 0.364045 0.048876 0.076404
0 0.125843 0.040449 0.043820 0.080898
0 0.278371 0.941573 0.058989 0.067416
0 0.981742 0.758427 0.036516 0.087640
0 0.752809 0.440449 0.053933 0.085393
0 0.816011 0.316854 0.069101 0.062921
0 0.082865 0.296629 0.058989 0.071910
0 0.110674 0.382022 0.057303 0.058427
0 0.156180 0.483146 0.057303 0.076404
0 0.078652 0.871910 0.070787 0.071910
0 0.087921 0.787640 0.065730 0.078652
0 0.600281 0.321348 0.052247 0.053933
0 0.226966 0.458427 0.080899 0.053933
0 0.955899 0.678652 0.065730 0.080899
0 0.248034 0.705618 0.062360 0.080899
0 0.323876 0.487640 0.052247 0.098876
0 0.115730 0.152809 0.057303 0.058427
0 0.510955 0.697753 0.062360 0.060674
0 0.866573 0.121348 0.042135 0.085393
0 0.870787 0.947191 0.067416 0.074157
3 0.193258 0.157303 0.053933 0.089888
3 0.385393 0.780899 0.067416 0.056180
3 0.865730 0.515730 0.047191 0.096629
3 0.144382 0.360674 0.033708 0.078652
3 0.162079 0.956180 0.045506 0.087640
3 0.019944 0.060674 0.039888 0.080899
3 0.130899 0.197753 0.040449 0.067416
3 0.092135 0.082022 0.053933 0.056180
3 0.395506 0.933708 0.037079 0.119101
3 0.961798 0.607865 0.053933 0.119101
3 0.300281 0.762921 0.038764 0.083146
1 0.683708 0.197753 0.064045 0.121348
3 0.426685 0.166292 0.028652 0.089888
4 0.370225 0.632584 0.050562 0.078652
4 0.397191 0.666292 0.047191 0.069663
4 0.311236 0.406742 0.040449 0.071910
4 0.080337 0.435955 0.064045 0.071910
4 0.633989 0.047191 0.045506 0.062921
4 0.699719 0.091011 0.062360 0.078652
4 0.531180 0.084270 0.075843 0.074157
4 0.476404 0.240449 0.050562 0.062921
4 0.502528 0.306742 0.038764 0.078652
4 0.585955 0.251685 0.053933 0.085393
4 0.735112 0.737079 0.062360 0.058427
4 0.637360 0.782022 0.065730 0.067416
4 0.636517 0.628090 0.053933 0.069663
4 0.692135 0.665169 0.043820 0.058427
4 0.381180 0.437079 0.058989 0.056180
4 0.398034 0.413483 0.048876 0.062921
4 0.815169 0.192135 0.064045 0.065169
4 0.807584 0.082022 0.058989 0.056180
4 0.836236 0.085393 0.038764 0.067416
4 0.919663 0.279775 0.067416 0.074157
4 0.954213 0.401124 0.048876 0.092135
4 0.907022 0.489888 0.045506 0.058427
4 0.907022 0.451685 0.045506 0.053933
4 0.862360 0.419101 0.064045 0.069663
4 0.904494 0.346067 0.043820 0.071910
4 0.858146 0.329213 0.021910 0.114607
4 0.853933 0.258427 0.047191 0.080899
4 0.798315 0.264045 0.067416 0.056180
4 0.365169 0.016854 0.060674 0.033708
4 0.239607 0.260674 0.062360 0.067416
4 0.045787 0.256180 0.069101 0.067416
4 0.214326 0.304494 0.025281 0.096629
4 0.412360 0.477528 0.053933 0.047191
0 0.548034 0.511236 0.065730 0.065169
0 0.569101 0.415730 0.064045 0.058427
0 0.810112 0.532584 0.037079 0.103371
4 0.495787 0.850562 0.062360 0.069663
4 0.464607 0.650562 0.060674 0.065169
4 0.275843 0.040449 0.040449 0.080898
4 0.210112 0.037079 0.053933 0.074157
4 0.032303 0.523596 0.055618 0.094382
4 0.012360 0.801124 0.024719 0.128090
4 0.495787 0.784270 0.082584 0.067416
4 0.248034 0.829213 0.079213 0.062921
4 0.210955 0.874157 0.069101 0.071910
4 0.139326 0.838202 0.040449 0.080899
4 0.106461 0.952809 0.082584 0.071910
4 0.775562 0.835955 0.058989 0.094382
4 0.910393 0.683146 0.092697 0.103371
4 0.835393 0.973034 0.087640 0.053932
4 0.686236 0.892135 0.048876 0.067416
4 0.708146 0.807865 0.042135 0.047191
4 0.569101 0.975281 0.080899 0.049438
4 0.699719 0.978652 0.082584 0.042696
4 0.321348 0.856180 0.067416 0.071910
4 0.811798 0.013483 0.057303 0.026966
4 0.567416 0.029213 0.060674 0.040449
4 0.623034 0.197753 0.053933 0.053933
4 0.656742 0.134831 0.064045 0.067416
4 0.357584 0.956180 0.069101 0.074157