0 0.702247 0.044944 0.057303 0.080899
0 0.859831 0.328090 0.072472 0.103371
0 0.853090 0.077528 0.058989 0.069663
0 0.879213 0.150562 0.050562 0.067416
0 0.190730 0.035955 0.048876 0.071910
0 0.110674 0.242697 0.047191 0.067416
0 0.127528 0.174157 0.074157 0.078652
0 0.167978 0.311236 0.064045 0.060674
0 0.019944 0.440449 0.039888 0.071910
0 0.417416 0.024719 0.067416 0.049438
0 0.591854 0.050562 0.072472 0.074157
0 0.939045 0.255056 0.069101 0.078652
0 0.778933 0.629213 0.062360 0.076404
0 0.852247 0.759551 0.057303 0.067416
0 0.901966 0.701124 0.062360 0.067416
0 0.435955 0.785393 0.225843 0.078652
0 0.511798 0.777528 0.047191 0.067416
0 0.272472 0.757303 0.047191 0.089888
0 0.099719 0.853933 0.058989 0.067416
0 0.598596 0.106742 0.058989 0.069663
0 0.531180 0.344944 0.065730 0.069663
0 0.254775 0.974157 0.085955 0.051685
0 0.129213 0.957303 0.074157 0.085393
0 0.041011 0.975281 0.082022 0.049438
0 0.373596 0.167416 0.064045 0.060674
0 0.527809 0.087640 0.055618 0.085393
2 0.465449 0.295506 0.079213 0.092135
2 0.605337 0.933708 0.082584 0.078652
2 0.697191 0.612360 0.074157 0.083146
2 0.229494 0.667416 0.065730 0.071910
4 0.747753 0.291011 0.067416 0.069663
4 0.815169 0.192135 0.050562 0.083146
4 0.706461 0.183146 0.072472 0.096629
4 0.650000 0.219101 0.050562 0.069663
4 0.810955 0.432584 0.075843 0.074157
4 0.296067 0.512360 0.074157 0.107865
4 0.206742 0.585393 0.043820 0.069663
4 0.489045 0.515730 0.048876 0.092135
4 0.498315 0.571910 0.047191 0.078652
4 0.516011 0.166292 0.045506 0.049438
4 0.856461 0.851685 0.085955 0.071910
4 0.801685 0.940449 0.064045 0.074157
4 0.838764 0.965169 0.060674 0.069662
4 0.408989 0.450562 0.060674 0.069663
4 0.147753 0.474157 0.080899 0.076404
4 0.441011 0.132584 0.064045 0.071910
4 0.382865 0.095506 0.079213 0.069663
4 0.050843 0.092135 0.058989 0.094382
4 0.021629 0.160674 0.043258 0.074157
4 0.018258 0.223596 0.036516 0.078652
4 0.962640 0.041573 0.052247 0.056180
4 0.976685 0.141573 0.046629 0.080899
4 0.975000 0.303371 0.050000 0.121348
4 0.965169 0.389888 0.040449 0.065169
4 0.433427 0.769663 0.055618 0.074157
4 0.100562 0.597753 0.064045 0.067416
4 0.616292 0.506742 0.047191 0.092135
0 0.414888 0.916854 0.048876 0.085393
0 0.795787 0.748315 0.058989 0.085393
0 0.375281 0.757303 0.064045 0.085393
0 0.513483 0.658427 0.067416 0.076404
0 0.149438 0.891011 0.050562 0.074157
0 0.059270 0.396629 0.062360 0.078652
0 0.020787 0.359551 0.041573 0.089888
0 0.450281 0.978652 0.075843 0.042696
0 0.315449 0.204494 0.072472 0.080899
3 0.304494 0.082022 0.060674 0.096629
3 0.564045 0.277528 0.037079 0.074157
3 0.275843 0.332584 0.077528 0.071910
3 0.374438 0.687640 0.045506 0.125843
3 0.694663 0.376404 0.072472 0.060674
3 0.157022 0.564045 0.052247 0.058427
3 0.245506 0.824719 0.050562 0.094382
3 0.416573 0.859551 0.052247 0.074157
3 0.474719 0.748315 0.047191 0.094382
3 0.563202 0.142697 0.058989 0.069663
1 0.356742 0.342697 0.060674 0.060674
3 0.966573 0.615730 0.066854 0.094382
1 0.666011 0.498876 0.045506 0.085393
1 0.354213 0.496629 0.052247 0.062921
4 0.108989 0.689888 0.080899 0.067416
4 0.062640 0.528090 0.048876 0.080899
4 0.024157 0.817978 0.048314 0.125843
4 0.575843 0.591011 0.053933 0.076404
4 0.474719 0.410112 0.060674 0.056180
4 0.473034 0.360674 0.097753 0.074157
4 0.344101 0.446067 0.058989 0.056180
4 0.213483 0.375281 0.070787 0.076404
4 0.257303 0.271910 0.067416 0.062921
2 0.820225 0.513483 0.047191 0.083146
4 0.932303 0.500000 0.042135 0.074157
4 0.613764 0.273034 0.055618 0.101124
4 0.331461 0.668539 0.057303 0.078652
4 0.190730 0.750562 0.072472 0.071910
4 0.148596 0.815730 0.062360 0.062921
3 0.206742 0.860674 0.033708 0.125843
4 0.676966 0.437079 0.084270 0.051685
4 0.715730 0.495506 0.033708 0.105618
4 0.788202 0.542697 0.040449 0.074157
4 0.328933 0.304494 0.048876 0.060674
4 0.116573 0.107865 0.045506 0.094382
4 0.068539 0.237079 0.037079 0.092135