0 0.923034 0.367416 0.077528 0.092135
0 0.906180 0.085393 0.070787 0.094382
0 0.448596 0.176404 0.055618 0.087640
0 0.518539 0.314607 0.053933 0.071910
0 0.250562 0.326966 0.080899 0.078652
0 0.866573 0.661798 0.052247 0.083146
0 0.868258 0.573034 0.069101 0.076404
0 0.698876 0.148315 0.064045 0.071910
0 0.203371 0.710112 0.060674 0.076404
0 0.190730 0.544944 0.052247 0.083146
0 0.245506 0.960674 0.060674 0.078652
0 0.273315 0.889888 0.052247 0.076404
0 0.811798 0.784270 0.057303 0.089888
0 0.980899 0.291011 0.038202 0.083146
0 0.658427 0.685393 0.060674 0.094382
0 0.075281 0.805618 0.057303 0.078652
0 0.126685 0.871910 0.058989 0.089888
0 0.433427 0.366292 0.062360 0.076404
0 0.735112 0.938202 0.058989 0.083146
0 0.555618 0.977528 0.074157 0.044944
3 0.174719 0.370787 0.097753 0.067416
3 0.666854 0.566292 0.050562 0.089888
3 0.934831 0.760674 0.067416 0.083146
3 0.272472 0.130337 0.050562 0.112360
3 0.316292 0.422472 0.057303 0.103371
3 0.076124 0.706742 0.038764 0.096629
3 0.342416 0.796629 0.042135 0.114607
3 0.446910 0.862921 0.035393 0.098876
3 0.187360 0.787640 0.065730 0.056180
1 0.716573 0.573034 0.048876 0.094382
1 0.936517 0.519101 0.043820 0.130337
1 0.617978 0.179775 0.037079 0.107865
4 0.811798 0.165169 0.080899 0.069663
4 0.783146 0.358427 0.070787 0.087640
4 0.833708 0.460674 0.064045 0.089888
4 0.567416 0.449438 0.037079 0.094382
4 0.683708 0.340449 0.037079 0.096629
4 0.569944 0.273034 0.065730 0.092135
4 0.531180 0.131461 0.062360 0.137079
4 0.639888 0.086517 0.067416 0.078652
4 0.737640 0.091011 0.070787 0.060674
4 0.391292 0.030337 0.072472 0.060674
4 0.128371 0.171910 0.065730 0.105618
4 0.417416 0.564045 0.070787 0.085393
4 0.583427 0.913483 0.058989 0.065169
4 0.787360 0.660674 0.042135 0.085393
4 0.789888 0.743820 0.094382 0.076404
4 0.714888 0.664045 0.045506 0.083146
4 0.746067 0.504494 0.047191 0.083146
4 0.966854 0.178652 0.043820 0.065169
4 0.759551 0.634831 0.040449 0.096629
4 0.235393 0.643820 0.057303 0.060674
4 0.086236 0.408989 0.096067 0.031461
4 0.079494 0.539326 0.052247 0.076404
3 0.441011 0.441573 0.037079 0.110112
3 0.385393 0.803371 0.030337 0.101124
4 0.483989 0.619101 0.048876 0.092135
4 0.748596 0.303371 0.058989 0.094382
4 0.398034 0.153933 0.045506 0.128090
4 0.357584 0.066292 0.065730 0.074157
4 0.258989 0.025843 0.064045 0.038202
4 0.361798 0.442697 0.053933 0.062921
4 0.394663 0.384270 0.065730 0.085393
4 0.095506 0.271910 0.057303 0.062921
4 0.165449 0.294382 0.055618 0.071910
4 0.099719 0.344944 0.058989 0.065169
4 0.070225 0.478652 0.087640 0.089888
0 0.018258 0.685393 0.036516 0.125843
0 0.057584 0.073034 0.052247 0.065169
0 0.099719 0.076404 0.052247 0.067416
0 0.070225 0.169663 0.047191 0.092135
0 0.014888 0.140449 0.029775 0.092135
2 0.528652 0.588764 0.057303 0.094382
2 0.642416 0.379775 0.042135 0.076404
4 0.216011 0.494382 0.079213 0.035955
2 0.625562 0.782022 0.058989 0.076404
4 0.448596 0.760674 0.099438 0.083146
4 0.613764 0.696629 0.075843 0.080899
4 0.871629 0.824719 0.042135 0.053933
4 0.880899 0.957303 0.101124 0.085393
4 0.978371 0.683146 0.043258 0.053933
4 0.610393 0.392135 0.062360 0.087640
4 0.183146 0.133708 0.060674 0.074157
4 0.028090 0.851685 0.053933 0.076404
4 0.066854 0.959551 0.050562 0.080898
4 0.496629 0.876404 0.047191 0.094382
2 0.360112 0.948315 0.060674 0.071910
4 0.577528 0.813483 0.053933 0.067416
4 0.553090 0.770787 0.052247 0.080899
4 0.298596 0.578652 0.052247 0.056180
4 0.252247 0.840449 0.047191 0.094382
3 0.321348 0.098876 0.050562 0.103371
3 0.717416 0.032584 0.043820 0.065168
4 0.465449 0.531461 0.038764 0.092135
4 0.139326 0.675281 0.074157 0.078652
4 0.109831 0.761798 0.052247 0.089888
4 0.769663 0.874157 0.053933 0.103371
4 0.869101 0.421348 0.050562 0.105618
4 0.563202 0.082022 0.055618 0.092135