0 0.404775 0.688764 0.052247 0.087640
0 0.757865 0.073034 0.053933 0.069663
0 0.065169 0.020225 0.060674 0.040449
0 0.136798 0.029213 0.058989 0.058426
0 0.517697 0.092135 0.045506 0.062921
0 0.850562 0.102247 0.060674 0.083146
0 0.181461 0.402247 0.040449 0.071910
0 0.076966 0.579775 0.064045 0.080899
0 0.285955 0.539326 0.074157 0.076404
0 0.691292 0.550562 0.058989 0.076404
0 0.408989 0.040449 0.057303 0.049438
0 0.513483 0.031461 0.060674 0.058427
0 0.488202 0.148315 0.067416 0.053933
0 0.067697 0.076404 0.085955 0.062921
0 0.403090 0.106742 0.058989 0.074157
0 0.420787 0.962921 0.064045 0.074157
0 0.330618 0.969663 0.099438 0.060674
0 0.403090 0.828090 0.062360 0.078652
0 0.569101 0.908989 0.064045 0.083146
0 0.914607 0.680899 0.043820 0.085393
0 0.871629 0.530337 0.048876 0.071910
0 0.507584 0.730337 0.055618 0.071910
0 0.441854 0.769663 0.048876 0.069663
0 0.590169 0.240449 0.058989 0.080899
0 0.736798 0.804494 0.069101 0.071910
0 0.526966 0.364045 0.067416 0.071910
0 0.337360 0.416854 0.058989 0.051685
0 0.938202 0.498876 0.064045 0.080899
0 0.251404 0.025843 0.062360 0.051685
0 0.200000 0.024719 0.070787 0.049438
0 0.871629 0.864045 0.062360 0.065169
1 0.426685 0.412360 0.055618 0.096629
1 0.532865 0.449438 0.096067 0.040449
4 0.931461 0.237079 0.053933 0.074157
4 0.770506 0.214607 0.065730 0.087640
4 0.705618 0.260674 0.070787 0.067416
4 0.644101 0.091011 0.058989 0.074157
4 0.302809 0.096629 0.087640 0.121348
4 0.205899 0.135955 0.055618 0.078652
4 0.254775 0.351685 0.079213 0.065169
4 0.160393 0.674157 0.062360 0.085393
4 0.173876 0.804494 0.082584 0.085393
4 0.556461 0.670787 0.052247 0.069663
4 0.526966 0.634831 0.060674 0.083146
4 0.582584 0.569663 0.064045 0.087640
4 0.546348 0.553933 0.048876 0.069663
4 0.631461 0.474157 0.067416 0.062921
4 0.889326 0.431461 0.067416 0.062921
4 0.782303 0.750562 0.055618 0.067416
4 0.892697 0.942697 0.053933 0.065169
4 0.864045 0.824719 0.064045 0.058427
4 0.829494 0.975281 0.058989 0.049438
4 0.746067 0.967416 0.060674 0.065168
4 0.971910 0.756180 0.047191 0.083146
0 0.388764 0.604494 0.067416 0.040449
4 0.339888 0.228090 0.070787 0.065169
0 0.052528 0.270787 0.082584 0.069663
4 0.650000 0.668539 0.033708 0.101124
4 0.071067 0.151685 0.062360 0.083146
4 0.158708 0.128090 0.058989 0.076404
4 0.159551 0.213483 0.053933 0.058427
4 0.158708 0.271910 0.042135 0.071910
4 0.135955 0.338202 0.053933 0.074157
4 0.106461 0.406742 0.052247 0.071910
4 0.091292 0.474157 0.048876 0.085393
4 0.082865 0.697753 0.058989 0.101124
4 0.216011 0.946067 0.072472 0.067416
4 0.295225 0.651685 0.035393 0.076404
4 0.441011 0.225843 0.030337 0.074157
4 0.426685 0.268539 0.055618 0.078652
4 0.312921 0.306742 0.074157 0.078652
4 0.590169 0.320225 0.048876 0.087640
4 0.537079 0.239326 0.050562 0.069663
4 0.614607 0.139326 0.043820 0.076404
4 0.965730 0.086517 0.068539 0.105618
4 0.686236 0.838202 0.058989 0.098876
4 0.642416 0.857303 0.058989 0.119101
4 0.641573 0.950562 0.060674 0.098876
4 0.908708 0.787640 0.038764 0.042697
4 0.800000 0.662921 0.057303 0.107865
4 0.226966 0.840449 0.040449 0.080899
4 0.275000 0.737079 0.065730 0.049438
4 0.115730 0.805618 0.060674 0.065169
4 0.161236 0.912360 0.070787 0.067416
4 0.101404 0.865169 0.072472 0.049438
4 0.102247 0.924719 0.047191 0.083146
3 0.730056 0.447191 0.058989 0.098876
3 0.767978 0.288764 0.074157 0.083146
3 0.569101 0.096629 0.057303 0.103371
3 0.201685 0.680899 0.037079 0.112360
3 0.251404 0.634831 0.038764 0.110112
3 0.365169 0.555056 0.033708 0.040449
3 0.322191 0.578652 0.072472 0.074157
3 0.847191 0.475281 0.064045 0.051685
4 0.680337 0.362921 0.074157 0.069663
4 0.888483 0.283146 0.055618 0.071910
4 0.830337 0.222472 0.053933 0.107865
4 0.878371 0.183146 0.062360 0.065169
4 0.404775 0.378652 0.062360 0.069663
0 0.296910 0.465169 0.058989 0.062921
0 0.253090 0.412360 0.052247 0.087640
4 0.654213 0.019101 0.075843 0.038202
4 0.891854 0.559551 0.038764 0.098876
4 0.975843 0.675281 0.048314 0.069663
2 0.986798 0.837079 0.026404 0.105618
2 0.963202 0.577528 0.073596 0.094382
4 0.458708 0.492135 0.058989 0.062921
4 0.715730 0.694382 0.057303 0.089888
4 0.757022 0.562921 0.042135 0.069663
4 0.971067 0.296629 0.048876 0.089888
4 0.016573 0.449438 0.033146 0.071910
4 0.014045 0.335955 0.028090 0.065169