0 0.900281 0.162921 0.075843 0.087640
0 0.773034 0.364045 0.080899 0.071910
0 0.634831 0.283146 0.064045 0.067416
0 0.647472 0.191011 0.065730 0.067416
0 0.337360 0.067416 0.069101 0.067416
0 0.039045 0.304494 0.069101 0.074157
0 0.025000 0.235955 0.050000 0.103371
0 0.114888 0.035955 0.075843 0.053933
0 0.048315 0.613483 0.080899 0.076404
0 0.145225 0.942697 0.069101 0.087640
0 0.440169 0.829213 0.069101 0.085393
0 0.500843 0.726966 0.048876 0.065169
0 0.673596 0.779775 0.067416 0.071910
0 0.737640 0.850562 0.084270 0.078652
0 0.807584 0.831461 0.042135 0.076404
0 0.866573 0.843820 0.042135 0.051685
0 0.950843 0.321348 0.055618 0.080899
0 0.350843 0.446067 0.055618 0.056180
0 0.417416 0.178652 0.057303 0.065169
0 0.233708 0.466292 0.053933 0.065169
0 0.741854 0.607865 0.052247 0.074157
4 0.859831 0.513483 0.079213 0.051685
4 0.446910 0.233708 0.048876 0.062921
4 0.473034 0.061798 0.043820 0.074157
4 0.510112 0.106742 0.057303 0.042697
4 0.888483 0.064045 0.072472 0.042697
4 0.789045 0.204494 0.062360 0.085393
4 0.719101 0.249438 0.060674 0.080899
4 0.684551 0.325843 0.052247 0.067416
4 0.237921 0.178652 0.058989 0.060674
4 0.146067 0.174157 0.053933 0.087640
4 0.128371 0.112360 0.069101 0.067416
3 0.202528 0.048315 0.069101 0.083146
3 0.905337 0.349438 0.055618 0.074157
4 0.457022 0.494382 0.062360 0.103371
4 0.542978 0.528090 0.055618 0.076404
4 0.366011 0.296629 0.048876 0.085393
4 0.585955 0.089888 0.087640 0.067416
4 0.142697 0.757303 0.047191 0.076404
4 0.183146 0.823596 0.067416 0.074157
4 0.303652 0.816854 0.062360 0.056180
4 0.522753 0.830337 0.072472 0.074157
4 0.569944 0.729213 0.058989 0.074157
4 0.693820 0.551685 0.057303 0.065169
4 0.746067 0.526966 0.067416 0.074157
4 0.606180 0.213483 0.047191 0.040449
4 0.702247 0.040449 0.064045 0.080898
4 0.789888 0.022472 0.070787 0.044944
4 0.246348 0.282022 0.085955 0.051685
4 0.301124 0.359551 0.064045 0.053933
4 0.856742 0.698672 0.065884 0.077630
4 0.897344 0.558733 0.055158 0.079673
4 0.967058 0.482125 0.035240 0.073544
4 0.792390 0.958631 0.065884 0.082737
4 0.285240 0.903984 0.044433 0.075587
4 0.407814 0.977017 0.078141 0.045965
4 0.246936 0.962206 0.075077 0.073544
4 0.388662 0.570991 0.049030 0.075587
4 0.383299 0.487232 0.062819 0.042901
4 0.387130 0.398366 0.042901 0.085802
4 0.433861 0.439224 0.047497 0.073544
0 0.354954 0.598570 0.045965 0.077630
3 0.846016 0.555669 0.084270 0.049030
3 0.303626 0.612870 0.072012 0.053115
3 0.397855 0.692543 0.052094 0.073544
3 0.076098 0.721144 0.085802 0.044944
4 0.082227 0.554648 0.073544 0.059244
4 0.021961 0.538304 0.043922 0.083759
4 0.290603 0.116445 0.042901 0.073544
4 0.200970 0.159346 0.065884 0.081716
4 0.303626 0.655771 0.038304 0.032686
4 0.369510 0.736466 0.044433 0.042901
4 0.446885 0.754852 0.070480 0.051073
4 0.515832 0.606742 0.055158 0.049030
4 0.588611 0.627171 0.053626 0.057201
4 0.722676 0.676200 0.058223 0.073544
4 0.672114 0.600613 0.070480 0.049030
4 0.669816 0.705822 0.062819 0.051073
4 0.670582 0.652707 0.058223 0.046987
4 0.498212 0.668029 0.047497 0.053115
4 0.557967 0.592441 0.053626 0.065373
4 0.911900 0.855975 0.072012 0.053115
4 0.902707 0.797753 0.059755 0.075587
4 0.843718 0.771195 0.064351 0.075587
4 0.972421 0.582227 0.055158 0.065373
4 0.977783 0.658836 0.044433 0.063330
4 0.888917 0.664964 0.047497 0.055158
4 0.973187 0.774259 0.053626 0.053115
4 0.067671 0.831461 0.062819 0.065373
4 0.066139 0.902962 0.072012 0.069459
4 0.077630 0.959653 0.076609 0.080694
3 0.345761 0.693565 0.073544 0.046987
3 0.431563 0.121553 0.045965 0.083759
3 0.338866 0.326864 0.065884 0.069459
1 0.300562 0.417773 0.087334 0.067416