0 0.127528 0.247191 0.080899 0.058427
0 0.298596 0.250562 0.075843 0.078652
0 0.433427 0.515730 0.065730 0.069663
0 0.928090 0.459551 0.047191 0.069663
0 0.924719 0.592135 0.040449 0.069663
0 0.888483 0.686517 0.055618 0.083146
0 0.956742 0.239326 0.077528 0.083146
0 0.672753 0.412360 0.058989 0.083146
0 0.625562 0.513483 0.048876 0.074157
0 0.558146 0.519101 0.052247 0.053933
0 0.866573 0.092135 0.058989 0.071910
0 0.344944 0.139326 0.043820 0.058427
0 0.150281 0.607865 0.052247 0.092135
0 0.235393 0.583146 0.047191 0.092135
0 0.780618 0.878652 0.065730 0.071910
0 0.754494 0.335955 0.043820 0.087640
0 0.842978 0.317978 0.058989 0.060674
0 0.897753 0.394382 0.080899 0.083146
0 0.979213 0.305618 0.041573 0.080899
0 0.172191 0.685393 0.062360 0.094382
1 0.927247 0.132584 0.089326 0.058427
1 0.042416 0.904494 0.069101 0.042697
1 0.546348 0.620225 0.096067 0.089888
3 0.660955 0.352809 0.082584 0.053933
3 0.569101 0.447191 0.077528 0.044944
3 0.236236 0.043820 0.082584 0.074157
3 0.080337 0.843820 0.091011 0.065169
3 0.897753 0.873034 0.074157 0.092135
1 0.836236 0.350562 0.106180 0.044944
4 0.741011 0.030337 0.070787 0.060674
4 0.548876 0.330337 0.101124 0.076404
4 0.641573 0.203371 0.064045 0.078652
4 0.624719 0.101124 0.080899 0.089888
4 0.354213 0.400000 0.062360 0.062921
4 0.200000 0.417978 0.077528 0.085393
4 0.825281 0.603371 0.053933 0.060674
4 0.788202 0.177528 0.060674 0.080899
4 0.480618 0.187640 0.038764 0.056180
4 0.572472 0.159551 0.050562 0.085393
4 0.446910 0.031461 0.052247 0.044944
4 0.525281 0.052809 0.064045 0.083146
4 0.514326 0.120225 0.069101 0.083146
4 0.566573 0.068539 0.035393 0.083146
4 0.366854 0.089888 0.057303 0.071910
4 0.410674 0.173034 0.043820 0.067416
4 0.367697 0.197753 0.035393 0.076404
4 0.312079 0.174157 0.052247 0.065169
4 0.148596 0.067416 0.038764 0.094382
0 0.056742 0.093258 0.053933 0.087640
0 0.470506 0.629213 0.069101 0.103371
0 0.979213 0.408989 0.041573 0.071910
0 0.320506 0.900000 0.052247 0.074157
0 0.166292 0.804494 0.064045 0.076404
0 0.183989 0.883146 0.048876 0.067416
2 0.747753 0.107865 0.084270 0.076404
2 0.827809 0.674157 0.055618 0.098876
0 0.340730 0.307865 0.065730 0.062921
4 0.284270 0.486517 0.080899 0.078652
4 0.367697 0.620225 0.042135 0.049438
4 0.391292 0.678652 0.042135 0.067416
4 0.252247 0.780899 0.064045 0.083146
4 0.494944 0.866292 0.053933 0.069663
4 0.623876 0.949438 0.055618 0.087640
4 0.703090 0.744944 0.065730 0.078652
4 0.757022 0.738202 0.052247 0.069663
4 0.991011 0.548315 0.017978 0.058427
4 0.636517 0.747191 0.064045 0.078652
4 0.732584 0.465169 0.050562 0.067416
4 0.802528 0.456180 0.075843 0.098876
4 0.098876 0.307865 0.064045 0.089888
4 0.022472 0.523596 0.044944 0.103371
4 0.077809 0.666292 0.058989 0.083146
4 0.040730 0.738202 0.048876 0.074157
4 0.114045 0.766292 0.057303 0.067416
4 0.107303 0.498876 0.070787 0.076404
4 0.134270 0.567416 0.077528 0.069663
4 0.451124 0.321348 0.080899 0.080899
4 0.435112 0.414607 0.075843 0.087640
4 0.741011 0.186517 0.053933 0.085393
4 0.730899 0.257303 0.070787 0.074157
4 0.658427 0.620225 0.043820 0.053933
4 0.697191 0.649438 0.043820 0.058427
4 0.735955 0.624719 0.060674 0.058427
3 0.394663 0.352809 0.065730 0.071910
4 0.576685 0.723596 0.052247 0.094382
4 0.608708 0.841573 0.069101 0.065169
4 0.435955 0.929213 0.057303 0.069663
4 0.388764 0.924719 0.047191 0.060674
4 0.312921 0.783146 0.060674 0.074157
4 0.294382 0.574157 0.057303 0.074157
4 0.203371 0.633708 0.047191 0.067416
4 0.351685 0.750562 0.047191 0.071910
4 0.652528 0.865169 0.052247 0.071910
4 0.907022 0.525843 0.052247 0.067416
4 0.425843 0.098876 0.053933 0.067416
4 0.136798 0.347191 0.048876 0.060674
4 0.232022 0.937079 0.074157 0.076404
4 0.544663 0.895506 0.048876 0.092135
4 0.767135 0.515730 0.052247 0.056180