0 0.723315 0.182022 0.058989 0.071910
0 0.676966 0.322472 0.060674 0.083146
0 0.653371 0.634831 0.067416 0.105618
0 0.599438 0.675281 0.060674 0.096629
0 0.517697 0.760674 0.072472 0.078652
0 0.924719 0.388764 0.040449 0.071910
0 0.357584 0.310112 0.055618 0.089888
0 0.378652 0.495506 0.084270 0.087640
0 0.431742 0.444944 0.062360 0.071910
0 0.563202 0.428090 0.055618 0.074157
0 0.272472 0.121348 0.060674 0.080899
0 0.221910 0.532584 0.091011 0.116854
0 0.173876 0.817978 0.072472 0.098876
0 0.209270 0.943820 0.062360 0.067416
0 0.896910 0.568539 0.055618 0.107865
0 0.823596 0.893258 0.050562 0.060674
4 0.628090 0.266292 0.084270 0.074157
4 0.874157 0.119101 0.097753 0.085393
4 0.653371 0.120225 0.091011 0.078652
4 0.508427 0.094382 0.074157 0.076404
4 0.462079 0.157303 0.075843 0.080899
4 0.404775 0.032584 0.075843 0.065168
4 0.525281 0.308989 0.077528 0.078652
4 0.842135 0.416854 0.087640 0.051685
4 0.756180 0.338202 0.084270 0.083146
4 0.715730 0.410112 0.057303 0.083146
4 0.698034 0.557303 0.055618 0.080899
4 0.655899 0.431461 0.069101 0.094382
4 0.617978 0.492135 0.067416 0.080899
2 0.135112 0.566292 0.075843 0.094382
2 0.759551 0.849438 0.060674 0.085393
4 0.102247 0.044944 0.060674 0.089888
4 0.119101 0.139326 0.087640 0.085393
4 0.194944 0.280899 0.067416 0.053933
4 0.732584 0.640449 0.074157 0.089888
4 0.790730 0.779775 0.062360 0.085393
4 0.885112 0.782022 0.055618 0.076404
4 0.944944 0.905618 0.080899 0.094382
4 0.293539 0.625843 0.062360 0.074157
4 0.028933 0.160674 0.048876 0.087640
4 0.047472 0.092135 0.085955 0.080899
4 0.331461 0.239326 0.104494 0.056180
4 0.241292 0.361798 0.085955 0.067416
4 0.550562 0.231461 0.057303 0.053933
4 0.430899 0.278652 0.070787 0.080899
4 0.415730 0.939326 0.074157 0.049438
4 0.467978 0.867416 0.057303 0.067416
4 0.506742 0.826966 0.084270 0.071910
4 0.647472 0.868539 0.052247 0.069663
4 0.659270 0.773034 0.058989 0.103371
4 0.572472 0.756180 0.043820 0.069663
4 0.306180 0.842697 0.070787 0.058427
4 0.256461 0.867416 0.045506 0.089888
4 0.273315 0.724719 0.065730 0.065169
4 0.261517 0.661798 0.072472 0.060674
4 0.082865 0.405618 0.075843 0.101124
4 0.018258 0.349438 0.036516 0.101124
4 0.341573 0.079775 0.057303 0.078652
3 0.777247 0.485393 0.048876 0.103371
1 0.971629 0.277528 0.056742 0.042697
3 0.168820 0.629213 0.069101 0.076404
3 0.537921 0.882022 0.099438 0.065169
3 0.173876 0.362921 0.028652 0.105618
3 0.356742 0.153933 0.037079 0.074157
3 0.262360 0.292135 0.037079 0.080899
3 0.299438 0.305618 0.030337 0.089888
3 0.960674 0.197753 0.078652 0.058427
4 0.039888 0.693258 0.064045 0.087640
4 0.025000 0.841573 0.050000 0.074157
4 0.082022 0.925843 0.064045 0.076404
4 0.136798 0.768539 0.058989 0.080899
4 0.163764 0.697753 0.072472 0.065169
4 0.092978 0.803371 0.065730 0.065169
4 0.041573 0.776404 0.060674 0.069663
4 0.129213 0.365169 0.067416 0.087640
4 0.280899 0.473034 0.064045 0.056180
4 0.302809 0.532584 0.067416 0.112360
4 0.242978 0.449438 0.045506 0.098876
0 0.843820 0.751685 0.060674 0.092135
4 0.969944 0.532584 0.060112 0.089888
0 0.964045 0.347191 0.071910 0.051685
0 0.986798 0.459551 0.026404 0.074157
4 0.393820 0.204494 0.067416 0.112360