0 0.380337 0.087640 0.077528 0.058427
0 0.810112 0.121348 0.053933 0.080899
0 0.872472 0.526966 0.064045 0.087640
0 0.816854 0.450562 0.050562 0.074157
0 0.754494 0.539326 0.067416 0.098876
0 0.711517 0.603371 0.065730 0.087640
0 0.869944 0.856180 0.058989 0.089888
0 0.912921 0.924719 0.070787 0.060674
0 0.933989 0.851685 0.062360 0.067416
0 0.397191 0.673034 0.067416 0.074157
0 0.721629 0.478652 0.055618 0.076404
0 0.534551 0.268539 0.045506 0.060674
0 0.624719 0.606742 0.064045 0.062921
0 0.862360 0.375281 0.064045 0.089888
0 0.935674 0.305618 0.069101 0.098876
4 0.681180 0.308989 0.082584 0.065169
4 0.720787 0.369663 0.067416 0.069663
4 0.292697 0.214607 0.084270 0.074157
4 0.300281 0.397753 0.055618 0.080899
4 0.199157 0.347191 0.072472 0.087640
4 0.185674 0.430337 0.065730 0.074157
4 0.151966 0.483146 0.038764 0.062921
4 0.109831 0.408989 0.092697 0.071910
4 0.282584 0.461798 0.067416 0.056180
4 0.153652 0.562921 0.079213 0.083146
4 0.237079 0.724719 0.080899 0.056180
4 0.302809 0.874157 0.080899 0.094382
4 0.344944 0.762921 0.057303 0.074157
4 0.612921 0.829213 0.074157 0.071910
4 0.836236 0.719101 0.065730 0.076404
4 0.903652 0.655056 0.055618 0.078652
4 0.076124 0.088764 0.075843 0.047191
4 0.029213 0.476404 0.058426 0.062921
4 0.104775 0.665169 0.055618 0.076404
4 0.515169 0.738202 0.053933 0.074157
4 0.489045 0.640449 0.065730 0.071910
4 0.621348 0.198876 0.040449 0.083146
4 0.545506 0.101124 0.057303 0.107865
4 0.571629 0.049438 0.048876 0.053933
4 0.189888 0.169663 0.043820 0.078652
4 0.156180 0.074157 0.043820 0.080899
4 0.220225 0.088764 0.067416 0.078652
4 0.230337 0.038202 0.067416 0.071910
4 0.366011 0.029213 0.052247 0.058426
4 0.018258 0.337079 0.036516 0.035955
4 0.031742 0.406742 0.063483 0.067416
4 0.044944 0.630337 0.067416 0.092135
4 0.035674 0.850562 0.065730 0.065169
4 0.254775 0.585393 0.048876 0.092135
4 0.229494 0.522472 0.048876 0.065169
4 0.474719 0.429213 0.060674 0.103371
4 0.505899 0.208989 0.065730 0.089888
4 0.620506 0.392135 0.048876 0.069663
4 0.802528 0.319101 0.052247 0.049438
4 0.725843 0.773034 0.060674 0.067416
4 0.760393 0.885393 0.045506 0.089888
4 0.975000 0.768539 0.050000 0.080899
0 0.976124 0.828090 0.042135 0.087640
0 0.868258 0.120225 0.052247 0.078652
1 0.453652 0.546067 0.052247 0.098876
1 0.655056 0.724719 0.053933 0.110112
1 0.472191 0.753933 0.038764 0.119101
1 0.266573 0.507865 0.062360 0.098876
1 0.147753 0.164045 0.033708 0.139326
1 0.027247 0.958427 0.038764 0.083146
3 0.475562 0.333708 0.052247 0.105618
3 0.564045 0.343820 0.057303 0.067416
3 0.536236 0.438202 0.052247 0.053933
3 0.528652 0.359551 0.060674 0.076404
3 0.730056 0.150562 0.062360 0.071910
3 0.846348 0.051685 0.058989 0.049438
3 0.779775 0.022472 0.057303 0.044944
3 0.760393 0.088764 0.052247 0.060674
3 0.555618 0.532584 0.047191 0.098876
3 0.628090 0.522472 0.050562 0.110112
3 0.582584 0.626966 0.033708 0.076404
3 0.581742 0.903371 0.079213 0.071910
3 0.512640 0.913483 0.085955 0.083146
3 0.774719 0.737079 0.053933 0.071910
3 0.793258 0.824719 0.050562 0.107865
3 0.699719 0.869663 0.055618 0.067416
3 0.730899 0.930337 0.053933 0.067416
3 0.692978 0.978652 0.085955 0.042696
3 0.329775 0.534831 0.060674 0.089888
3 0.808427 0.388764 0.057303 0.085393
3 0.296910 0.674157 0.062360 0.067416
3 0.226966 0.644944 0.067416 0.062921
3 0.571629 0.756180 0.055618 0.065169
4 0.180618 0.819101 0.065730 0.096629
4 0.067697 0.965169 0.042135 0.069662
4 0.161236 0.979775 0.067416 0.040449
4 0.210955 0.973034 0.069101 0.053932
4 0.429213 0.950562 0.040449 0.067416
2 0.380337 0.841573 0.074157 0.096629
4 0.372753 0.356180 0.075843 0.069663
2 0.033427 0.144944 0.066854 0.105618