0 0.576685 0.057303 0.058989 0.087640
0 0.849719 0.465169 0.052247 0.076404
0 0.892697 0.232584 0.067416 0.105618
0 0.917135 0.353933 0.045506 0.065169
0 0.911236 0.458427 0.050562 0.080899
0 0.880899 0.852809 0.067416 0.065169
0 0.842135 0.731461 0.047191 0.087640
0 0.644101 0.603371 0.062360 0.065169
0 0.680337 0.871910 0.087640 0.062921
0 0.306180 0.182022 0.084270 0.071910
0 0.349157 0.585393 0.092697 0.078652
0 0.425843 0.759551 0.057303 0.094382
0 0.050843 0.520225 0.058989 0.087640
0 0.035674 0.388764 0.038764 0.103371
0 0.111517 0.313483 0.055618 0.065169
0 0.114888 0.235955 0.096067 0.049438
0 0.173876 0.030337 0.075843 0.060674
2 0.299438 0.780899 0.084270 0.087640
4 0.515169 0.261798 0.064045 0.078652
4 0.737640 0.576404 0.097753 0.092135
4 0.814326 0.421348 0.065730 0.069663
4 0.830337 0.205618 0.060674 0.065169
4 0.686236 0.348315 0.048876 0.098876
4 0.590169 0.459551 0.072472 0.114607
4 0.405618 0.485393 0.043820 0.089888
4 0.470506 0.631461 0.062360 0.058427
4 0.583427 0.602247 0.048876 0.080899
4 0.499157 0.523596 0.058989 0.067416
4 0.510955 0.465169 0.092697 0.076404
4 0.387079 0.324719 0.050562 0.069663
4 0.404775 0.252809 0.058989 0.069663
4 0.419944 0.074157 0.048876 0.080899
4 0.386236 0.119101 0.055618 0.107865
4 0.242978 0.135955 0.048876 0.047191
4 0.043258 0.153933 0.060674 0.060674
4 0.027247 0.038202 0.052247 0.076404
4 0.108989 0.037079 0.053933 0.074157
4 0.017416 0.297753 0.034831 0.132584
4 0.648315 0.752809 0.053933 0.067416
4 0.429213 0.678652 0.064045 0.076404
4 0.775562 0.023596 0.069101 0.047191
4 0.288483 0.373034 0.062360 0.076404
4 0.511798 0.343820 0.064045 0.080899
4 0.227809 0.344944 0.058989 0.083146
4 0.224438 0.279775 0.058989 0.065169
4 0.162079 0.316854 0.035393 0.098876
4 0.198315 0.559551 0.077528 0.103371
4 0.045787 0.779775 0.038764 0.085393
4 0.094663 0.760674 0.045506 0.078652
4 0.101404 0.843820 0.052247 0.069663
4 0.060112 0.847191 0.047191 0.071910
4 0.158708 0.966292 0.058989 0.067416
4 0.206742 0.906742 0.057303 0.078652
4 0.268258 0.835955 0.085955 0.071910
4 0.261517 0.911236 0.089326 0.092135
4 0.516854 0.915730 0.060674 0.074157
4 0.519382 0.839326 0.065730 0.060674
4 0.499157 0.717978 0.048876 0.092135
4 0.580899 0.774157 0.057303 0.065169
4 0.628090 0.935955 0.064045 0.078652
4 0.768820 0.983146 0.062360 0.033708
4 0.728371 0.956180 0.052247 0.087640
4 0.967697 0.284270 0.058989 0.101124
4 0.564045 0.344944 0.033708 0.060674
4 0.491573 0.967416 0.074157 0.065168
4 0.658427 0.033708 0.080899 0.035955
1 0.777247 0.086517 0.069101 0.074157
1 0.633989 0.138202 0.035393 0.105618
1 0.597753 0.322472 0.067416 0.110112
1 0.850562 0.648315 0.077528 0.110112
1 0.696348 0.812360 0.085955 0.065169
1 0.359270 0.966292 0.065730 0.067416
1 0.920506 0.104494 0.082584 0.078652
1 0.812640 0.139326 0.052247 0.071910
3 0.969382 0.429213 0.055618 0.103371
3 0.970787 0.729213 0.058426 0.087640
3 0.324719 0.040449 0.037079 0.080898
3 0.250562 0.205618 0.074157 0.096629
3 0.381180 0.761798 0.032022 0.103371
3 0.872472 0.391011 0.043820 0.085393
4 0.275843 0.475281 0.084270 0.087640
4 0.362640 0.668539 0.065730 0.060674
4 0.280056 0.586517 0.035393 0.107865
4 0.441854 0.531461 0.025281 0.087640
4 0.591854 0.864045 0.042135 0.060674
4 0.612921 0.822472 0.047191 0.071910
4 0.046629 0.959551 0.043820 0.080898
4 0.014607 0.797753 0.026966 0.098876
4 0.028933 0.892135 0.042135 0.107865