0 0.395506 0.670787 0.077528 0.069663
0 0.671910 0.419101 0.077528 0.087640
0 0.928090 0.769663 0.067416 0.092135
0 0.668539 0.804494 0.070787 0.089888
0 0.225281 0.425843 0.057303 0.078652
0 0.189045 0.576404 0.069101 0.087640
0 0.360112 0.800000 0.080899 0.085393
0 0.742697 0.279775 0.053933 0.096629
0 0.511798 0.916854 0.050562 0.071910
0 0.714045 0.968539 0.070787 0.062921
0 0.467135 0.502247 0.058989 0.065169
0 0.191573 0.220225 0.050562 0.076404
0 0.048315 0.411236 0.060674 0.071910
0 0.989326 0.113483 0.021348 0.096629
0 0.574157 0.975281 0.057303 0.049438
0 0.528652 0.483146 0.060674 0.089888
4 0.575000 0.556180 0.055618 0.087640
4 0.805056 0.435955 0.050562 0.062921
4 0.950000 0.551685 0.067416 0.087640
4 0.837921 0.246067 0.042135 0.065169
4 0.850562 0.171910 0.064045 0.060674
4 0.807584 0.103371 0.058989 0.062921
4 0.792416 0.195506 0.052247 0.067416
4 0.698876 0.167416 0.060674 0.078652
4 0.585955 0.119101 0.037079 0.094382
4 0.605337 0.193258 0.032022 0.076404
4 0.671910 0.066292 0.064045 0.042697
4 0.650843 0.189888 0.028652 0.092135
4 0.592697 0.280899 0.067416 0.058427
4 0.392135 0.406742 0.084270 0.058427
4 0.083708 0.193258 0.057303 0.067416
4 0.055899 0.131461 0.062360 0.060674
4 0.126685 0.034831 0.079213 0.069662
4 0.192416 0.079775 0.058989 0.083146
4 0.211798 0.158427 0.057303 0.047191
4 0.132584 0.150562 0.043820 0.071910
4 0.348315 0.095506 0.057303 0.074157
4 0.522753 0.323596 0.065730 0.058427
4 0.800843 0.674157 0.058989 0.053933
4 0.851404 0.634831 0.062360 0.069663
4 0.856461 0.562921 0.052247 0.051685
4 0.893539 0.498876 0.035393 0.058427
4 0.906180 0.352809 0.040449 0.058427
4 0.908708 0.411236 0.062360 0.049438
4 0.935674 0.306742 0.045506 0.069663
4 0.966011 0.405618 0.042135 0.087640
4 0.920506 0.171910 0.058989 0.078652
4 0.184831 0.726966 0.067416 0.087640
4 0.442697 0.805618 0.050562 0.074157
4 0.494944 0.688764 0.067416 0.092135
4 0.473034 0.580899 0.064045 0.074157
4 0.546348 0.846067 0.048876 0.069663
4 0.521067 0.795506 0.058989 0.071910
4 0.791573 0.849438 0.053933 0.067416
4 0.746067 0.858427 0.040449 0.049438
4 0.730899 0.910112 0.064045 0.062921
4 0.977528 0.917978 0.044944 0.083146
4 0.144382 0.891011 0.070787 0.074157
4 0.253090 0.720225 0.045506 0.069663
4 0.116573 0.968539 0.058989 0.062921
4 0.038202 0.325843 0.060674 0.071910
4 0.429213 0.155056 0.057303 0.071910
4 0.475562 0.156180 0.055618 0.074157
4 0.514326 0.048315 0.048876 0.038202
4 0.618820 0.019101 0.072472 0.038202
4 0.738483 0.024719 0.099438 0.049438
4 0.885955 0.024719 0.087640 0.049438
4 0.327247 0.482022 0.055618 0.074157
4 0.324719 0.869663 0.084270 0.067416
4 0.056742 0.649438 0.043820 0.085393
4 0.021629 0.669663 0.043258 0.103371
4 0.046629 0.959551 0.060674 0.076404
4 0.445225 0.928090 0.058989 0.076404
4 0.797472 0.601124 0.062360 0.096629
4 0.835393 0.483146 0.053933 0.062921
4 0.366854 0.156180 0.037079 0.065169
4 0.220225 0.026966 0.057303 0.040449
4 0.338202 0.015730 0.067416 0.031460
4 0.055899 0.502247 0.075843 0.065169
4 0.604494 0.334831 0.091011 0.080899
4 0.695506 0.262921 0.060674 0.107865
3 0.332303 0.423596 0.072472 0.038202
3 0.391292 0.334831 0.058989 0.098876
3 0.459551 0.308989 0.053933 0.083146
3 0.167135 0.317978 0.082584 0.051685
3 0.746067 0.178652 0.050562 0.128090
3 0.688764 0.110112 0.094382 0.053933
1 0.698876 0.550562 0.053933 0.121348
1 0.123315 0.644944 0.062360 0.116854
3 0.039045 0.794382 0.052247 0.096629
3 0.099719 0.824719 0.048876 0.107865
3 0.177247 0.656180 0.055618 0.094382
3 0.400562 0.488764 0.070787 0.042697
0 0.066011 0.552809 0.079213 0.080899