0 0.516011 0.656180 0.065730 0.085393
0 0.799157 0.244944 0.058989 0.085393
0 0.836236 0.162921 0.075843 0.060674
0 0.689607 0.177528 0.069101 0.094382
0 0.681180 0.543820 0.055618 0.067416
0 0.645787 0.621348 0.072472 0.092135
0 0.763764 0.648315 0.062360 0.087640
0 0.752809 0.544944 0.067416 0.092135
0 0.739326 0.441573 0.070787 0.092135
0 0.330618 0.341573 0.075843 0.067416
0 0.235393 0.253933 0.070787 0.062921
0 0.489045 0.030337 0.075843 0.060674
0 0.120787 0.778652 0.070787 0.096629
0 0.108989 0.931461 0.060674 0.074157
0 0.714888 0.819101 0.052247 0.101124
0 0.215169 0.135955 0.070787 0.083146
0 0.180618 0.211236 0.075843 0.080899
0 0.421629 0.438202 0.058989 0.058427
0 0.446910 0.637079 0.052247 0.078652
0 0.159551 0.510112 0.067416 0.076404
0 0.172191 0.582022 0.062360 0.067416
2 0.578371 0.335955 0.062360 0.096629
4 0.289326 0.121348 0.064045 0.085393
4 0.400562 0.084270 0.077528 0.087640
4 0.383708 0.198876 0.067416 0.060674
4 0.481461 0.286517 0.047191 0.056180
4 0.499157 0.325843 0.052247 0.107865
4 0.655056 0.035955 0.067416 0.071910
4 0.823596 0.111236 0.070787 0.065169
4 0.939888 0.306742 0.050562 0.065169
4 0.908708 0.359551 0.052247 0.067416
4 0.905337 0.640449 0.065730 0.085393
4 0.963202 0.768539 0.073596 0.094382
4 0.933989 0.494382 0.052247 0.085393
4 0.326404 0.525843 0.070787 0.107865
4 0.141011 0.382022 0.080899 0.076404
4 0.223596 0.460674 0.050562 0.076404
4 0.275000 0.433708 0.045506 0.098876
4 0.194944 0.693258 0.067416 0.074157
4 0.134270 0.711236 0.080899 0.074157
4 0.241292 0.820225 0.075843 0.076404
4 0.323876 0.725843 0.072472 0.058427
4 0.403933 0.574157 0.070787 0.078652
0 0.866573 0.519101 0.069101 0.121348
0 0.607022 0.404494 0.069101 0.098876
0 0.451966 0.892135 0.069101 0.071910
0 0.363483 0.950562 0.050562 0.080899
0 0.308708 0.968539 0.055618 0.062921
0 0.922191 0.925843 0.052247 0.107865
0 0.038202 0.270787 0.067416 0.078652
0 0.030056 0.385393 0.060112 0.074157
0 0.119101 0.213483 0.050562 0.085393
0 0.171348 0.319101 0.070787 0.080899
0 0.126685 0.030337 0.062360 0.060674
0 0.552247 0.843820 0.047191 0.074157
4 0.032584 0.516854 0.065168 0.094382
0 0.044101 0.451685 0.082584 0.053933
0 0.105618 0.566292 0.047191 0.062921
4 0.102247 0.625843 0.053933 0.056180
4 0.325562 0.266292 0.062360 0.083146
4 0.032303 0.839326 0.058989 0.092135
4 0.067697 0.671910 0.065730 0.076404
4 0.030618 0.625843 0.042135 0.065169
4 0.049157 0.141573 0.065730 0.085393
4 0.116573 0.066292 0.072472 0.060674
4 0.218539 0.052809 0.053933 0.065169
4 0.151966 0.126966 0.055618 0.110112
4 0.328933 0.023596 0.058989 0.047191
4 0.336517 0.843820 0.070787 0.065169
4 0.328090 0.804494 0.077528 0.040449
4 0.234551 0.959551 0.048876 0.076404
4 0.580899 0.947191 0.064045 0.074157
4 0.635674 0.916854 0.069101 0.062921
4 0.590169 0.757303 0.045506 0.053933
4 0.601124 0.813483 0.053933 0.053933
4 0.686236 0.729213 0.085955 0.074157
4 0.802528 0.758427 0.065730 0.087640
4 0.810955 0.843820 0.055618 0.087640
4 0.789888 0.886517 0.057303 0.074157
4 0.780618 0.956180 0.075843 0.069663
4 0.859831 0.940449 0.045506 0.056180
4 0.976685 0.870787 0.046629 0.069663
3 0.495787 0.426966 0.058989 0.125843
3 0.943258 0.247191 0.091011 0.035955
3 0.399719 0.311236 0.052247 0.083146
4 0.271629 0.624719 0.052247 0.071910
3 0.226124 0.568539 0.082584 0.080899
4 0.983427 0.400000 0.033146 0.058427
4 0.972753 0.948315 0.042135 0.058427
4 0.708146 0.953933 0.065730 0.065169
4 0.404775 0.776404 0.042135 0.096629
4 0.530337 0.770787 0.064045 0.053933
4 0.462079 0.800000 0.075843 0.067416
3 0.479775 0.768539 0.040449 0.089888
3 0.360955 0.717978 0.052247 0.105618
3 0.966854 0.544944 0.037079 0.092135
4 0.951685 0.606742 0.050562 0.089888
4 0.376124 0.452809 0.065730 0.101124
1 0.318820 0.484270 0.048876 0.101124