0 0.410674 0.083146 0.067416 0.107865
0 0.462921 0.680899 0.057303 0.121348
0 0.617135 0.724719 0.055618 0.069663
0 0.639045 0.608989 0.052247 0.080899
0 0.682022 0.283146 0.060674 0.085393
0 0.719944 0.215730 0.058989 0.067416
0 0.725843 0.366292 0.050562 0.071910
0 0.767978 0.175281 0.050562 0.062921
0 0.805899 0.138202 0.058989 0.065169
0 0.837921 0.032584 0.052247 0.056180
0 0.922191 0.160674 0.055618 0.060674
0 0.808427 0.342697 0.057303 0.069663
0 0.525281 0.394382 0.050562 0.074157
0 0.167978 0.784270 0.057303 0.076404
0 0.152809 0.676404 0.053933 0.085393
0 0.146067 0.574157 0.064045 0.092135
0 0.143539 0.317978 0.079213 0.074157
0 0.042416 0.289888 0.062360 0.085393
0 0.214326 0.176404 0.065730 0.069663
0 0.274157 0.692135 0.064045 0.076404
0 0.905337 0.885393 0.062360 0.067416
0 0.387079 0.537079 0.047191 0.067416
0 0.546348 0.656180 0.048876 0.071910
0 0.518539 0.561798 0.060674 0.076404
0 0.722472 0.593258 0.070787 0.080899
0 0.658427 0.497753 0.070787 0.101124
0 0.031742 0.050562 0.063483 0.096629
0 0.473034 0.053933 0.050562 0.080899
0 0.362640 0.028090 0.058989 0.056180
0 0.530337 0.035955 0.064045 0.071910
0 0.382022 0.389888 0.077528 0.083146
0 0.404775 0.298876 0.042135 0.067416
0 0.944101 0.828090 0.062360 0.078652
0 0.950843 0.096629 0.096067 0.080899
0 0.128371 0.165169 0.079213 0.060674
1 0.264888 0.468539 0.109551 0.056180
1 0.892697 0.303371 0.030337 0.166292
1 0.820225 0.544944 0.037079 0.114607
0 0.393820 0.171910 0.067416 0.060674
0 0.554775 0.241573 0.055618 0.051685
0 0.884270 0.713483 0.060674 0.047191
0 0.422472 0.484270 0.074157 0.056180
0 0.632303 0.125843 0.072472 0.080899
0 0.295225 0.133708 0.065730 0.074157
0 0.192416 0.046067 0.082584 0.083146
0 0.172191 0.917978 0.072472 0.092135
0 0.914607 0.598876 0.043820 0.083146
4 0.969944 0.503371 0.060112 0.053933
4 0.969101 0.444944 0.061798 0.071910
4 0.962640 0.332584 0.065730 0.067416
4 0.577528 0.339326 0.060674 0.085393
4 0.495787 0.250562 0.048876 0.087640
4 0.542978 0.187640 0.089326 0.069663
4 0.585955 0.134831 0.067416 0.049438
4 0.446910 0.271910 0.052247 0.085393
4 0.338202 0.249438 0.074157 0.076404
4 0.269101 0.356180 0.080899 0.069663
4 0.284270 0.211236 0.050562 0.080899
4 0.039888 0.770787 0.064045 0.067416
4 0.057584 0.692135 0.079213 0.071910
2 0.081180 0.617978 0.075843 0.067416
4 0.345787 0.591011 0.042135 0.085393
4 0.239607 0.582022 0.075843 0.094382
4 0.291854 0.549438 0.079213 0.047191
4 0.708146 0.844944 0.065730 0.062921
4 0.735955 0.757303 0.050562 0.089888
4 0.676124 0.646067 0.045506 0.065169
4 0.593539 0.607865 0.042135 0.074157
4 0.796629 0.694382 0.047191 0.076404
4 0.783989 0.461798 0.042135 0.074157
4 0.842978 0.464045 0.058989 0.065169
4 0.683708 0.448315 0.057303 0.096629
4 0.381180 0.864045 0.079213 0.092135
4 0.227809 0.764045 0.072472 0.053933
4 0.066011 0.903371 0.065730 0.071910
4 0.232865 0.831461 0.042135 0.076404
4 0.280056 0.898876 0.045506 0.076404
4 0.278371 0.985393 0.062360 0.029213
4 0.475562 0.937079 0.045506 0.067416
4 0.580899 0.956180 0.060674 0.083146
4 0.643258 0.941573 0.057303 0.071910
4 0.813483 0.882022 0.040449 0.083146
3 0.879213 0.793258 0.047191 0.089888
4 0.746067 0.937079 0.053933 0.089888
4 0.836236 0.950562 0.058989 0.067416
4 0.132584 0.097753 0.077528 0.065169
4 0.087079 0.226966 0.053933 0.062921
4 0.692978 0.113483 0.055618 0.087640
4 0.762079 0.040449 0.069101 0.080898