0 0.438483 0.840449 0.069101 0.071910
0 0.553090 0.583146 0.069101 0.087640
0 0.545506 0.823596 0.091011 0.128090
0 0.836236 0.892135 0.055618 0.080899
0 0.355899 0.244944 0.055618 0.071910
0 0.648315 0.131461 0.060674 0.069663
0 0.655899 0.048315 0.092697 0.078652
0 0.291011 0.750562 0.070787 0.080899
0 0.128371 0.339326 0.052247 0.076404
0 0.084551 0.420225 0.072472 0.067416
0 0.048315 0.543820 0.053933 0.094382
1 0.805899 0.544944 0.069101 0.078652
1 0.832022 0.320225 0.070787 0.101124
0 0.347472 0.144944 0.062360 0.078652
0 0.740169 0.438202 0.075843 0.080899
0 0.766292 0.660674 0.053933 0.080899
0 0.898596 0.962921 0.058989 0.056180
0 0.194101 0.332584 0.052247 0.067416
0 0.150281 0.076404 0.058989 0.071910
0 0.712360 0.674157 0.057303 0.062921
0 0.805899 0.810112 0.069101 0.069663
0 0.643258 0.937079 0.064045 0.085393
0 0.912921 0.369663 0.060674 0.074157
0 0.933989 0.711236 0.062360 0.087640
0 0.602809 0.437079 0.053933 0.074157
0 0.060112 0.961798 0.074157 0.076404
4 0.632303 0.794382 0.052247 0.074157
4 0.588483 0.350562 0.055618 0.080899
4 0.523596 0.258427 0.080899 0.107865
4 0.430056 0.215730 0.058989 0.098876
4 0.449438 0.566292 0.070787 0.080899
4 0.312921 0.546067 0.097753 0.121348
4 0.167135 0.621348 0.075843 0.069663
4 0.159551 0.710112 0.080899 0.080899
4 0.130899 0.777528 0.074157 0.067416
4 0.130056 0.859551 0.058989 0.078652
4 0.145225 0.929213 0.055618 0.074157
4 0.188202 0.924719 0.043820 0.101124
4 0.240449 0.084270 0.047191 0.105618
4 0.239607 0.175281 0.048876 0.094382
4 0.785674 0.221348 0.038764 0.105618
0 0.479775 0.360674 0.077528 0.056180
0 0.312079 0.398876 0.079213 0.060674
0 0.489888 0.685393 0.050562 0.085393
0 0.805899 0.731461 0.045506 0.078652
0 0.312079 0.210112 0.048876 0.069663
0 0.292697 0.152809 0.043820 0.134831
4 0.932303 0.821348 0.062360 0.119101
4 0.871629 0.086517 0.048876 0.101124
4 0.938202 0.207865 0.057303 0.074157
4 0.943258 0.130337 0.037079 0.080899
4 0.919663 0.102247 0.030337 0.092135
4 0.845506 0.026966 0.060674 0.053932
4 0.577528 0.089888 0.067416 0.080899
4 0.030618 0.135955 0.045506 0.092135
4 0.020787 0.189888 0.041573 0.078652
4 0.047472 0.369663 0.052247 0.074157
4 0.071910 0.310112 0.057303 0.062921
4 0.015730 0.740449 0.031460 0.083146
4 0.014888 0.941573 0.029775 0.116854
4 0.425843 0.979775 0.094382 0.040449
4 0.523596 0.969663 0.057303 0.060674
4 0.365169 0.358427 0.057303 0.078652
4 0.425000 0.342697 0.052247 0.087640
4 0.288483 0.349438 0.055618 0.083146
4 0.778090 0.343820 0.080899 0.085393
4 0.640730 0.371910 0.048876 0.105618
4 0.548876 0.439326 0.053933 0.060674
4 0.506742 0.547191 0.050562 0.083146
4 0.397191 0.622472 0.060674 0.085393
4 0.407303 0.705618 0.053933 0.085393
4 0.376966 0.759551 0.070787 0.094382
4 0.334831 0.822472 0.053933 0.098876
4 0.283427 0.946067 0.058989 0.080899
3 0.730899 0.189888 0.060674 0.069663
4 0.759551 0.562921 0.064045 0.051685
4 0.896067 0.623596 0.057303 0.096629
4 0.927247 0.420225 0.045506 0.076404
4 0.834551 0.213483 0.048876 0.085393
3 0.035674 0.651685 0.042135 0.094382
3 0.719944 0.837079 0.065730 0.074157
3 0.669382 0.788764 0.035393 0.089888
3 0.671067 0.862921 0.065730 0.089888
3 0.778090 0.906742 0.037079 0.087640
0 0.693820 0.934831 0.057303 0.076404
0 0.862360 0.395506 0.050562 0.067416
4 0.911236 0.525843 0.067416 0.062921
4 0.821910 0.492135 0.047191 0.076404
4 0.952528 0.671910 0.042135 0.085393
4 0.946629 0.261798 0.064045 0.051685
4 0.979213 0.366292 0.041573 0.071910
4 0.995225 0.440449 0.009550 0.085393
4 0.468820 0.291011 0.052247 0.078652
4 0.031461 0.589888 0.057303 0.083146