0 0.390449 0.552809 0.080899 0.089888
0 0.442697 0.620225 0.070787 0.071910
0 0.355899 0.330337 0.096067 0.076404
0 0.329775 0.207865 0.053933 0.101124
0 0.215169 0.360674 0.080899 0.096629
0 0.744382 0.919101 0.080899 0.062921
0 0.571629 0.683146 0.075843 0.085393
0 0.097191 0.782022 0.070787 0.071910
0 0.062640 0.685393 0.058989 0.071910
0 0.101404 0.123596 0.052247 0.076404
0 0.537079 0.775281 0.067416 0.067416
0 0.810112 0.814607 0.060674 0.092135
0 0.755337 0.625843 0.055618 0.074157
0 0.759551 0.732584 0.043820 0.071910
0 0.542135 0.497753 0.074157 0.069663
0 0.665169 0.610112 0.060674 0.074157
0 0.850562 0.564045 0.057303 0.062921
0 0.845506 0.264045 0.057303 0.065169
0 0.334831 0.891011 0.053933 0.092135
0 0.146910 0.185393 0.052247 0.078652
4 0.969101 0.457303 0.061798 0.074157
4 0.966011 0.271910 0.038764 0.125843
4 0.865730 0.114607 0.053933 0.071910
4 0.902809 0.349438 0.053933 0.074157
4 0.909551 0.528090 0.074157 0.089888
4 0.878371 0.648315 0.038764 0.101124
4 0.898596 0.768539 0.055618 0.076404
3 0.365169 0.449438 0.067416 0.085393
4 0.272472 0.522472 0.053933 0.105618
4 0.171348 0.501124 0.053933 0.080899
4 0.519382 0.102247 0.082584 0.078652
4 0.549719 0.164045 0.052247 0.058427
4 0.408146 0.091011 0.062360 0.096629
4 0.244663 0.056180 0.075843 0.080899
4 0.194944 0.025843 0.077528 0.051685
4 0.073596 0.244944 0.067416 0.062921
4 0.145225 0.422472 0.072472 0.076404
4 0.122472 0.501124 0.053933 0.089888
4 0.591011 0.350562 0.060674 0.085393
4 0.676124 0.377528 0.058989 0.080899
4 0.208427 0.782022 0.080899 0.062921
4 0.475562 0.862921 0.096067 0.058427
4 0.458708 0.938202 0.069101 0.078652
4 0.404775 0.879775 0.069101 0.096629
4 0.946629 0.905618 0.074157 0.089888
4 0.800000 0.960674 0.064045 0.074157
4 0.668539 0.941573 0.053933 0.080899
4 0.613764 0.268539 0.055618 0.078652
4 0.232022 0.129213 0.080899 0.078652
4 0.044944 0.101124 0.060674 0.067416
4 0.058427 0.594382 0.057303 0.060674
4 0.144382 0.673034 0.053933 0.069663
4 0.129213 0.606742 0.037079 0.067416
4 0.029775 0.826966 0.057303 0.085393
4 0.080337 0.942697 0.064045 0.069663
4 0.121629 0.968539 0.058989 0.044944
4 0.119944 0.894382 0.052247 0.049438
4 0.199157 0.928090 0.069101 0.071910
4 0.469663 0.406742 0.050562 0.067416
4 0.676124 0.067416 0.058989 0.053933
4 0.596910 0.121348 0.065730 0.080899
4 0.613764 0.439326 0.069101 0.074157
4 0.400562 0.259551 0.047191 0.078652
4 0.371067 0.784270 0.065730 0.080899
4 0.522753 0.713483 0.048876 0.056180
4 0.810955 0.206742 0.075843 0.080899
4 0.921348 0.273034 0.053933 0.087640
4 0.806742 0.510112 0.064045 0.058427
4 0.661798 0.742697 0.060674 0.060674
2 0.639045 0.828090 0.058989 0.087640
4 0.684551 0.544944 0.092697 0.069663
4 0.342416 0.115730 0.062360 0.069663
4 0.313764 0.019101 0.065730 0.038202
4 0.080337 0.528090 0.053933 0.058427
4 0.166292 0.715730 0.077528 0.065169
4 0.039888 0.747191 0.060674 0.074157
4 0.010674 0.955056 0.021348 0.089888
4 0.323876 0.974157 0.065730 0.051685
4 0.312079 0.847191 0.045506 0.053933
3 0.328933 0.793258 0.089326 0.089888
3 0.686236 0.211236 0.058989 0.080899
3 0.531180 0.301124 0.045506 0.071910
3 0.426685 0.735955 0.062360 0.096629
3 0.967697 0.161798 0.048876 0.116854
1 0.059270 0.477528 0.052247 0.096629
1 0.772191 0.455056 0.048876 0.114607
1 0.698876 0.462921 0.057303 0.094382
1 0.767135 0.187640 0.055618 0.101124
1 0.806742 0.741573 0.040449 0.134831
2 0.483989 0.179775 0.069101 0.076404
4 0.430056 0.170787 0.058989 0.085393
0 0.704775 0.146067 0.055618 0.089888
0 0.186517 0.289888 0.067416 0.130337
4 0.621348 0.180899 0.057303 0.047191
4 0.943258 0.802247 0.064045 0.076404
4 0.162079 0.870787 0.062360 0.060674