0 0.251404 0.049438 0.079213 0.089888
0 0.363483 0.175281 0.060674 0.076404
0 0.421629 0.271910 0.052247 0.067416
0 0.623876 0.124719 0.058989 0.060674
0 0.810955 0.583146 0.072472 0.078652
0 0.910393 0.728090 0.058989 0.089888
0 0.939888 0.915730 0.067416 0.087640
0 0.277528 0.961798 0.070787 0.067416
0 0.115730 0.832584 0.047191 0.069663
0 0.071910 0.859551 0.064045 0.092135
0 0.968258 0.274157 0.063483 0.107865
0 0.329775 0.800000 0.057303 0.071910
0 0.698876 0.538202 0.050562 0.074157
0 0.836236 0.238202 0.055618 0.062921
0 0.821910 0.058427 0.060674 0.067416
0 0.227809 0.801124 0.069101 0.074157
0 0.111517 0.549438 0.072472 0.078652
0 0.628933 0.032584 0.055618 0.065168
1 0.748596 0.173034 0.032022 0.125843
1 0.773034 0.037079 0.057303 0.074157
4 0.632303 0.350562 0.072472 0.089888
4 0.917978 0.429213 0.077528 0.067416
4 0.864888 0.351685 0.069101 0.096629
4 0.885112 0.133708 0.072472 0.074157
4 0.446910 0.017978 0.072472 0.035955
4 0.473034 0.166292 0.057303 0.085393
4 0.571629 0.037079 0.065730 0.065169
4 0.575000 0.171910 0.048876 0.092135
4 0.689607 0.093258 0.062360 0.065169
4 0.688764 0.223596 0.050562 0.083146
4 0.633989 0.194382 0.035393 0.078652
4 0.617135 0.251685 0.048876 0.062921
4 0.507584 0.260674 0.055618 0.076404
4 0.157865 0.082022 0.057303 0.069663
4 0.102247 0.033708 0.074157 0.067416
4 0.077809 0.119101 0.065730 0.080899
4 0.232865 0.455056 0.069101 0.087640
4 0.575843 0.577528 0.070787 0.098876
4 0.664326 0.643820 0.055618 0.060674
4 0.763764 0.661798 0.055618 0.083146
4 0.756180 0.767416 0.047191 0.060674
4 0.658427 0.838202 0.064045 0.058427
4 0.978371 0.531461 0.043258 0.074157
4 0.813483 0.475281 0.057303 0.083146
4 0.865730 0.512360 0.070787 0.076404
4 0.890169 0.585393 0.052247 0.074157
4 0.932303 0.655056 0.075843 0.069663
4 0.201685 0.687640 0.064045 0.076404
4 0.137640 0.452809 0.060674 0.078652
4 0.372753 0.408989 0.052247 0.098876
4 0.219382 0.194382 0.048876 0.060674
4 0.297753 0.160674 0.053933 0.065169
4 0.252247 0.207865 0.057303 0.074157
4 0.348315 0.280899 0.043820 0.062921
4 0.327247 0.347191 0.052247 0.069663
4 0.470506 0.314607 0.042135 0.071910
4 0.401404 0.333708 0.035393 0.060674
4 0.797472 0.195506 0.052247 0.094382
4 0.022472 0.468539 0.044944 0.119101
4 0.080337 0.462921 0.057303 0.089888
4 0.814326 0.787640 0.058989 0.101124
4 0.800843 0.906742 0.058989 0.069663
4 0.561517 0.679775 0.069101 0.083146
4 0.172191 0.747191 0.042135 0.056180
4 0.436798 0.917978 0.058989 0.065169
4 0.413202 0.728090 0.045506 0.089888
4 0.500843 0.405618 0.055618 0.114607
4 0.450281 0.411236 0.048876 0.067416
4 0.445225 0.596629 0.062360 0.078652
4 0.521910 0.600000 0.040449 0.062921
4 0.512640 0.683146 0.045506 0.058427
4 0.360112 0.632584 0.057303 0.056180
4 0.375281 0.592135 0.053933 0.065169
4 0.417416 0.523596 0.016854 0.071910
4 0.193258 0.056180 0.047191 0.076404
4 0.696348 0.160674 0.042135 0.069663
4 0.939888 0.191011 0.067416 0.058427
4 0.964045 0.048315 0.071910 0.069663
4 0.571629 0.971910 0.062360 0.056180
4 0.623876 0.966292 0.075843 0.067416
4 0.705618 0.882022 0.040449 0.069663
4 0.749438 0.979775 0.074157 0.040449
4 0.841292 0.978652 0.092697 0.042696
4 0.972753 0.962921 0.052247 0.065169
4 0.387079 0.874157 0.077528 0.058427
4 0.209270 0.892135 0.048876 0.062921
4 0.190730 0.970787 0.085955 0.058426
4 0.029775 0.962921 0.047191 0.074157
4 0.048315 0.697753 0.050562 0.074157
4 0.034831 0.595506 0.053933 0.053933
2 0.195787 0.610112 0.052247 0.060674
3 0.112360 0.751685 0.043820 0.114607
3 0.392135 0.540449 0.064045 0.096629
4 0.328933 0.700000 0.062360 0.092135
4 0.388764 0.782022 0.050562 0.062921
4 0.282584 0.741573 0.077528 0.080899
3 0.269944 0.900000 0.075843 0.047191
3 0.335674 0.973034 0.089326 0.053932