0 0.712360 0.333708 0.067416 0.078652
0 0.633989 0.398876 0.065730 0.074157
0 0.354213 0.825843 0.058989 0.083146
0 0.445225 0.261798 0.065730 0.069663
0 0.162921 0.307865 0.070787 0.053933
0 0.977528 0.748315 0.044944 0.098876
4 0.815169 0.373034 0.053933 0.098876
4 0.459551 0.095506 0.057303 0.096629
4 0.426685 0.182022 0.069101 0.080899
4 0.387079 0.234831 0.067416 0.074157
4 0.528652 0.278652 0.057303 0.080899
4 0.591011 0.293258 0.057303 0.074157
4 0.643258 0.146067 0.067416 0.067416
4 0.350843 0.429213 0.065730 0.085393
4 0.492416 0.671910 0.069101 0.085393
4 0.456180 0.803371 0.057303 0.074157
4 0.528652 0.788764 0.067416 0.080899
4 0.672753 0.691011 0.075843 0.092135
4 0.692978 0.531461 0.045506 0.087640
4 0.965169 0.506742 0.060674 0.074157
4 0.891854 0.495506 0.058989 0.092135
4 0.848876 0.510112 0.043820 0.085393
4 0.805056 0.520225 0.053933 0.069663
4 0.960955 0.589888 0.062360 0.087640
4 0.908708 0.604494 0.058989 0.085393
4 0.891854 0.964045 0.075843 0.071910
4 0.192416 0.602247 0.065730 0.107865
4 0.126685 0.622472 0.058989 0.085393
4 0.070225 0.641573 0.047191 0.038202
4 0.080337 0.734831 0.057303 0.089888
4 0.146910 0.744944 0.055618 0.105618
4 0.626404 0.083146 0.064045 0.076404
4 0.111517 0.184270 0.075843 0.098876
4 0.108146 0.288764 0.055618 0.101124
4 0.198315 0.164045 0.060674 0.094382
4 0.172191 0.233708 0.069101 0.076404
4 0.959270 0.326966 0.069101 0.069663
4 0.878371 0.302247 0.072472 0.083146
4 0.786517 0.117978 0.067416 0.087640
4 0.783146 0.288764 0.060674 0.060674
4 0.826124 0.623596 0.055618 0.074157
4 0.914607 0.683146 0.064045 0.062921
4 0.788202 0.692135 0.057303 0.062921
4 0.770506 0.761798 0.052247 0.076404
4 0.569944 0.903371 0.052247 0.089888
4 0.315449 0.906742 0.079213 0.078652
4 0.348315 0.649438 0.064045 0.116854
4 0.571629 0.519101 0.045506 0.076404
4 0.558989 0.595506 0.040449 0.094382
4 0.500000 0.473034 0.047191 0.051685
4 0.512640 0.525843 0.058989 0.076404
0 0.882584 0.050562 0.077528 0.078652
3 0.516011 0.420225 0.038764 0.112360
3 0.253090 0.443820 0.048876 0.087640
3 0.826124 0.794382 0.048876 0.114607
3 0.765449 0.621348 0.062360 0.078652
3 0.702247 0.126966 0.040449 0.069663
3 0.464607 0.431461 0.057303 0.098876
3 0.436798 0.594382 0.052247 0.101124
3 0.563202 0.420225 0.048876 0.107865
4 0.637360 0.524719 0.055618 0.074157
4 0.625562 0.468539 0.072472 0.078652
4 0.838764 0.125843 0.074157 0.085393
4 0.741011 0.194382 0.057303 0.074157
4 0.703933 0.225843 0.077528 0.078652
4 0.966573 0.248315 0.066854 0.083146
4 0.983427 0.156180 0.033146 0.083146
4 0.275843 0.788764 0.074157 0.094382
4 0.200000 0.720225 0.094382 0.087640
4 0.210112 0.900000 0.064045 0.101124
4 0.148596 0.864045 0.079213 0.078652
4 0.501685 0.882022 0.091011 0.092135
4 0.625562 0.880899 0.052247 0.067416
4 0.741011 0.892135 0.064045 0.062921
4 0.775562 0.966292 0.092697 0.067416
4 0.741854 0.808989 0.052247 0.067416
4 0.296910 0.483146 0.055618 0.103371
4 0.026685 0.564045 0.053370 0.089888
4 0.315449 0.976404 0.112921 0.047191
3 0.380337 0.370787 0.053933 0.103371
2 0.148596 0.949438 0.075843 0.069663
4 0.410674 0.491011 0.080899 0.087640
4 0.622191 0.794382 0.079213 0.060674
4 0.014888 0.859551 0.029775 0.092135
4 0.808427 0.033708 0.047191 0.058427
4 0.971910 0.024719 0.040449 0.049438
3 0.042416 0.056180 0.035393 0.089888
3 0.730899 0.670787 0.037079 0.119101