0 0.365169 0.120225 0.064045 0.065169
0 0.553090 0.186517 0.058989 0.076404
0 0.694663 0.151685 0.058989 0.069663
0 0.808427 0.119101 0.057303 0.080899
0 0.903652 0.037079 0.079213 0.065169
0 0.937360 0.183146 0.052247 0.105618
0 0.958427 0.410112 0.070787 0.069663
0 0.847191 0.468539 0.050562 0.078652
0 0.856461 0.662921 0.052247 0.080899
0 0.827809 0.788764 0.069101 0.062921
0 0.761236 0.892135 0.084270 0.062921
0 0.698034 0.838202 0.082584 0.058427
0 0.662640 0.891011 0.065730 0.056180
0 0.401404 0.566292 0.058989 0.071910
0 0.174719 0.228090 0.047191 0.056180
0 0.190730 0.097753 0.072472 0.074157
0 0.237921 0.857303 0.062360 0.074157
0 0.284270 0.897753 0.043820 0.056180
0 0.701404 0.473034 0.048876 0.074157
0 0.881742 0.244944 0.062360 0.080899
0 0.957584 0.748315 0.062360 0.062921
0 0.257303 0.264045 0.067416 0.056180
0 0.103090 0.623596 0.048876 0.078652
0 0.075281 0.702247 0.060674 0.056180
0 0.117416 0.752809 0.050562 0.089888
0 0.119101 0.888764 0.043820 0.078652
0 0.099719 0.970787 0.048876 0.053933
0 0.329775 0.924719 0.064045 0.047191
0 0.472191 0.194382 0.069101 0.056180
0 0.149438 0.978652 0.060674 0.042696
0 0.301966 0.431461 0.085955 0.067416
0 0.703933 0.066292 0.084270 0.074157
0 0.214326 0.315730 0.048876 0.069663
0 0.029213 0.331461 0.058426 0.105618
0 0.933146 0.796629 0.067416 0.060674
1 0.528652 0.277528 0.074157 0.069663
1 0.958427 0.304494 0.074157 0.051685
1 0.451124 0.811236 0.074157 0.058427
1 0.730899 0.783146 0.074157 0.069663
1 0.617135 0.235955 0.042135 0.058427
1 0.208427 0.476404 0.060674 0.080899
1 0.129213 0.165169 0.040449 0.074157
1 0.821910 0.059551 0.053933 0.065169
4 0.333989 0.455056 0.058989 0.087640
1 0.520225 0.448315 0.064045 0.083146
4 0.757022 0.411236 0.072472 0.098876
4 0.775562 0.600000 0.058989 0.076404
4 0.558146 0.584270 0.042135 0.053933
4 0.607865 0.676404 0.053933 0.080899
4 0.657584 0.598876 0.021910 0.065169
4 0.620506 0.498876 0.062360 0.062921
4 0.620506 0.308989 0.052247 0.074157
4 0.533708 0.107865 0.053933 0.076404
4 0.532022 0.026966 0.084270 0.053932
4 0.193258 0.040449 0.064045 0.058427
4 0.074438 0.261798 0.038764 0.083146
4 0.127528 0.283146 0.080899 0.049438
4 0.046629 0.630337 0.060674 0.069663
3 0.702247 0.325843 0.067416 0.067416
3 0.955056 0.120225 0.074157 0.060674
1 0.287640 0.048315 0.087640 0.042697
1 0.453652 0.680899 0.042135 0.071910
2 0.145225 0.423596 0.079213 0.087640
2 0.410674 0.643820 0.057303 0.078652
0 0.548034 0.646067 0.072472 0.083146
0 0.604494 0.961798 0.067416 0.076404
0 0.476404 0.915730 0.087640 0.083146
0 0.241292 0.948315 0.052247 0.071910
0 0.441854 0.447191 0.038764 0.089888
0 0.408989 0.473034 0.043820 0.060674
0 0.368539 0.466292 0.030337 0.087640
0 0.435112 0.305618 0.048876 0.040449
0 0.340730 0.319101 0.038764 0.053933
0 0.569101 0.402247 0.064045 0.053933
0 0.597753 0.555056 0.057303 0.067416
0 0.901124 0.574157 0.057303 0.087640
0 0.896910 0.520225 0.062360 0.038202
0 0.814326 0.247191 0.042135 0.098876
0 0.869944 0.114607 0.048876 0.067416
0 0.902809 0.979775 0.070787 0.040449
0 0.764607 0.491011 0.057303 0.074157
0 0.253090 0.656180 0.069101 0.080899
0 0.233708 0.737079 0.064045 0.085393
0 0.194101 0.747191 0.062360 0.092135
0 0.570787 0.814607 0.053933 0.069663
0 0.525281 0.783146 0.053933 0.065169
0 0.505056 0.859551 0.074157 0.056180
0 0.403933 0.388764 0.064045 0.035955
3 0.402247 0.340449 0.043820 0.065169
4 0.301966 0.162921 0.048876 0.060674
4 0.239607 0.180899 0.052247 0.051685
4 0.334831 0.837079 0.057303 0.056180
4 0.060112 0.911236 0.047191 0.065169
4 0.035674 0.968539 0.055618 0.062921
4 0.473876 0.269663 0.048876 0.049438
4 0.305337 0.119101 0.052247 0.049438
4 0.042697 0.041573 0.085393 0.056180
4 0.028933 0.153933 0.052247 0.065169
4 0.692978 0.017978 0.075843 0.026966