0 0.790730 0.608989 0.055618 0.076404
0 0.838764 0.193258 0.060674 0.080899
0 0.835393 0.320225 0.047191 0.065169
0 0.897753 0.556180 0.057303 0.065169
0 0.788202 0.514607 0.067416 0.080899
0 0.691292 0.549438 0.045506 0.060674
0 0.725843 0.711236 0.047191 0.078652
0 0.663483 0.864045 0.060674 0.065169
0 0.899438 0.698876 0.057303 0.085393
0 0.922191 0.784270 0.065730 0.076404
0 0.305337 0.384270 0.062360 0.067416
0 0.328933 0.282022 0.062360 0.060674
0 0.093820 0.450562 0.060674 0.083146
0 0.767978 0.371910 0.050562 0.065169
0 0.561517 0.593258 0.058989 0.067416
0 0.546348 0.524719 0.058989 0.069663
0 0.431742 0.750562 0.055618 0.062921
0 0.151124 0.717978 0.070787 0.056180
0 0.248876 0.489888 0.064045 0.085393
0 0.537079 0.155056 0.057303 0.076404
0 0.500843 0.240449 0.062360 0.062921
0 0.692978 0.119101 0.058989 0.071910
0 0.936517 0.494382 0.053933 0.058427
0 0.625562 0.677528 0.055618 0.069663
0 0.025843 0.741573 0.051685 0.058427
0 0.019101 0.562921 0.038202 0.110112
0 0.499157 0.474157 0.069101 0.089888
0 0.684551 0.325843 0.062360 0.071910
0 0.537921 0.280899 0.055618 0.076404
0 0.381180 0.056180 0.075843 0.080899
0 0.310393 0.225843 0.069101 0.047191
0 0.055056 0.150562 0.057303 0.053933
0 0.130056 0.334831 0.055618 0.085393
4 0.555618 0.422472 0.067416 0.080899
4 0.750281 0.182022 0.042135 0.058427
4 0.504213 0.084270 0.045506 0.092135
4 0.405618 0.128090 0.070787 0.094382
4 0.286798 0.042697 0.072472 0.080899
4 0.170506 0.073034 0.048876 0.060674
4 0.238764 0.150562 0.043820 0.094382
4 0.320506 0.139326 0.038764 0.071910
4 0.572472 0.056180 0.033708 0.076404
4 0.839607 0.077528 0.042135 0.087640
4 0.979213 0.208989 0.041573 0.094382
4 0.978371 0.103371 0.043258 0.094382
4 0.851404 0.401124 0.045506 0.060674
4 0.461236 0.565169 0.060674 0.056180
4 0.448596 0.661798 0.062360 0.051685
4 0.445225 0.424719 0.055618 0.062921
4 0.476404 0.411236 0.053933 0.076404
4 0.156180 0.207865 0.026966 0.065169
1 0.135112 0.133708 0.048876 0.078652
1 0.160393 0.294382 0.065730 0.071910
1 0.112360 0.262921 0.047191 0.080899
1 0.732584 0.101124 0.033708 0.103371
3 0.168820 0.449438 0.032022 0.125843
3 0.290169 0.556180 0.038764 0.114607
3 0.091292 0.778652 0.058989 0.074157
1 0.880056 0.908989 0.058989 0.092135
4 0.749438 0.452809 0.094382 0.056180
4 0.639888 0.094382 0.057303 0.089888
4 0.681180 0.052809 0.055618 0.051685
4 0.058427 0.207865 0.050562 0.092135
4 0.366011 0.677528 0.058989 0.087640
4 0.357584 0.591011 0.055618 0.085393
4 0.800843 0.911236 0.062360 0.078652
4 0.550562 0.789888 0.026966 0.038202
4 0.521910 0.688764 0.040449 0.056180
4 0.531180 0.644944 0.052247 0.062921
4 0.478933 0.624719 0.062360 0.076404
4 0.494101 0.828090 0.038764 0.078652
4 0.451124 0.825843 0.040449 0.047191
4 0.425843 0.925843 0.057303 0.094382
4 0.321348 0.780899 0.050562 0.051685
4 0.235393 0.697753 0.060674 0.056180
4 0.210955 0.766292 0.055618 0.071910
4 0.601124 0.252809 0.040449 0.047191
4 0.579213 0.224719 0.050562 0.062921
3 0.391292 0.232584 0.045506 0.087640
3 0.189888 0.971910 0.057303 0.056180
3 0.119101 0.971910 0.047191 0.056180
4 0.899438 0.361798 0.043820 0.071910
4 0.966854 0.430337 0.040449 0.074157
4 0.965169 0.371910 0.050562 0.083146
4 0.712360 0.895506 0.053933 0.060674
4 0.698034 0.967416 0.058989 0.065168
4 0.578371 0.962921 0.058989 0.074157
4 0.245506 0.946067 0.047191 0.071910
4 0.055056 0.959551 0.060674 0.080898
4 0.024157 0.875281 0.048314 0.069663
4 0.227809 0.386517 0.058989 0.067416
4 0.387079 0.602247 0.043820 0.071910
4 0.302809 0.891011 0.033708 0.087640
0 0.349157 0.907865 0.038764 0.080899
4 0.243820 0.813483 0.050562 0.089888
4 0.666854 0.694382 0.026966 0.085393
4 0.047472 0.410112 0.048876 0.069663
4 0.016573 0.242697 0.033146 0.076404
4 0.055056 0.313483 0.037079 0.083146
4 0.750281 0.039326 0.052247 0.056180
4 0.776404 0.122472 0.050562 0.060674
4 0.206742 0.019101 0.057303 0.038202
4 0.034270 0.023596 0.068539 0.047191