0 0.451124 0.665169 0.064045 0.071910
0 0.291011 0.457303 0.067416 0.069663
0 0.258146 0.612360 0.052247 0.069663
0 0.429213 0.323596 0.067416 0.080899
0 0.764607 0.440449 0.084270 0.103371
0 0.805899 0.353933 0.048876 0.069663
0 0.705618 0.294382 0.077528 0.071910
0 0.709831 0.367416 0.058989 0.083146
0 0.801685 0.061798 0.064045 0.069663
0 0.720787 0.075281 0.064045 0.078652
0 0.650843 0.119101 0.062360 0.062921
0 0.526124 0.260674 0.045506 0.067416
0 0.407303 0.253933 0.070787 0.062921
0 0.155337 0.337079 0.065730 0.076404
0 0.035112 0.264045 0.070224 0.069663
0 0.085393 0.204494 0.080899 0.094382
0 0.318820 0.951685 0.085955 0.060674
0 0.261517 0.971910 0.058989 0.056180
0 0.630618 0.719101 0.065730 0.080899
0 0.806742 0.776404 0.060674 0.060674
0 0.523596 0.532584 0.050562 0.062921
0 0.566573 0.491011 0.069101 0.092135
0 0.290169 0.796629 0.045506 0.056180
0 0.429213 0.892135 0.067416 0.071910
0 0.023315 0.458427 0.046629 0.098876
0 0.177247 0.660674 0.045506 0.071910
0 0.858146 0.050562 0.052247 0.078652
0 0.898596 0.138202 0.069101 0.069663
0 0.905337 0.310112 0.055618 0.076404
0 0.867416 0.505618 0.053933 0.067416
0 0.245506 0.235955 0.070787 0.053933
0 0.264045 0.315730 0.067416 0.092135
0 0.190730 0.112360 0.052247 0.071910
0 0.357584 0.777528 0.058989 0.098876
0 0.301124 0.561798 0.053933 0.062921
1 0.339045 0.157303 0.058989 0.085393
1 0.701404 0.155056 0.055618 0.098876
1 0.435955 0.214607 0.033708 0.083146
1 0.178090 0.448315 0.067416 0.087640
1 0.729213 0.816854 0.037079 0.114607
1 0.922191 0.595506 0.042135 0.112360
0 0.277528 0.853933 0.070787 0.076404
4 0.587640 0.335955 0.057303 0.074157
4 0.651685 0.561798 0.053933 0.062921
4 0.430899 0.111236 0.060674 0.083146
4 0.878371 0.737079 0.052247 0.107865
4 0.730899 0.707865 0.053933 0.049438
4 0.678652 0.673034 0.074157 0.051685
4 0.044944 0.622472 0.057303 0.089888
4 0.101404 0.740449 0.085955 0.060674
4 0.108989 0.804494 0.043820 0.067416
4 0.382865 0.569663 0.052247 0.069663
4 0.427528 0.441573 0.030337 0.065169
4 0.362640 0.420225 0.052247 0.058427
4 0.066854 0.079775 0.050562 0.074157
4 0.037360 0.153933 0.045506 0.051685
4 0.167135 0.028090 0.075843 0.056180
1 0.915449 0.451685 0.055618 0.094382
1 0.164607 0.816854 0.070787 0.060674
1 0.767135 0.637079 0.042135 0.114607
4 0.269101 0.050562 0.060674 0.069663
4 0.519382 0.619101 0.038764 0.087640
4 0.499157 0.823596 0.048876 0.083146
4 0.497472 0.926966 0.052247 0.078652
4 0.741011 0.959551 0.060674 0.080898
4 0.806742 0.853933 0.040449 0.058427
4 0.823596 0.913483 0.043820 0.060674
4 0.102247 0.886517 0.050562 0.101124
4 0.189888 0.923596 0.033708 0.071910
4 0.216854 0.887640 0.047191 0.076404
4 0.151966 0.888764 0.048876 0.087640
4 0.176404 0.588764 0.047191 0.058427
4 0.210955 0.568539 0.055618 0.071910
4 0.103090 0.624719 0.038764 0.058427
4 0.109831 0.675281 0.055618 0.065169
4 0.041573 0.569663 0.064045 0.078652
4 0.481461 0.106742 0.053933 0.069663
1 0.425000 0.524719 0.045506 0.056180
3 0.244663 0.755056 0.062360 0.067416
3 0.473034 0.334831 0.050562 0.049438
3 0.039045 0.351685 0.052247 0.065169
3 0.489045 0.631461 0.025281 0.103371
3 0.362640 0.643820 0.038764 0.087640
3 0.386236 0.174157 0.028652 0.101124
4 0.290169 0.134831 0.038764 0.076404
4 0.256461 0.113483 0.032022 0.056180
4 0.542135 0.380899 0.030337 0.056180
4 0.526124 0.458427 0.038764 0.067416
4 0.391292 0.458427 0.035393 0.080899
1 0.901124 0.892135 0.091011 0.058427
4 0.696348 0.728090 0.052247 0.071910
4 0.621348 0.168539 0.047191 0.058427
4 0.655056 0.205618 0.033708 0.047191
4 0.532865 0.189888 0.035393 0.051685
4 0.486517 0.226966 0.043820 0.053933
4 0.479775 0.185393 0.033708 0.042697
4 0.692135 0.578652 0.047191 0.078652