0 0.602809 0.919101 0.057303 0.103371
0 0.189888 0.953933 0.053933 0.078652
0 0.136798 0.956180 0.075843 0.078652
0 0.259831 0.919101 0.055618 0.071910
0 0.360955 0.925843 0.045506 0.067416
0 0.524438 0.913483 0.035393 0.060674
0 0.683708 0.943820 0.064045 0.071910
0 0.731742 0.843820 0.038764 0.078652
0 0.832022 0.729213 0.064045 0.087640
0 0.252247 0.731461 0.057303 0.060674
0 0.100562 0.434831 0.053933 0.065169
0 0.153652 0.295506 0.048876 0.060674
0 0.109831 0.219101 0.052247 0.078652
0 0.043258 0.205618 0.047191 0.060674
0 0.435112 0.074157 0.038764 0.103371
0 0.620506 0.029213 0.075843 0.058426
0 0.823596 0.101124 0.064045 0.058427
0 0.908708 0.042697 0.062360 0.080899
0 0.914607 0.144944 0.064045 0.078652
0 0.976685 0.111236 0.046629 0.092135
0 0.755337 0.183146 0.042135 0.056180
0 0.659270 0.224719 0.048876 0.071910
0 0.913764 0.559551 0.075843 0.062921
0 0.838764 0.633708 0.067416 0.089888
0 0.143539 0.691011 0.052247 0.069663
0 0.703933 0.192135 0.047191 0.065169
0 0.744382 0.282022 0.043820 0.074157
0 0.485674 0.224719 0.052247 0.085393
0 0.585955 0.112360 0.060674 0.062921
0 0.859831 0.174157 0.069101 0.056180
0 0.863202 0.244944 0.055618 0.094382
0 0.252247 0.250562 0.060674 0.060674
1 0.066854 0.646067 0.060674 0.087640
1 0.404775 0.160674 0.099438 0.038202
1 0.780618 0.844944 0.055618 0.071910
1 0.034831 0.119101 0.064045 0.044944
1 0.366011 0.591011 0.075843 0.067416
1 0.431742 0.368539 0.045506 0.107865
1 0.103933 0.771910 0.107865 0.047191
1 0.545506 0.593258 0.060674 0.049438
4 0.519382 0.480899 0.065730 0.089888
4 0.944944 0.276404 0.043820 0.107865
4 0.556461 0.755056 0.048876 0.080899
4 0.802528 0.529213 0.065730 0.087640
4 0.810955 0.369663 0.042135 0.087640
4 0.412360 0.801124 0.057303 0.060674
1 0.268258 0.140449 0.075843 0.047191
1 0.382865 0.757303 0.052247 0.067416
1 0.684551 0.338202 0.062360 0.051685
3 0.295225 0.437079 0.065730 0.056180
3 0.907022 0.460674 0.035393 0.089888
3 0.028933 0.497753 0.042135 0.110112
3 0.172191 0.501124 0.052247 0.049438
4 0.303652 0.652809 0.042135 0.065169
4 0.258989 0.038202 0.037079 0.076404
4 0.505056 0.808989 0.043820 0.062921
4 0.450281 0.917978 0.028652 0.083146
4 0.479775 0.897753 0.037079 0.096629
4 0.746067 0.969663 0.047191 0.060674
4 0.929775 0.841573 0.053933 0.069663
4 0.975000 0.775281 0.050000 0.067416
4 0.977809 0.822472 0.042135 0.062921
4 0.856461 0.871910 0.052247 0.076404
4 0.692135 0.885393 0.064045 0.071910
4 0.750281 0.624719 0.048876 0.080899
4 0.582584 0.480899 0.050562 0.058427
4 0.151124 0.562921 0.064045 0.065169
4 0.175562 0.624719 0.058989 0.085393
4 0.237921 0.623596 0.042135 0.065169
4 0.259831 0.524719 0.055618 0.074157
4 0.251404 0.340449 0.052247 0.056180
4 0.162921 0.419101 0.053933 0.051685
4 0.208427 0.033708 0.064045 0.067416
4 0.349157 0.176404 0.035393 0.047191
4 0.551404 0.244944 0.045506 0.049438
4 0.566573 0.174157 0.058989 0.083146
4 0.622191 0.184270 0.055618 0.071910
4 0.594382 0.296629 0.026966 0.058427
4 0.642416 0.307865 0.032022 0.089888
4 0.580899 0.438202 0.047191 0.017978
4 0.640730 0.452809 0.035393 0.060674
4 0.742697 0.441573 0.047191 0.029213
4 0.699719 0.439326 0.045506 0.074157
4 0.382022 0.451685 0.047191 0.067416
4 0.358427 0.361798 0.040449 0.071910
4 0.083708 0.141573 0.053933 0.053933
4 0.191573 0.177528 0.060674 0.058427
4 0.323876 0.626966 0.048876 0.076404
4 0.472191 0.630337 0.065730 0.047191
4 0.427528 0.503371 0.040449 0.085393
4 0.398034 0.547191 0.062360 0.060674
4 0.476404 0.593258 0.043820 0.089888
4 0.961798 0.414607 0.047191 0.051685
4 0.839607 0.371910 0.021910 0.087640
4 0.809270 0.235955 0.089326 0.049438
4 0.099719 0.861798 0.048876 0.051685
4 0.058427 0.838202 0.053933 0.085393
4 0.041573 0.800000 0.040449 0.062921
4 0.014045 0.703371 0.028090 0.053933
4 0.406461 0.702247 0.042135 0.060674
4 0.444382 0.713483 0.047191 0.065169
4 0.526966 0.743820 0.070787 0.098876
4 0.670225 0.597753 0.040449 0.058427
4 0.696348 0.624719 0.021910 0.067416
4 0.751966 0.498876 0.048876 0.062921
2 0.852247 0.489888 0.040449 0.076404
4 0.342416 0.312360 0.062360 0.049438
4 0.134270 0.375281 0.057303 0.071910
4 0.676124 0.102247 0.035393 0.056180
4 0.109831 0.712360 0.085955 0.076404