0 0.204213 0.757303 0.065730 0.085393
0 0.260674 0.576404 0.064045 0.065169
0 0.184831 0.229213 0.050562 0.067416
0 0.256461 0.285393 0.045506 0.053933
0 0.325562 0.458427 0.048876 0.080899
0 0.341573 0.315730 0.050562 0.087640
0 0.504213 0.297753 0.052247 0.069663
0 0.465449 0.332584 0.062360 0.053933
0 0.544663 0.415730 0.048876 0.071910
0 0.336517 0.770787 0.050562 0.071910
0 0.489045 0.796629 0.052247 0.078652
0 0.448596 0.721348 0.062360 0.053933
0 0.495787 0.653933 0.052247 0.071910
0 0.564888 0.800000 0.062360 0.062921
0 0.542135 0.611236 0.057303 0.071910
0 0.604494 0.652809 0.053933 0.065169
0 0.869944 0.904494 0.055618 0.074157
0 0.638202 0.364045 0.057303 0.067416
0 0.572472 0.121348 0.053933 0.071910
0 0.634831 0.030337 0.057303 0.060674
0 0.847191 0.052809 0.060674 0.065169
0 0.874157 0.173034 0.067416 0.067416
0 0.802528 0.262921 0.062360 0.062921
0 0.745225 0.475281 0.065730 0.069663
0 0.719101 0.403371 0.070787 0.078652
0 0.670225 0.291011 0.053933 0.078652
0 0.126685 0.606742 0.052247 0.049438
0 0.078652 0.689888 0.053933 0.067416
0 0.167135 0.897753 0.065730 0.083146
0 0.234551 0.962921 0.072472 0.074157
0 0.034831 0.650562 0.047191 0.074157
0 0.049157 0.506742 0.055618 0.092135
0 0.094663 0.422472 0.069101 0.085393
0 0.406461 0.884270 0.045506 0.060674
0 0.374438 0.714607 0.035393 0.058427
0 0.385393 0.814607 0.047191 0.083146
0 0.444382 0.830337 0.057303 0.092135
0 0.670225 0.733708 0.050562 0.096629
0 0.692135 0.831461 0.050562 0.067416
0 0.612921 0.761798 0.040449 0.071910
0 0.642416 0.825843 0.048876 0.092135
0 0.911236 0.606742 0.050562 0.085393
0 0.973596 0.530337 0.047191 0.076404
0 0.922191 0.389888 0.062360 0.060674
0 0.935674 0.315730 0.048876 0.051685
0 0.328933 0.130337 0.058989 0.080899
0 0.121629 0.891011 0.062360 0.042697
0 0.290169 0.521348 0.062360 0.044944
0 0.180618 0.415730 0.072472 0.062921
0 0.032303 0.358427 0.062360 0.056180
0 0.044101 0.420225 0.052247 0.058427
0 0.909551 0.037079 0.067416 0.074157
1 0.052528 0.305618 0.038764 0.076404
1 0.104775 0.307865 0.065730 0.049438
1 0.693820 0.133708 0.064045 0.083146
1 0.815169 0.756180 0.064045 0.096629
1 0.832022 0.693258 0.043820 0.105618
1 0.118258 0.357303 0.072472 0.085393
3 0.071067 0.834831 0.052247 0.087640
3 0.416573 0.658427 0.042135 0.098876
3 0.425843 0.293258 0.060674 0.078652
3 0.188202 0.547191 0.057303 0.051685
3 0.341573 0.558427 0.040449 0.101124
2 0.599438 0.405618 0.057303 0.092135
4 0.053371 0.032584 0.077528 0.065168
4 0.194944 0.085393 0.060674 0.049438
0 0.226966 0.193258 0.047191 0.058427
4 0.245506 0.015730 0.097753 0.031460
4 0.123315 0.093258 0.035393 0.065169
0 0.167978 0.129213 0.064045 0.069663
0 0.797472 0.448315 0.042135 0.051685
0 0.675281 0.079775 0.057303 0.069663
0 0.459551 0.214607 0.047191 0.083146
4 0.230337 0.133708 0.067416 0.056180
4 0.384551 0.406742 0.062360 0.089888
4 0.604494 0.560674 0.050562 0.092135
4 0.883427 0.707865 0.045506 0.071910
4 0.887640 0.806742 0.047191 0.076404
4 0.855618 0.478652 0.033708 0.080899
4 0.837079 0.595506 0.050562 0.080899
4 0.700562 0.540449 0.050562 0.083146
4 0.416573 0.492135 0.052247 0.067416
4 0.387921 0.539326 0.038764 0.076404
4 0.729213 0.070787 0.047191 0.069663
4 0.792416 0.134831 0.038764 0.076404
4 0.806742 0.194382 0.067416 0.074157
4 0.769663 0.023596 0.057303 0.047191