0 0.363483 0.582022 0.074157 0.085393
0 0.584270 0.548315 0.053933 0.076404
0 0.625562 0.604494 0.045506 0.053933
0 0.623876 0.677528 0.055618 0.060674
0 0.406461 0.419101 0.042135 0.065169
0 0.264888 0.313483 0.052247 0.069663
0 0.218539 0.268539 0.050562 0.060674
0 0.158708 0.051685 0.065730 0.058427
0 0.232865 0.040449 0.055618 0.080898
0 0.297753 0.726966 0.053933 0.069663
0 0.354213 0.766292 0.062360 0.049438
0 0.707303 0.764045 0.057303 0.076404
0 0.831180 0.557303 0.072472 0.076404
0 0.864888 0.356180 0.058989 0.065169
0 0.918820 0.358427 0.048876 0.056180
0 0.657584 0.069663 0.085955 0.080899
0 0.066011 0.522472 0.055618 0.065169
0 0.034831 0.703371 0.067416 0.076404
0 0.906180 0.849438 0.070787 0.058427
0 0.919663 0.926966 0.074157 0.069663
0 0.944944 0.155056 0.053933 0.071910
0 0.925562 0.029213 0.052247 0.058426
0 0.977809 0.103371 0.042135 0.076404
0 0.457865 0.156180 0.043820 0.065169
0 0.442697 0.294382 0.047191 0.049438
0 0.353371 0.219101 0.067416 0.060674
0 0.980056 0.621348 0.039888 0.065169
0 0.980056 0.680899 0.039888 0.044944
0 0.072753 0.753933 0.048876 0.069663
0 0.390449 0.969663 0.070787 0.060674
0 0.541292 0.305618 0.058989 0.058427
0 0.840449 0.055056 0.070787 0.105618
0 0.465449 0.087640 0.058989 0.053933
1 0.536236 0.646067 0.075843 0.047191
1 0.114045 0.828090 0.087640 0.074157
1 0.448596 0.410112 0.025281 0.105618
1 0.462079 0.443820 0.021910 0.083146
1 0.058427 0.470787 0.080899 0.042697
1 0.072753 0.158427 0.042135 0.096629
2 0.478090 0.614607 0.053933 0.087640
2 0.293539 0.480899 0.079213 0.067416
4 0.896910 0.514607 0.058989 0.049438
4 0.698876 0.622472 0.064045 0.071910
4 0.651685 0.503371 0.070787 0.062921
4 0.775562 0.586517 0.048876 0.080899
4 0.352528 0.404494 0.065730 0.076404
4 0.249719 0.224719 0.042135 0.076404
4 0.037360 0.400000 0.048876 0.053933
4 0.169663 0.514607 0.053933 0.076404
4 0.174719 0.311236 0.040449 0.065169
4 0.200000 0.406742 0.057303 0.053933
4 0.137640 0.429213 0.094382 0.058427
4 0.256461 0.415730 0.062360 0.071910
4 0.259831 0.559551 0.062360 0.071910
4 0.190730 0.704494 0.069101 0.065169
4 0.215169 0.776404 0.050562 0.105618
4 0.101404 0.967416 0.065730 0.065168
4 0.516011 0.811236 0.062360 0.044944
4 0.374438 0.697753 0.055618 0.069663
4 0.507584 0.770787 0.045506 0.058427
4 0.412360 0.668539 0.033708 0.042697
4 0.446067 0.680899 0.064045 0.053933
4 0.460393 0.789888 0.048876 0.056180
4 0.475562 0.934831 0.062360 0.053933
4 0.686236 0.911236 0.069101 0.060674
4 0.742697 0.178652 0.037079 0.069663
4 0.382865 0.103371 0.045506 0.049438
4 0.117416 0.147191 0.050562 0.065169
4 0.042416 0.043820 0.055618 0.060674
4 0.023034 0.138202 0.037079 0.056180
4 0.359270 0.128090 0.045506 0.031461
4 0.525281 0.041573 0.074157 0.083146
4 0.858989 0.206742 0.053933 0.049438
4 0.782303 0.193258 0.045506 0.053933
0 0.704775 0.144944 0.045506 0.083146
0 0.880056 0.705618 0.062360 0.062921
0 0.893539 0.659551 0.058989 0.065169
0 0.296067 0.835955 0.057303 0.044944
0 0.190730 0.967416 0.055618 0.065168
0 0.142697 0.661798 0.067416 0.051685
2 0.281742 0.188764 0.058989 0.080899
3 0.833708 0.415730 0.077528 0.053933
3 0.930618 0.593258 0.065730 0.071910
3 0.351685 0.904494 0.047191 0.069663
3 0.150281 0.931461 0.032022 0.056180
4 0.295225 0.930337 0.048876 0.067416
4 0.106461 0.729213 0.055618 0.060674
4 0.129213 0.422472 0.030337 0.067416
4 0.069382 0.421348 0.045506 0.074157
4 0.112360 0.080899 0.040449 0.035955
4 0.596067 0.202247 0.053933 0.062921
4 0.631461 0.183146 0.064045 0.078652
4 0.410674 0.159551 0.047191 0.080899
4 0.422472 0.257303 0.053933 0.060674
1 0.371067 0.167416 0.082584 0.033708
3 0.312079 0.276404 0.025281 0.080899
3 0.710674 0.286517 0.050562 0.069663
4 0.583427 0.380899 0.062360 0.056180
3 0.880056 0.478652 0.052247 0.053933
4 0.531180 0.474157 0.052247 0.076404
4 0.818539 0.238202 0.043820 0.067416
4 0.789888 0.274157 0.050562 0.067416
4 0.755337 0.306742 0.025281 0.087640
4 0.611236 0.741573 0.064045 0.058427
4 0.528652 0.738202 0.047191 0.069663
3 0.553090 0.692135 0.045506 0.067416
4 0.853933 0.973034 0.057303 0.053932
4 0.838764 0.928090 0.067416 0.062921