0 0.468820 0.285393 0.058989 0.067416
0 0.616292 0.215730 0.070787 0.094382
0 0.455337 0.222472 0.048876 0.049438
0 0.383708 0.307865 0.043820 0.076404
0 0.275000 0.371910 0.048876 0.078652
0 0.317978 0.411236 0.053933 0.049438
0 0.344944 0.626966 0.064045 0.089888
0 0.415730 0.707865 0.067416 0.049438
0 0.413202 0.774157 0.042135 0.060674
0 0.487360 0.816854 0.052247 0.065169
0 0.514326 0.939326 0.058989 0.071910
0 0.591854 0.811236 0.062360 0.071910
0 0.837079 0.507865 0.040449 0.076404
0 0.862360 0.355056 0.053933 0.076404
0 0.944101 0.269663 0.052247 0.080899
0 0.271629 0.130337 0.042135 0.085393
0 0.036517 0.093258 0.053933 0.065169
0 0.050000 0.157303 0.047191 0.053933
0 0.023315 0.280899 0.046629 0.049438
0 0.122472 0.362921 0.057303 0.056180
0 0.172191 0.358427 0.038764 0.056180
0 0.322191 0.974157 0.062360 0.051685
0 0.359270 0.948315 0.065730 0.049438
0 0.367697 0.238202 0.042135 0.040449
0 0.309551 0.213483 0.047191 0.080899
0 0.966011 0.644944 0.062360 0.035955
0 0.911236 0.633708 0.043820 0.058427
1 0.269944 0.566292 0.072472 0.053933
1 0.100562 0.066292 0.050562 0.078652
1 0.163764 0.131461 0.048876 0.074157
1 0.352528 0.742697 0.075843 0.051685
1 0.828652 0.826966 0.067416 0.076404
0 0.893539 0.124719 0.072472 0.060674
0 0.757022 0.230337 0.069101 0.069663
0 0.739326 0.392135 0.040449 0.060674
0 0.773876 0.515730 0.075843 0.078652
0 0.484831 0.398876 0.064045 0.083146
0 0.929775 0.723596 0.060674 0.125843
0 0.746067 0.813483 0.060674 0.071910
0 0.108989 0.729213 0.060674 0.065169
0 0.586798 0.071910 0.069101 0.103371
0 0.410674 0.126966 0.050562 0.087640
0 0.772191 0.173034 0.058989 0.058427
0 0.832865 0.239326 0.058989 0.056180
0 0.872472 0.193258 0.050562 0.067416
0 0.849719 0.293258 0.058989 0.065169
0 0.669382 0.406742 0.052247 0.076404
0 0.525281 0.871910 0.057303 0.058427
1 0.205056 0.134831 0.060674 0.049438
1 0.103933 0.178652 0.037079 0.114607
1 0.502528 0.487640 0.055618 0.053933
4 0.559831 0.289888 0.072472 0.053933
4 0.688764 0.493258 0.047191 0.083146
4 0.885955 0.920225 0.043820 0.056180
4 0.985955 0.855056 0.028090 0.060674
4 0.972472 0.926966 0.055056 0.047191
4 0.964888 0.969663 0.070224 0.060674
4 0.585955 0.523596 0.040449 0.049438
4 0.688764 0.617978 0.043820 0.062921
4 0.717416 0.674157 0.064045 0.080899
4 0.605337 0.673034 0.065730 0.038202
4 0.366854 0.522472 0.064045 0.060674
4 0.216011 0.326966 0.042135 0.083146
4 0.226124 0.432584 0.055618 0.042697
4 0.189888 0.420225 0.050562 0.067416
4 0.112360 0.477528 0.043820 0.065169
4 0.055056 0.500000 0.064045 0.042697
4 0.144382 0.516854 0.060674 0.058427
4 0.044101 0.550562 0.055618 0.053933
4 0.031742 0.634831 0.063483 0.074157
4 0.488202 0.103371 0.053933 0.049438
4 0.408146 0.016854 0.048876 0.033708
4 0.702247 0.051685 0.050562 0.062921
4 0.972472 0.413483 0.055056 0.076404
4 0.960955 0.519101 0.038764 0.076404
4 0.846348 0.628090 0.048876 0.069663
4 0.521910 0.679775 0.047191 0.056180
4 0.481461 0.564045 0.064045 0.035955
2 0.565730 0.639326 0.037079 0.056180
4 0.302809 0.014607 0.040449 0.029213
4 0.376966 0.161798 0.043820 0.053933
4 0.358427 0.116854 0.043820 0.044944
4 0.182303 0.467416 0.052247 0.044944
4 0.127528 0.617978 0.053933 0.044944
4 0.186517 0.746067 0.053933 0.071910
4 0.136798 0.842697 0.042135 0.085393
4 0.167978 0.894382 0.060674 0.085393
4 0.395506 0.813483 0.067416 0.031461
4 0.425000 0.873034 0.058989 0.065169
1 0.548034 0.968539 0.035393 0.062921
4 0.851404 0.019101 0.042135 0.038202
4 0.746910 0.055056 0.055618 0.060674
4 0.780618 0.115730 0.055618 0.074157
4 0.807584 0.046067 0.052247 0.051685
4 0.227809 0.065169 0.058989 0.058427
4 0.350000 0.049438 0.064045 0.053933
4 0.631461 0.640449 0.050562 0.076404
4 0.424157 0.435955 0.067416 0.035955
3 0.378652 0.456180 0.053933 0.071910
3 0.143539 0.962921 0.058989 0.074157
3 0.733427 0.753933 0.089326 0.051685
1 0.431742 0.528090 0.052247 0.053933
4 0.291011 0.649438 0.040449 0.067416
4 0.712360 0.875281 0.047191 0.078652
4 0.649157 0.920225 0.032022 0.042697
4 0.907022 0.497753 0.048876 0.074157
4 0.724157 0.310112 0.060674 0.049438
4 0.694663 0.352809 0.052247 0.062921
3 0.622191 0.533708 0.032022 0.087640
3 0.526124 0.623596 0.052247 0.069663
4 0.554775 0.560674 0.045506 0.051685