1 0.559831 0.275281 0.032022 0.110112
1 0.816854 0.607865 0.030337 0.123596
1 0.585112 0.524719 0.065730 0.065169
1 0.255618 0.433708 0.030337 0.103371
1 0.105618 0.306742 0.087640 0.056180
1 0.963483 0.900000 0.047191 0.114607
0 0.684551 0.250562 0.058989 0.078652
0 0.848876 0.207865 0.050562 0.065169
0 0.812640 0.405618 0.062360 0.074157
0 0.836236 0.500000 0.058989 0.083146
0 0.851404 0.579775 0.055618 0.080899
0 0.958427 0.298876 0.057303 0.085393
0 0.439326 0.147191 0.053933 0.065169
0 0.485674 0.776404 0.062360 0.069663
0 0.262360 0.592135 0.060674 0.065169
0 0.177247 0.508989 0.065730 0.060674
0 0.251404 0.243820 0.069101 0.092135
0 0.130899 0.246067 0.060674 0.060674
0 0.060112 0.091011 0.057303 0.083146
0 0.013202 0.283146 0.026404 0.067416
0 0.183146 0.301124 0.060674 0.062921
0 0.550562 0.044944 0.060674 0.067416
0 0.745225 0.042697 0.062360 0.058427
0 0.222753 0.883146 0.062360 0.062921
0 0.018258 0.674157 0.036516 0.080899
4 0.264888 0.084270 0.065730 0.092135
4 0.628090 0.377528 0.050562 0.080899
4 0.409831 0.276404 0.052247 0.071910
4 0.633989 0.048315 0.045506 0.065169
4 0.695506 0.644944 0.050562 0.085393
4 0.722472 0.456180 0.057303 0.067416
4 0.651685 0.494382 0.037079 0.085393
4 0.762079 0.713483 0.062360 0.065169
4 0.719101 0.751685 0.043820 0.069663
4 0.560674 0.707865 0.030337 0.098876
4 0.600281 0.658427 0.065730 0.076404
4 0.128371 0.679775 0.072472 0.083146
4 0.172191 0.847191 0.048876 0.080899
4 0.186517 0.432584 0.043820 0.065169
4 0.885955 0.126966 0.060674 0.096629
4 0.950843 0.068539 0.048876 0.069663
4 0.841292 0.041573 0.042135 0.083146
4 0.796629 0.097753 0.050562 0.056180
4 0.720787 0.096629 0.080899 0.053933
1 0.837921 0.138202 0.079213 0.083146
1 0.596067 0.935955 0.040449 0.110112
0 0.912079 0.582022 0.048876 0.080899
0 0.960955 0.619101 0.048876 0.060674
0 0.679494 0.821348 0.058989 0.056180
4 0.585955 0.798876 0.064045 0.069663
0 0.452809 0.653933 0.057303 0.053933
0 0.129213 0.859551 0.067416 0.065169
0 0.242135 0.380899 0.050562 0.051685
0 0.405618 0.633708 0.043820 0.053933
0 0.438483 0.711236 0.055618 0.065169
0 0.289326 0.478652 0.050562 0.049438
3 0.356742 0.202247 0.040449 0.094382
3 0.564045 0.467416 0.077528 0.040449
3 0.357584 0.953933 0.055618 0.083146
3 0.450281 0.293258 0.045506 0.083146
4 0.419101 0.497753 0.070787 0.056180
4 0.482303 0.589888 0.048876 0.074157
4 0.541292 0.529213 0.055618 0.060674
4 0.303652 0.408989 0.069101 0.076404
4 0.336517 0.514607 0.050562 0.076404
4 0.367697 0.598876 0.032022 0.078652
4 0.415730 0.570787 0.033708 0.049438
4 0.081180 0.358427 0.096067 0.056180
4 0.906180 0.257303 0.030337 0.096629
4 0.966573 0.737079 0.066854 0.080899
4 0.829494 0.930337 0.065730 0.058427
4 0.640730 0.926966 0.069101 0.038202
4 0.034831 0.778652 0.067416 0.074157
4 0.055056 0.916854 0.053933 0.062921
4 0.114045 0.925843 0.057303 0.080899
4 0.035955 0.858427 0.071910 0.035955
4 0.046629 0.983146 0.074157 0.033708
4 0.730056 0.910112 0.048876 0.035955
4 0.787360 0.988764 0.055618 0.022472
4 0.728371 0.973034 0.072472 0.053932
4 0.532865 0.353933 0.048876 0.056180
4 0.627247 0.305618 0.038764 0.076404
4 0.739326 0.537079 0.040449 0.053933
4 0.741854 0.606742 0.035393 0.067416
4 0.783146 0.573034 0.037079 0.080899
2 0.454494 0.082022 0.050562 0.051685
3 0.459551 0.211236 0.043820 0.089888