0 0.569101 0.112360 0.091011 0.053933
0 0.509270 0.029213 0.058989 0.058426
0 0.633989 0.043820 0.042135 0.056180
0 0.830337 0.553933 0.053933 0.078652
0 0.757865 0.623596 0.067416 0.069663
0 0.344101 0.489888 0.052247 0.067416
0 0.329775 0.417978 0.053933 0.062921
0 0.425000 0.782022 0.089326 0.085393
0 0.244663 0.860674 0.062360 0.080899
0 0.294382 0.231461 0.060674 0.067416
0 0.575843 0.578652 0.067416 0.087640
0 0.709831 0.467416 0.062360 0.062921
0 0.918820 0.459551 0.075843 0.074157
0 0.969101 0.328090 0.061798 0.058427
0 0.558989 0.886517 0.077528 0.069663
0 0.680337 0.906742 0.053933 0.056180
0 0.623034 0.865169 0.053933 0.067416
0 0.810112 0.650562 0.050562 0.078652
0 0.782303 0.140449 0.058989 0.078652
0 0.228652 0.096629 0.057303 0.076404
0 0.066854 0.592135 0.060674 0.051685
0 0.483146 0.967416 0.094382 0.065168
0 0.762921 0.423596 0.057303 0.069663
0 0.804213 0.446067 0.045506 0.042697
0 0.840449 0.348315 0.057303 0.071910
0 0.943258 0.256180 0.057303 0.067416
0 0.339888 0.601124 0.040449 0.051685
0 0.290169 0.774157 0.045506 0.083146
0 0.944944 0.529213 0.037079 0.069663
0 0.944944 0.598876 0.067416 0.069663
0 0.920506 0.778652 0.062360 0.060674
0 0.684551 0.835955 0.058989 0.067416
0 0.876685 0.022472 0.052247 0.044944
1 0.585112 0.229213 0.062360 0.094382
1 0.684551 0.308989 0.055618 0.087640
1 0.708146 0.252809 0.072472 0.038202
1 0.022191 0.767416 0.032022 0.074157
1 0.094663 0.741573 0.085955 0.044944
1 0.857303 0.743820 0.084270 0.053933
1 0.978652 0.631461 0.037079 0.089888
3 0.428371 0.735955 0.065730 0.078652
3 0.850562 0.106742 0.033708 0.047191
3 0.675281 0.051685 0.053933 0.085393
3 0.191573 0.160674 0.064045 0.047191
3 0.088764 0.150562 0.043820 0.071910
3 0.069382 0.323596 0.062360 0.049438
3 0.044944 0.523596 0.064045 0.040449
3 0.116573 0.458427 0.058989 0.071910
3 0.172191 0.292135 0.035393 0.094382
3 0.144382 0.370787 0.026966 0.098876
0 0.408989 0.523596 0.053933 0.080899
0 0.770506 0.253933 0.058989 0.058427
0 0.693820 0.974157 0.080899 0.051685
0 0.966011 0.885393 0.048876 0.071910
0 0.710674 0.729213 0.050562 0.056180
0 0.566573 0.496629 0.069101 0.049438
4 0.316292 0.343820 0.057303 0.058427
4 0.516011 0.369663 0.072472 0.065169
4 0.509270 0.448315 0.038764 0.060674
4 0.470506 0.092135 0.072472 0.044944
4 0.443539 0.158427 0.069101 0.083146
4 0.363483 0.232584 0.040449 0.092135
4 0.066854 0.016854 0.043820 0.033708
4 0.073596 0.049438 0.043820 0.040449
4 0.014888 0.239326 0.029775 0.101124
4 0.088764 0.255056 0.053933 0.056180
4 0.644944 0.166292 0.047191 0.049438
4 0.635674 0.221348 0.052247 0.069663
4 0.808427 0.071910 0.057303 0.044944
4 0.894382 0.150562 0.057303 0.049438
4 0.887640 0.202247 0.037079 0.044944
4 0.666854 0.557303 0.064045 0.053933
1 0.617978 0.764045 0.101124 0.031461
4 0.209270 0.634831 0.062360 0.060674
4 0.959270 0.408989 0.055618 0.053933
3 0.878371 0.395506 0.042135 0.058427
1 0.206742 0.348315 0.037079 0.085393
3 0.436798 0.023596 0.045506 0.047191
3 0.631461 0.796629 0.067416 0.047191
3 0.526124 0.717978 0.075843 0.056180
3 0.304494 0.653933 0.064045 0.049438
4 0.103933 0.497753 0.040449 0.065169
4 0.155337 0.659551 0.055618 0.038202
4 0.164607 0.549438 0.040449 0.051685
4 0.190730 0.016854 0.038764 0.033708
4 0.291011 0.011236 0.074157 0.022472
4 0.314607 0.064045 0.067416 0.051685
4 0.280056 0.112360 0.042135 0.085393
4 0.350000 0.156180 0.040449 0.060674
4 0.181461 0.108989 0.053933 0.056180
3 0.974438 0.215730 0.032022 0.094382
4 0.912921 0.848315 0.047191 0.087640
4 0.861517 0.823596 0.028652 0.065169
4 0.453652 0.603371 0.048876 0.060674
4 0.494944 0.578652 0.043820 0.074157
4 0.506742 0.532584 0.070787 0.071910
4 0.467978 0.501124 0.050562 0.080899
4 0.370225 0.323596 0.057303 0.089888
4 0.261517 0.312360 0.042135 0.058427
4 0.250562 0.375281 0.053933 0.076404
4 0.592697 0.431461 0.047191 0.040449
4 0.766292 0.557303 0.053933 0.058427
4 0.905337 0.693258 0.069101 0.056180
4 0.858989 0.683146 0.064045 0.112360
4 0.233708 0.793258 0.060674 0.089888
4 0.216854 0.722472 0.050562 0.038202
4 0.081180 0.700000 0.085955 0.042697
4 0.153652 0.738202 0.042135 0.083146
4 0.342416 0.862921 0.038764 0.076404
4 0.460393 0.893258 0.058989 0.051685
4 0.608708 0.919101 0.038764 0.094382
4 0.403933 0.858427 0.050562 0.080899