0 0.526966 0.332584 0.053933 0.094382
0 0.548876 0.438202 0.053933 0.080899
0 0.561517 0.103371 0.058989 0.080899
0 0.714045 0.182022 0.057303 0.071910
0 0.748596 0.392135 0.062360 0.069663
0 0.796629 0.543820 0.057303 0.049438
0 0.234551 0.708989 0.048876 0.078652
0 0.187360 0.505618 0.048876 0.062921
0 0.269944 0.187640 0.072472 0.078652
0 0.173876 0.115730 0.052247 0.074157
0 0.305337 0.320225 0.048876 0.092135
0 0.274157 0.447191 0.047191 0.062921
0 0.354213 0.556180 0.052247 0.069663
0 0.359270 0.634831 0.052247 0.074157
0 0.366854 0.346067 0.050562 0.067416
0 0.374438 0.253933 0.062360 0.085393
0 0.032584 0.828090 0.065168 0.060674
0 0.061798 0.870787 0.057303 0.083146
0 0.101404 0.917978 0.048876 0.087640
0 0.192416 0.908989 0.055618 0.078652
0 0.339888 0.910112 0.074157 0.085393
0 0.585112 0.895506 0.062360 0.074157
0 0.540449 0.968539 0.064045 0.062921
0 0.803371 0.940449 0.080899 0.078652
0 0.935674 0.267416 0.048876 0.076404
0 0.964045 0.100000 0.071910 0.087640
0 0.427528 0.719101 0.043820 0.080899
0 0.509270 0.742697 0.055618 0.060674
0 0.912079 0.746067 0.052247 0.071910
1 0.510112 0.566292 0.091011 0.049438
1 0.695506 0.903371 0.060674 0.085393
1 0.272472 0.848315 0.067416 0.069663
1 0.832022 0.211236 0.080899 0.049438
0 0.928933 0.970787 0.079213 0.058426
0 0.446910 0.461798 0.052247 0.065169
0 0.304494 0.496629 0.074157 0.067416
0 0.119101 0.619101 0.047191 0.056180
0 0.157865 0.810112 0.077528 0.083146
0 0.438483 0.176404 0.075843 0.065169
1 0.393820 0.197753 0.080899 0.058427
1 0.684551 0.335955 0.085955 0.033708
0 0.429213 0.787640 0.104494 0.047191
1 0.366011 0.442697 0.082584 0.080899
0 0.661798 0.156180 0.057303 0.087640
0 0.855618 0.484270 0.060674 0.047191
0 0.288483 0.758427 0.052247 0.060674
0 0.606180 0.979775 0.060674 0.040449
2 0.636517 0.365169 0.080899 0.096629
1 0.590169 0.792135 0.099438 0.060674
3 0.881742 0.277528 0.025281 0.105618
3 0.702247 0.688764 0.104494 0.069663
3 0.197472 0.256180 0.092697 0.062921
3 0.074438 0.130337 0.069101 0.085393
3 0.025562 0.462921 0.045506 0.062921
4 0.425843 0.397753 0.060674 0.058427
4 0.708146 0.605618 0.075843 0.060674
4 0.695506 0.521348 0.064045 0.071910
4 0.655056 0.475281 0.057303 0.056180
4 0.671067 0.424719 0.052247 0.076404
4 0.619663 0.538202 0.064045 0.038202
4 0.642416 0.619101 0.058989 0.042697
4 0.105618 0.376404 0.070787 0.033708
4 0.105618 0.491011 0.057303 0.047191
4 0.079494 0.562921 0.075843 0.056180
4 0.071910 0.633708 0.037079 0.107865
4 0.159551 0.384270 0.067416 0.058427
4 0.154494 0.433708 0.070787 0.040449
4 0.015730 0.210112 0.031460 0.042697
4 0.648315 0.213483 0.077528 0.071910
4 0.857303 0.355056 0.060674 0.094382
4 0.848876 0.266292 0.064045 0.083146
4 0.864888 0.025843 0.042135 0.042697
4 0.863202 0.077528 0.062360 0.056180
3 0.575000 0.641573 0.085955 0.047191
3 0.438483 0.611236 0.055618 0.071910
3 0.394663 0.593258 0.042135 0.112360
3 0.529494 0.678652 0.082584 0.071910
4 0.896910 0.575281 0.038764 0.089888
4 0.874157 0.644944 0.053933 0.058427
4 0.810112 0.695506 0.077528 0.029213
4 0.767135 0.621348 0.042135 0.056180
4 0.805056 0.628090 0.064045 0.069663
4 0.836236 0.543820 0.042135 0.085393
4 0.819382 0.137079 0.075843 0.062921
4 0.496629 0.020225 0.060674 0.040449
3 0.413202 0.311236 0.052247 0.047191
0 0.458708 0.329213 0.042135 0.074157
3 0.376966 0.747191 0.064045 0.033708
3 0.433427 0.893258 0.069101 0.065169
0 0.741011 0.250562 0.060674 0.051685
0 0.157865 0.216854 0.074157 0.069663
0 0.969944 0.424719 0.060112 0.080899
0 0.990169 0.276404 0.019662 0.062921
4 0.108989 0.055056 0.053933 0.074157
4 0.985112 0.807865 0.029775 0.105618
4 0.016573 0.757303 0.033146 0.076404
4 0.021629 0.398876 0.043258 0.020225
4 0.547191 0.839326 0.070787 0.042697
4 0.452809 0.851685 0.074157 0.044944
2 0.907022 0.151685 0.058989 0.078652