2 0.64375 0.9171875 0.065625 0.08203125
2 0.40703125 0.96015625 0.05078125 0.0640625
2 0.39296875 0.871875 0.05234375 0.0578125
2 0.01953125 0.828125 0.0390625 0.06875
2 0.534375 0.89375 0.05390625 0.0734375
2 0.52109375 0.8234375 0.05390625 0.06953125
2 0.51328125 0.746875 0.04765625 0.071875
2 0.3390625 0.47578125 0.059375 0.06796875
2 0.38515625 0.20234375 0.05703125 0.06171875
2 0.5875 0.21015625 0.0609375 0.065625
2 0.421875 0.8078125 0.04609375 0.06171875
2 0.01484375 0.69453125 0.0296875 0.06953125
2 0.01640625 0.76171875 0.0328125 0.05
2 0.1390625 0.35546875 0.05859375 0.0734375
2 0.3546875 0.68828125 0.04921875 0.06953125
2 0.42109375 0.62265625 0.04453125 0.0578125
2 0.40859375 0.709375 0.04453125 0.05625
2 0.453125 0.91640625 0.0609375 0.071875
2 0.42109375 0.26484375 0.04453125 0.059375
2 0.48125 0.2625 0.0609375 0.08359375
2 0.63515625 0.740625 0.05546875 0.0640625
2 0.54765625 0.63515625 0.0390625 0.06796875
2 0.4546875 0.3328125 0.04609375 0.05625
2 0.425 0.06484375 0.05390625 0.06171875
2 0.4828125 0.05546875 0.04609375 0.0640625
2 0.8875 0.2328125 0.05234375 0.07578125
2 0.98203125 0.38828125 0.03515625 0.071875
2 0.35546875 0.52421875 0.04609375 0.04765625
2 0.92265625 0.5140625 0.04765625 0.0515625
2 0.7046875 0.509375 0.0421875 0.04140625
2 0.60703125 0.50625 0.04921875 0.06796875
2 0.5171875 0.503125 0.04609375 0.05
2 0.9421875 0.71640625 0.05390625 0.06171875
2 0.5 0.98203125 0.05078125 0.0359375
2 0.41328125 0.51015625 0.05703125 0.059375
2 0.7578125 0.025 0.04921875 0.05
2 0.9671875 0.10390625 0.0375 0.04375
2 0.88125 0.59375 0.05703125 0.0515625
2 0.83984375 0.521875 0.04296875 0.0515625
2 0.88125 0.48203125 0.0328125 0.0515625
2 0.45234375 0.11875 0.04765625 0.05
2 0.15234375 0.27890625 0.0421875 0.059375
2 0.446875 0.45390625 0.04609375 0.059375
0 0.38359375 0.4296875 0.0359375 0.08203125
0 0.490625 0.13671875 0.05703125 0.09375
0 0.76484375 0.53984375 0.0671875 0.03984375
3 0.86171875 0.10546875 0.065625 0.09140625
0 0.42421875 0.41640625 0.04921875 0.1078125
0 0.89296875 0.65859375 0.04765625 0.05390625
2 0.490625 0.415625 0.04296875 0.06953125
2 0.54296875 0.42421875 0.04296875 0.059375
2 0.0171875 0.984375 0.034375 0.03125
2 0.9875 0.85234375 0.025 0.0515625
2 0.98828125 0.93046875 0.0234375 0.059375
3 0.9375 0.975 0.0390625 0.05