2 0.47265625 0.7640625 0.04609375 0.06171875
2 0.515625 0.35 0.05234375 0.07734375
2 0.39921875 0.03125 0.0671875 0.0625
2 0.29453125 0.2671875 0.05234375 0.0515625
2 0.93359375 0.71015625 0.05078125 0.0734375
2 0.66796875 0.8515625 0.0375 0.04609375
2 0.825 0.9359375 0.05546875 0.0640625
2 0.43359375 0.1875 0.0765625 0.0515625
2 0.89375 0.1171875 0.040625 0.0640625
2 0.15390625 0.06484375 0.05234375 0.06171875
2 0.1625 0.1984375 0.05078125 0.065625
2 0.62265625 0.93359375 0.04453125 0.0578125
2 0.97890625 0.97109375 0.0421875 0.0578125
2 0.8 0.7140625 0.08046875 0.065625
2 0.596875 0.8265625 0.059375 0.05625
2 0.4171875 0.56484375 0.034375 0.0578125
2 0.84296875 0.35234375 0.05234375 0.059375
2 0.83671875 0.4515625 0.05234375 0.06953125
2 0.4875 0.83359375 0.05546875 0.06171875
2 0.959375 0.50234375 0.05859375 0.06796875
2 0.56796875 0.66953125 0.04921875 0.071875
2 0.7359375 0.30078125 0.04453125 0.0515625
2 0.68515625 0.46328125 0.05390625 0.04609375
2 0.3546875 0.43828125 0.0375 0.059375
2 0.73203125 0.85546875 0.05234375 0.0578125
2 0.6484375 0.6671875 0.0015625 0.028125
2 0.66640625 0.7109375 0.0640625 0.059375
2 0.2921875 0.7171875 0.0328125 0.05625
2 0.3515625 0.71015625 0.0375 0.05
2 0.084375 0.909375 0.04765625 0.06171875
2 0.65625 0.515625 0.05859375 0.059375
2 0.2796875 0.07890625 0.034375 0.05390625
2 0.74921875 0.06875 0.04765625 0.05390625
2 0.42421875 0.68203125 0.05234375 0.0578125
2 0.31953125 0.92734375 0.05390625 0.05
2 0.25390625 0.59453125 0.04609375 0.06953125
2 0.6578125 0.7671875 0.0765625 0.04375
2 0.9375 0.04609375 0.0625 0.05625
2 0.215625 0.2 0.05546875 0.06953125
2 0.26796875 0.203125 0.04296875 0.059375
2 0.3 0.49296875 0.04453125 0.07734375
2 0.6796875 0.36640625 0.04609375 0.0640625
2 0.62421875 0.35859375 0.04765625 0.06796875
1 0.053125 0.7109375 0.04453125 0.05625
1 0.68984375 0.05703125 0.0421875 0.065625
3 0.77578125 0.41953125 0.0703125 0.04609375
3 0.5875 0.54453125 0.07890625 0.05390625
3 0.05703125 0.79765625 0.0609375 0.06171875
0 0.14921875 0.8765625 0.0421875 0.06796875
0 0.7015625 0.66796875 0.05390625 0.08203125
2 0.8421875 0.26171875 0.05390625 0.08203125
2 0.22578125 0.953125 0.0375 0.04140625
2 0.24921875 0.90625 0.0296875 0.04765625
2 0.1546875 0.9578125 0.1015625 0.08359375
0 0.13125 0.80859375 0.05703125 0.0515625
0 0.98046875 0.6375 0.03828125 0.059375
0 0.1125 0.865625 0.07890625 0.04609375
4 0.54609375 0.43125 0.04765625 0.071875
3 0.98046875 0.746875 0.03828125 0.0609375
3 0.090625 0.14921875 0.06875 0.071875
2 0.89609375 0.4984375 0.0796875 0.06328125
2 0.29296875 0.0203125 0.084375 0.03984375