2 0.52734375 0.2359375 0.04609375 0.06171875
2 0.484375 0.65 0.05234375 0.07734375
2 0.60078125 0.96875 0.0671875 0.0625
2 0.70546875 0.7328125 0.05234375 0.0515625
2 0.06640625 0.28984375 0.05078125 0.0734375
2 0.33203125 0.1484375 0.0375 0.04609375
2 0.175 0.0640625 0.05546875 0.0640625
2 0.56640625 0.8125 0.0765625 0.0515625
2 0.10625 0.8828125 0.040625 0.0640625
2 0.84609375 0.93515625 0.05234375 0.06171875
2 0.8375 0.8015625 0.05078125 0.065625
2 0.37734375 0.06640625 0.04453125 0.0578125
2 0.02109375 0.02890625 0.0421875 0.0578125
2 0.2 0.2859375 0.08046875 0.065625
2 0.403125 0.1734375 0.059375 0.05625
2 0.5828125 0.43515625 0.034375 0.0578125
2 0.15703125 0.64765625 0.05234375 0.059375
2 0.16328125 0.5484375 0.05234375 0.06953125
2 0.5125 0.16640625 0.05546875 0.06171875
2 0.040625 0.49765625 0.05859375 0.06796875
2 0.43203125 0.33046875 0.04921875 0.071875
2 0.2640625 0.69921875 0.04453125 0.0515625
2 0.31484375 0.53671875 0.05390625 0.04609375
2 0.6453125 0.56171875 0.0375 0.059375
2 0.26796875 0.14453125 0.05234375 0.0578125
2 0.3515625 0.3328125 0.0015625 0.028125
2 0.33359375 0.2890625 0.0640625 0.059375
2 0.7078125 0.2828125 0.0328125 0.05625
2 0.6484375 0.28984375 0.0375 0.05
2 0.915625 0.090625 0.04765625 0.06171875
2 0.34375 0.484375 0.05859375 0.059375
2 0.7203125 0.92109375 0.034375 0.05390625
2 0.25078125 0.93125 0.04765625 0.05390625
2 0.57578125 0.31796875 0.05234375 0.0578125
2 0.68046875 0.07265625 0.05390625 0.05
2 0.74609375 0.40546875 0.04609375 0.06953125
2 0.3421875 0.2328125 0.0765625 0.04375
2 0.0625 0.95390625 0.0625 0.05625
2 0.784375 0.8 0.05546875 0.06953125
2 0.73203125 0.796875 0.04296875 0.059375
2 0.7 0.50703125 0.04453125 0.07734375
2 0.3203125 0.63359375 0.04609375 0.0640625
2 0.37578125 0.64140625 0.04765625 0.06796875
1 0.946875 0.2890625 0.04453125 0.05625
1 0.31015625 0.94296875 0.0421875 0.065625
3 0.22421875 0.58046875 0.0703125 0.04609375
3 0.4125 0.45546875 0.07890625 0.05390625
3 0.94296875 0.20234375 0.0609375 0.06171875
0 0.85078125 0.1234375 0.0421875 0.06796875
0 0.2984375 0.33203125 0.05390625 0.08203125
2 0.1578125 0.73828125 0.05390625 0.08203125
2 0.77421875 0.046875 0.0375 0.04140625
2 0.75078125 0.09375 0.0296875 0.04765625
2 0.8453125 0.0421875 0.1015625 0.08359375
0 0.86875 0.19140625 0.05703125 0.0515625
0 0.01953125 0.3625 0.03828125 0.059375
0 0.8875 0.134375 0.07890625 0.04609375
4 0.45390625 0.56875 0.04765625 0.071875
3 0.01953125 0.253125 0.03828125 0.0609375
3 0.909375 0.85078125 0.06875 0.071875
2 0.10390625 0.5015625 0.0796875 0.06328125
2 0.70703125 0.9796875 0.084375 0.03984375