2 0.49921875 0.1625 0.04296875 0.05390625
2 0.2453125 0.2140625 0.04609375 0.0734375
2 0.3875 0.27109375 0.05546875 0.0796875
2 0.475 0.7375 0.05234375 0.0640625
2 0.271875 0.8265625 0.04921875 0.05625
2 0.42734375 0.53203125 0.0375 0.06796875
2 0.5546875 0.26796875 0.05546875 0.06171875
2 0.60703125 0.315625 0.05234375 0.0578125
2 0.77890625 0.628125 0.028125 0.06953125
2 0.72890625 0.40546875 0.0421875 0.05390625
2 0.93984375 0.84765625 0.04296875 0.065625
2 0.10234375 0.61328125 0.059375 0.071875
2 0.35625 0.46328125 0.04765625 0.0578125
2 0.66171875 0.2359375 0.04609375 0.065625
2 0.5953125 0.596875 0.05078125 0.065625
2 0.49375 0.61328125 0.0390625 0.071875
2 0.15546875 0.38671875 0.0609375 0.0875
2 0.89296875 0.17109375 0.05703125 0.0953125
2 0.62578125 0.70703125 0.05390625 0.0796875
2 0.24296875 0.609375 0.04453125 0.059375
2 0.271875 0.575 0.04296875 0.06953125
2 0.22109375 0.5578125 0.05234375 0.04375
2 0.15703125 0.71484375 0.05859375 0.08359375
2 0.04921875 0.725 0.0640625 0.0515625
2 0.10234375 0.728125 0.0390625 0.06171875
2 0.36953125 0.70625 0.04609375 0.0578125
2 0.27578125 0.3140625 0.04453125 0.0859375
2 0.40546875 0.08203125 0.04296875 0.0953125
2 0.27109375 0.08046875 0.065625 0.0859375
2 0.73359375 0.0296875 0.0375 0.0359375
2 0.35703125 0.04765625 0.04609375 0.0796875
2 0.16875 0.075 0.04921875 0.06171875
2 0.0953125 0.1296875 0.0390625 0.05625
2 0.2890625 0.4140625 0.05703125 0.08359375
2 0.2671875 0.734375 0.05390625 0.05390625
2 0.44375 0.84375 0.0609375 0.07734375
0 0.85234375 0.4578125 0.04453125 0.06796875
0 0.34609375 0.528125 0.0421875 0.08359375
2 0.69609375 0.8640625 0.05078125 0.1078125
0 0.5859375 0.39453125 0.0640625 0.059375
3 0.21484375 0.3765625 0.04453125 0.0796875
0 0.96015625 0.525 0.0390625 0.0734375
0 0.525 0.72265625 0.040625 0.0875
0 0.4265625 0.48203125 0.065625 0.04765625
2 0.18984375 0.5140625 0.04921875 0.0640625
2 0.0328125 0.2 0.04296875 0.065625
2 0.9765625 0.79296875 0.0359375 0.08359375
2 0.24609375 0.6796875 0.0421875 0.0640625
2 0.2015625 0.665625 0.034375 0.0875
2 0.04921875 0.5953125 0.0359375 0.06796875
2 0.01953125 0.8125 0.03828125 0.04765625
2 0.1640625 0.83984375 0.0359375 0.08984375
2 0.11875 0.7921875 0.0359375 0.05
2 0.084375 0.8140625 0.0359375 0.04140625
2 0.690625 0.478125 0.0609375 0.0515625
2 0.76796875 0.5484375 0.05546875 0.05
2 0.68125 0.57265625 0.0640625 0.0296875
1 0.33125 0.61953125 0.04765625 0.06796875
1 0.740625 0.97421875 0.05703125 0.0515625
1 0.7984375 0.9796875 0.05546875 0.03984375
2 0.44609375 0.93046875 0.05390625 0.06796875
0 0.83828125 0.17734375 0.0375 0.0796875
0 0.31796875 0.05859375 0.0328125 0.1171875
0 0.5046875 0.85390625 0.059375 0.04140625
3 0.17890625 0.77109375 0.071875 0.04765625
0 0.93125 0.24296875 0.0375 0.08359375
2 0.07890625 0.6671875 0.071875 0.05625
2 0.271875 0.503125 0.0609375 0.0578125
2 0.20546875 0.44765625 0.059375 0.05
2 0.1265625 0.4578125 0.05078125 0.071875
2 0.01484375 0.42265625 0.0296875 0.071875
2 0.91640625 0.334375 0.05234375 0.059375
2 0.7328125 0.1546875 0.04453125 0.05390625
2 0.74296875 0.265625 0.03125 0.0578125
2 0.75234375 0.33984375 0.0390625 0.0578125
2 0.80546875 0.90546875 0.04296875 0.05390625
2 0.90078125 0.80859375 0.05078125 0.06796875
2 0.91484375 0.96875 0.0453125 0.0625
2 0.75859375 0.675 0.0421875 0.04765625
2 0.01015625 0.89609375 0.0203125 0.07578125
3 0.69140625 0.53046875 0.075 0.04609375
2 0.25859375 0.0171875 0.0703125 0.03359375