2 0.50078125 0.8375 0.04296875 0.05390625
2 0.7546875 0.7859375 0.04609375 0.0734375
2 0.6125 0.72890625 0.05546875 0.0796875
2 0.525 0.2625 0.05234375 0.0640625
2 0.728125 0.1734375 0.04921875 0.05625
2 0.57265625 0.46796875 0.0375 0.06796875
2 0.4453125 0.73203125 0.05546875 0.06171875
2 0.39296875 0.684375 0.05234375 0.0578125
2 0.22109375 0.371875 0.028125 0.06953125
2 0.27109375 0.59453125 0.0421875 0.05390625
2 0.06015625 0.15234375 0.04296875 0.065625
2 0.89765625 0.38671875 0.059375 0.071875
2 0.64375 0.53671875 0.04765625 0.0578125
2 0.33828125 0.7640625 0.04609375 0.065625
2 0.4046875 0.403125 0.05078125 0.065625
2 0.50625 0.38671875 0.0390625 0.071875
2 0.84453125 0.61328125 0.0609375 0.0875
2 0.10703125 0.82890625 0.05703125 0.0953125
2 0.37421875 0.29296875 0.05390625 0.0796875
2 0.75703125 0.390625 0.04453125 0.059375
2 0.728125 0.425 0.04296875 0.06953125
2 0.77890625 0.4421875 0.05234375 0.04375
2 0.84296875 0.28515625 0.05859375 0.08359375
2 0.95078125 0.275 0.0640625 0.0515625
2 0.89765625 0.271875 0.0390625 0.06171875
2 0.63046875 0.29375 0.04609375 0.0578125
2 0.72421875 0.6859375 0.04453125 0.0859375
2 0.59453125 0.91796875 0.04296875 0.0953125
2 0.72890625 0.91953125 0.065625 0.0859375
2 0.26640625 0.9703125 0.0375 0.0359375
2 0.64296875 0.95234375 0.04609375 0.0796875
2 0.83125 0.925 0.04921875 0.06171875
2 0.9046875 0.8703125 0.0390625 0.05625
2 0.7109375 0.5859375 0.05703125 0.08359375
2 0.7328125 0.265625 0.05390625 0.05390625
2 0.55625 0.15625 0.0609375 0.07734375
0 0.14765625 0.5421875 0.04453125 0.06796875
0 0.65390625 0.471875 0.0421875 0.08359375
2 0.30390625 0.1359375 0.05078125 0.1078125
0 0.4140625 0.60546875 0.0640625 0.059375
3 0.78515625 0.6234375 0.04453125 0.0796875
0 0.03984375 0.475 0.0390625 0.0734375
0 0.475 0.27734375 0.040625 0.0875
0 0.5734375 0.51796875 0.065625 0.04765625
2 0.81015625 0.4859375 0.04921875 0.0640625
2 0.9671875 0.8 0.04296875 0.065625
2 0.0234375 0.20703125 0.0359375 0.08359375
2 0.75390625 0.3203125 0.0421875 0.0640625
2 0.7984375 0.334375 0.034375 0.0875
2 0.95078125 0.4046875 0.0359375 0.06796875
2 0.98046875 0.1875 0.03828125 0.04765625
2 0.8359375 0.16015625 0.0359375 0.08984375
2 0.88125 0.2078125 0.0359375 0.05
2 0.915625 0.1859375 0.0359375 0.04140625
2 0.309375 0.521875 0.0609375 0.0515625
2 0.23203125 0.4515625 0.05546875 0.05
2 0.31875 0.42734375 0.0640625 0.0296875
1 0.66875 0.38046875 0.04765625 0.06796875
1 0.259375 0.02578125 0.05703125 0.0515625
1 0.2015625 0.0203125 0.05546875 0.03984375
2 0.55390625 0.06953125 0.05390625 0.06796875
0 0.16171875 0.82265625 0.0375 0.0796875
0 0.68203125 0.94140625 0.0328125 0.1171875
0 0.4953125 0.14609375 0.059375 0.04140625
3 0.82109375 0.22890625 0.071875 0.04765625
0 0.06875 0.75703125 0.0375 0.08359375
2 0.92109375 0.3328125 0.071875 0.05625
2 0.728125 0.496875 0.0609375 0.0578125
2 0.79453125 0.55234375 0.059375 0.05
2 0.8734375 0.5421875 0.05078125 0.071875
2 0.98515625 0.57734375 0.0296875 0.071875
2 0.08359375 0.665625 0.05234375 0.059375
2 0.2671875 0.8453125 0.04453125 0.05390625
2 0.25703125 0.734375 0.03125 0.0578125
2 0.24765625 0.66015625 0.0390625 0.0578125
2 0.19453125 0.09453125 0.04296875 0.05390625
2 0.09921875 0.19140625 0.05078125 0.06796875
2 0.08515625 0.03125 0.0453125 0.0625
2 0.24140625 0.325 0.0421875 0.04765625
2 0.98984375 0.10390625 0.0203125 0.07578125
3 0.30859375 0.46953125 0.075 0.04609375
2 0.74140625 0.9828125 0.0703125 0.03359375