1 0.690625 0.7359375 0.0609375 0.07734375
1 0.55234375 0.31875 0.05390625 0.04765625
1 0.865625 0.225 0.0359375 0.07578125
1 0.328125 0.734375 0.0421875 0.0734375
1 0.74140625 0.5109375 0.04296875 0.06171875
1 0.65 0.45703125 0.04921875 0.06171875
1 0.11015625 0.27265625 0.04453125 0.059375
1 0.021875 0.3875 0.04375 0.065625
1 0.27421875 0.6875 0.05078125 0.09140625
1 0.12734375 0.70546875 0.04296875 0.071875
1 0.909375 0.278125 0.04453125 0.05
2 0.86484375 0.14453125 0.071875 0.0578125
2 0.18984375 0.70546875 0.0671875 0.05625
2 0.73359375 0.825 0.04921875 0.04375
2 0.071875 0.22578125 0.0375 0.065625
2 0.34296875 0.13125 0.04765625 0.0875
2 0.38828125 0.14375 0.04765625 0.0796875
2 0.278125 0.08828125 0.0671875 0.0578125
2 0.6828125 0.090625 0.0671875 0.0578125
2 0.60390625 0.06015625 0.0640625 0.05625
2 0.55703125 0.02109375 0.0625 0.04140625
2 0.50234375 0.06015625 0.04296875 0.0640625
2 0.4546875 0.046875 0.04609375 0.06171875
2 0.6625 0.25 0.04765625 0.0578125
2 0.5296875 0.71328125 0.04453125 0.04765625
2 0.54296875 0.9375 0.05234375 0.06953125
2 0.79375 0.28046875 0.05234375 0.06796875
2 0.86484375 0.38515625 0.05390625 0.07734375
2 0.9109375 0.5578125 0.05078125 0.0875
2 0.94765625 0.08671875 0.040625 0.06171875
2 0.36015625 0.4234375 0.04296875 0.06953125
2 0.26796875 0.46328125 0.04296875 0.065625
2 0.30390625 0.384375 0.0421875 0.0640625
2 0.12578125 0.3515625 0.05234375 0.06953125
2 0.4640625 0.38046875 0.059375 0.059375
2 0.6828125 0.49765625 0.0375 0.05625
2 0.12890625 0.6 0.0765625 0.05625
2 0.19453125 0.640625 0.0703125 0.06171875
2 0.0796875 0.62421875 0.0671875 0.0578125
2 0.053125 0.67109375 0.05078125 0.0796875
2 0.334375 0.94140625 0.04453125 0.06171875
2 0.35859375 0.22265625 0.04609375 0.06796875
2 0.3625 0.30703125 0.05703125 0.04765625
2 0.784375 0.6984375 0.05546875 0.03828125
2 0.89375 0.78671875 0.0640625 0.03984375
2 0.94609375 0.96953125 0.05546875 0.05
2 0.3921875 0.96953125 0.075 0.05390625
2 0.16953125 0.8375 0.0625 0.04609375
2 0.12265625 0.97578125 0.0734375 0.04765625
2 0.53359375 0.4796875 0.04609375 0.03984375
2 0.5375 0.434375 0.05703125 0.03984375
2 0.54296875 0.38046875 0.071875 0.04765625
2 0.4453125 0.6859375 0.04921875 0.0578125
2 0.39375 0.7171875 0.0625 0.04375
2 0.85703125 0.06796875 0.06875 0.03984375
2 0.81796875 0.01796875 0.078125 0.028125
2 0.153125 0.490625 0.05390625 0.04609375
2 0.04765625 0.5421875 0.059375 0.06796875
2 0.35234375 0.7984375 0.0390625 0.05625
2 0.43125 0.775 0.04765625 0.059375
2 0.47578125 0.759375 0.04453125 0.059375
2 0.88828125 0.865625 0.05078125 0.06953125
2 0.79921875 0.903125 0.0625 0.04609375
2 0.31875 0.65703125 0.04921875 0.03984375
2 0.5375 0.56015625 0.0390625 0.071875
2 0.65703125 0.58203125 0.0328125 0.071875
2 0.696875 0.56015625 0.05390625 0.04375
2 0.6453125 0.53203125 0.034375 0.03203125
2 0.59609375 0.60390625 0.03125 0.0515625
2 0.57265625 0.55 0.0375 0.03203125
2 0.58359375 0.7171875 0.0421875 0.05625
2 0.59453125 0.7984375 0.04921875 0.0640625
2 0.634375 0.29375 0.04765625 0.065625
2 0.56484375 0.26015625 0.04296875 0.0578125
2 0.96015625 0.496875 0.04765625 0.05390625
2 0.984375 0.56484375 0.03125 0.07734375
2 0.446875 0.89765625 0.0703125 0.04140625
2 0.503125 0.91640625 0.0328125 0.059375
2 0.3734375 0.92109375 0.034375 0.065625
2 0.278125 0.92109375 0.040625 0.04609375
2 0.35234375 0.06484375 0.04765625 0.0296875
2 0.19921875 0.0203125 0.0375 0.03984375
2 0.590625 0.9140625 0.03125 0.059375
2 0.846875 0.9875 0.053125 0.025
2 0.63125 0.97265625 0.05078125 0.05390625
2 0.503125 0.9796875 0.0625 0.03984375
2 0.22109375 0.97578125 0.04609375 0.04765625
2 0.01171875 0.915625 0.0234375 0.0578125
2 0.0359375 0.87578125 0.04921875 0.0734375
1 0.01015625 0.6765625 0.0203125 0.11796875
3 0.16953125 0.11015625 0.0984375 0.07734375
3 0.87890625 0.94296875 0.0734375 0.05
3 0.63203125 0.69140625 0.02578125 0.08359375
3 0.37578125 0.27109375 0.071875 0.028125
3 0.21015625 0.85390625 0.05390625 0.05
4 0.1125 0.8703125 0.0375 0.071875
0 0.52109375 0.19921875 0.08046875 0.03984375
0 0.47109375 0.55703125 0.0703125 0.05
0 0.809375 0.94453125 0.059375 0.03203125
0 0.9734375 0.334375 0.0296875 0.06796875
0 0.71796875 0.64453125 0.05078125 0.04609375
3 0.9828125 0.140625 0.0328125 0.06171875
2 0.85 0.6671875 0.04921875 0.03984375
2 0.84453125 0.74609375 0.034375 0.05390625
2 0.86171875 0.73125 0.04765625 0.0515625
2 0.98359375 0.47734375 0.0328125 0.06953125
3 0.39140625 0.03203125 0.04921875 0.028125
3 0.33359375 0.021875 0.05546875 0.03203125
2 0.9140625 0.36015625 0.05703125 0.0359375