1 0.309375 0.7359375 0.0609375 0.07734375
1 0.44765625 0.31875 0.05390625 0.04765625
1 0.134375 0.225 0.0359375 0.07578125
1 0.671875 0.734375 0.0421875 0.0734375
1 0.25859375 0.5109375 0.04296875 0.06171875
1 0.35 0.45703125 0.04921875 0.06171875
1 0.88984375 0.27265625 0.04453125 0.059375
1 0.978125 0.3875 0.04375 0.065625
1 0.72578125 0.6875 0.05078125 0.09140625
1 0.87265625 0.70546875 0.04296875 0.071875
1 0.090625 0.278125 0.04453125 0.05
2 0.13515625 0.14453125 0.071875 0.0578125
2 0.81015625 0.70546875 0.0671875 0.05625
2 0.26640625 0.825 0.04921875 0.04375
2 0.928125 0.22578125 0.0375 0.065625
2 0.65703125 0.13125 0.04765625 0.0875
2 0.61171875 0.14375 0.04765625 0.0796875
2 0.721875 0.08828125 0.0671875 0.0578125
2 0.3171875 0.090625 0.0671875 0.0578125
2 0.39609375 0.06015625 0.0640625 0.05625
2 0.44296875 0.02109375 0.0625 0.04140625
2 0.49765625 0.06015625 0.04296875 0.0640625
2 0.5453125 0.046875 0.04609375 0.06171875
2 0.3375 0.25 0.04765625 0.0578125
2 0.4703125 0.71328125 0.04453125 0.04765625
2 0.45703125 0.9375 0.05234375 0.06953125
2 0.20625 0.28046875 0.05234375 0.06796875
2 0.13515625 0.38515625 0.05390625 0.07734375
2 0.0890625 0.5578125 0.05078125 0.0875
2 0.05234375 0.08671875 0.040625 0.06171875
2 0.63984375 0.4234375 0.04296875 0.06953125
2 0.73203125 0.46328125 0.04296875 0.065625
2 0.69609375 0.384375 0.0421875 0.0640625
2 0.87421875 0.3515625 0.05234375 0.06953125
2 0.5359375 0.38046875 0.059375 0.059375
2 0.3171875 0.49765625 0.0375 0.05625
2 0.87109375 0.6 0.0765625 0.05625
2 0.80546875 0.640625 0.0703125 0.06171875
2 0.9203125 0.62421875 0.0671875 0.0578125
2 0.946875 0.67109375 0.05078125 0.0796875
2 0.665625 0.94140625 0.04453125 0.06171875
2 0.64140625 0.22265625 0.04609375 0.06796875
2 0.6375 0.30703125 0.05703125 0.04765625
2 0.215625 0.6984375 0.05546875 0.03828125
2 0.10625 0.78671875 0.0640625 0.03984375
2 0.05390625 0.96953125 0.05546875 0.05
2 0.6078125 0.96953125 0.075 0.05390625
2 0.83046875 0.8375 0.0625 0.04609375
2 0.87734375 0.97578125 0.0734375 0.04765625
2 0.46640625 0.4796875 0.04609375 0.03984375
2 0.4625 0.434375 0.05703125 0.03984375
2 0.45703125 0.38046875 0.071875 0.04765625
2 0.5546875 0.6859375 0.04921875 0.0578125
2 0.60625 0.7171875 0.0625 0.04375
2 0.14296875 0.06796875 0.06875 0.03984375
2 0.18203125 0.01796875 0.078125 0.028125
2 0.846875 0.490625 0.05390625 0.04609375
2 0.95234375 0.5421875 0.059375 0.06796875
2 0.64765625 0.7984375 0.0390625 0.05625
2 0.56875 0.775 0.04765625 0.059375
2 0.52421875 0.759375 0.04453125 0.059375
2 0.11171875 0.865625 0.05078125 0.06953125
2 0.20078125 0.903125 0.0625 0.04609375
2 0.68125 0.65703125 0.04921875 0.03984375
2 0.4625 0.56015625 0.0390625 0.071875
2 0.34296875 0.58203125 0.0328125 0.071875
2 0.303125 0.56015625 0.05390625 0.04375
2 0.3546875 0.53203125 0.034375 0.03203125
2 0.40390625 0.60390625 0.03125 0.0515625
2 0.42734375 0.55 0.0375 0.03203125
2 0.41640625 0.7171875 0.0421875 0.05625
2 0.40546875 0.7984375 0.04921875 0.0640625
2 0.365625 0.29375 0.04765625 0.065625
2 0.43515625 0.26015625 0.04296875 0.0578125
2 0.03984375 0.496875 0.04765625 0.05390625
2 0.015625 0.56484375 0.03125 0.07734375
2 0.553125 0.89765625 0.0703125 0.04140625
2 0.496875 0.91640625 0.0328125 0.059375
2 0.6265625 0.92109375 0.034375 0.065625
2 0.721875 0.92109375 0.040625 0.04609375
2 0.64765625 0.06484375 0.04765625 0.0296875
2 0.80078125 0.0203125 0.0375 0.03984375
2 0.409375 0.9140625 0.03125 0.059375
2 0.153125 0.9875 0.053125 0.025
2 0.36875 0.97265625 0.05078125 0.05390625
2 0.496875 0.9796875 0.0625 0.03984375
2 0.77890625 0.97578125 0.04609375 0.04765625
2 0.98828125 0.915625 0.0234375 0.0578125
2 0.9640625 0.87578125 0.04921875 0.0734375
1 0.98984375 0.6765625 0.0203125 0.11796875
3 0.83046875 0.11015625 0.0984375 0.07734375
3 0.12109375 0.94296875 0.0734375 0.05
3 0.36796875 0.69140625 0.02578125 0.08359375
3 0.62421875 0.27109375 0.071875 0.028125
3 0.78984375 0.85390625 0.05390625 0.05
4 0.8875 0.8703125 0.0375 0.071875
0 0.47890625 0.19921875 0.08046875 0.03984375
0 0.52890625 0.55703125 0.0703125 0.05
0 0.190625 0.94453125 0.059375 0.03203125
0 0.0265625 0.334375 0.0296875 0.06796875
0 0.28203125 0.64453125 0.05078125 0.04609375
3 0.0171875 0.140625 0.0328125 0.06171875
2 0.15 0.6671875 0.04921875 0.03984375
2 0.15546875 0.74609375 0.034375 0.05390625
2 0.13828125 0.73125 0.04765625 0.0515625
2 0.01640625 0.47734375 0.0328125 0.06953125
3 0.60859375 0.03203125 0.04921875 0.028125
3 0.66640625 0.021875 0.05546875 0.03203125
2 0.0859375 0.36015625 0.05703125 0.0359375