1 0.690625 0.2640625 0.0609375 0.07734375
1 0.55234375 0.68125 0.05390625 0.04765625
1 0.865625 0.775 0.0359375 0.07578125
1 0.328125 0.265625 0.0421875 0.0734375
1 0.74140625 0.4890625 0.04296875 0.06171875
1 0.65 0.54296875 0.04921875 0.06171875
1 0.11015625 0.72734375 0.04453125 0.059375
1 0.021875 0.6125 0.04375 0.065625
1 0.27421875 0.3125 0.05078125 0.09140625
1 0.12734375 0.29453125 0.04296875 0.071875
1 0.909375 0.721875 0.04453125 0.05
2 0.86484375 0.85546875 0.071875 0.0578125
2 0.18984375 0.29453125 0.0671875 0.05625
2 0.73359375 0.175 0.04921875 0.04375
2 0.071875 0.77421875 0.0375 0.065625
2 0.34296875 0.86875 0.04765625 0.0875
2 0.38828125 0.85625 0.04765625 0.0796875
2 0.278125 0.91171875 0.0671875 0.0578125
2 0.6828125 0.909375 0.0671875 0.0578125
2 0.60390625 0.93984375 0.0640625 0.05625
2 0.55703125 0.97890625 0.0625 0.04140625
2 0.50234375 0.93984375 0.04296875 0.0640625
2 0.4546875 0.953125 0.04609375 0.06171875
2 0.6625 0.75 0.04765625 0.0578125
2 0.5296875 0.28671875 0.04453125 0.04765625
2 0.54296875 0.0625 0.05234375 0.06953125
2 0.79375 0.71953125 0.05234375 0.06796875
2 0.86484375 0.61484375 0.05390625 0.07734375
2 0.9109375 0.4421875 0.05078125 0.0875
2 0.94765625 0.91328125 0.040625 0.06171875
2 0.36015625 0.5765625 0.04296875 0.06953125
2 0.26796875 0.53671875 0.04296875 0.065625
2 0.30390625 0.615625 0.0421875 0.0640625
2 0.12578125 0.6484375 0.05234375 0.06953125
2 0.4640625 0.61953125 0.059375 0.059375
2 0.6828125 0.50234375 0.0375 0.05625
2 0.12890625 0.4 0.0765625 0.05625
2 0.19453125 0.359375 0.0703125 0.06171875
2 0.0796875 0.37578125 0.0671875 0.0578125
2 0.053125 0.32890625 0.05078125 0.0796875
2 0.334375 0.05859375 0.04453125 0.06171875
2 0.35859375 0.77734375 0.04609375 0.06796875
2 0.3625 0.69296875 0.05703125 0.04765625
2 0.784375 0.3015625 0.05546875 0.03828125
2 0.89375 0.21328125 0.0640625 0.03984375
2 0.94609375 0.03046875 0.05546875 0.05
2 0.3921875 0.03046875 0.075 0.05390625
2 0.16953125 0.1625 0.0625 0.04609375
2 0.12265625 0.02421875 0.0734375 0.04765625
2 0.53359375 0.5203125 0.04609375 0.03984375
2 0.5375 0.565625 0.05703125 0.03984375
2 0.54296875 0.61953125 0.071875 0.04765625
2 0.4453125 0.3140625 0.04921875 0.0578125
2 0.39375 0.2828125 0.0625 0.04375
2 0.85703125 0.93203125 0.06875 0.03984375
2 0.81796875 0.98203125 0.078125 0.028125
2 0.153125 0.509375 0.05390625 0.04609375
2 0.04765625 0.4578125 0.059375 0.06796875
2 0.35234375 0.2015625 0.0390625 0.05625
2 0.43125 0.225 0.04765625 0.059375
2 0.47578125 0.240625 0.04453125 0.059375
2 0.88828125 0.134375 0.05078125 0.06953125
2 0.79921875 0.096875 0.0625 0.04609375
2 0.31875 0.34296875 0.04921875 0.03984375
2 0.5375 0.43984375 0.0390625 0.071875
2 0.65703125 0.41796875 0.0328125 0.071875
2 0.696875 0.43984375 0.05390625 0.04375
2 0.6453125 0.46796875 0.034375 0.03203125
2 0.59609375 0.39609375 0.03125 0.0515625
2 0.57265625 0.45 0.0375 0.03203125
2 0.58359375 0.2828125 0.0421875 0.05625
2 0.59453125 0.2015625 0.04921875 0.0640625
2 0.634375 0.70625 0.04765625 0.065625
2 0.56484375 0.73984375 0.04296875 0.0578125
2 0.96015625 0.503125 0.04765625 0.05390625
2 0.984375 0.43515625 0.03125 0.07734375
2 0.446875 0.10234375 0.0703125 0.04140625
2 0.503125 0.08359375 0.0328125 0.059375
2 0.3734375 0.07890625 0.034375 0.065625
2 0.278125 0.07890625 0.040625 0.04609375
2 0.35234375 0.93515625 0.04765625 0.0296875
2 0.19921875 0.9796875 0.0375 0.03984375
2 0.590625 0.0859375 0.03125 0.059375
2 0.846875 0.0125 0.053125 0.025
2 0.63125 0.02734375 0.05078125 0.05390625
2 0.503125 0.0203125 0.0625 0.03984375
2 0.22109375 0.02421875 0.04609375 0.04765625
2 0.01171875 0.084375 0.0234375 0.0578125
2 0.0359375 0.12421875 0.04921875 0.0734375
1 0.01015625 0.3234375 0.0203125 0.11796875
3 0.16953125 0.88984375 0.0984375 0.07734375
3 0.87890625 0.05703125 0.0734375 0.05
3 0.63203125 0.30859375 0.02578125 0.08359375
3 0.37578125 0.72890625 0.071875 0.028125
3 0.21015625 0.14609375 0.05390625 0.05
4 0.1125 0.1296875 0.0375 0.071875
0 0.52109375 0.80078125 0.08046875 0.03984375
0 0.47109375 0.44296875 0.0703125 0.05
0 0.809375 0.05546875 0.059375 0.03203125
0 0.9734375 0.665625 0.0296875 0.06796875
0 0.71796875 0.35546875 0.05078125 0.04609375
3 0.9828125 0.859375 0.0328125 0.06171875
2 0.85 0.3328125 0.04921875 0.03984375
2 0.84453125 0.25390625 0.034375 0.05390625
2 0.86171875 0.26875 0.04765625 0.0515625
2 0.98359375 0.52265625 0.0328125 0.06953125
3 0.39140625 0.96796875 0.04921875 0.028125
3 0.33359375 0.978125 0.05546875 0.03203125
2 0.9140625 0.63984375 0.05703125 0.0359375