1 0.353125 0.09453125 0.0671875 0.06171875
1 0.3390625 0.165625 0.0421875 0.05625
1 0.52734375 0.246875 0.040625 0.0515625
1 0.92890625 0.64765625 0.04453125 0.05625
1 0.48515625 0.78046875 0.05078125 0.059375
1 0.81953125 0.071875 0.05390625 0.059375
2 0.64765625 0.66796875 0.05078125 0.05
2 0.465625 0.96328125 0.05703125 0.05390625
2 0.66484375 0.97109375 0.0640625 0.0578125
2 0.16953125 0.54296875 0.04765625 0.06171875
2 0.35078125 0.53359375 0.05390625 0.04375
2 0.17421875 0.3046875 0.05078125 0.0515625
2 0.19765625 0.18359375 0.0671875 0.0796875
2 0.8296875 0.78515625 0.040625 0.059375
2 0.9375 0.8515625 0.04765625 0.08984375
2 0.77109375 0.62265625 0.0703125 0.065625
2 0.878125 0.5546875 0.04765625 0.05390625
2 0.97265625 0.34375 0.0546875 0.06953125
2 0.9890625 0.2578125 0.021875 0.05390625
2 0.68203125 0.1875 0.05078125 0.06796875
2 0.74140625 0.26015625 0.0703125 0.04140625
2 0.4875 0.10390625 0.0734375 0.0515625
2 0.58515625 0.0375 0.071875 0.05625
2 0.1046875 0.90625 0.0609375 0.04765625
2 0.08671875 0.8453125 0.0609375 0.05
2 0.56640625 0.3984375 0.0734375 0.0640625
2 0.74296875 0.14609375 0.0375 0.06171875
2 0.7109375 0.1078125 0.06875 0.04765625
2 0.75625 0.20390625 0.0640625 0.065625
0 0.340625 0.35078125 0.04921875 0.0796875
0 0.44140625 0.37578125 0.05703125 0.0734375
0 0.53125 0.69765625 0.0359375 0.0796875
2 0.1796875 0.971875 0.0609375 0.05625
2 0.69921875 0.91015625 0.04609375 0.0515625
2 0.18671875 0.76171875 0.05859375 0.0734375
2 0.21015625 0.8953125 0.0296875 0.06171875
2 0.24765625 0.9390625 0.059375 0.04140625
2 0.2109375 0.82734375 0.05859375 0.05
2 0.15625 0.834375 0.059375 0.04765625
2 0.14140625 0.67109375 0.05703125 0.05625
2 0.08203125 0.66015625 0.05390625 0.05390625
2 0.06875 0.5171875 0.04609375 0.065625
2 0.03671875 0.565625 0.05078125 0.05625
2 0.01640625 0.6125 0.03125 0.0578125
2 0.24140625 0.4703125 0.06875 0.08359375
2 0.2546875 0.32890625 0.04765625 0.06796875
2 0.52109375 0.5375 0.04453125 0.0640625
2 0.51875 0.640625 0.04609375 0.0578125
2 0.60625 0.15 0.04765625 0.06953125
2 0.575 0.09453125 0.08984375 0.05390625
2 0.23203125 0.07734375 0.05859375 0.0515625
2 0.65625 0.046875 0.05234375 0.0578125
2 0.93046875 0.53046875 0.059375 0.05390625
2 0.9 0.890625 0.05546875 0.0640625
2 0.81875 0.92265625 0.05546875 0.07578125
2 0.0171875 0.8484375 0.034375 0.05625
2 0.9671875 0.11171875 0.04296875 0.0640625
2 0.85859375 0.3453125 0.05390625 0.06171875
2 0.98203125 0.77265625 0.03515625 0.07578125
2 0.98203125 0.64140625 0.03515625 0.09140625
2 0.64453125 0.4640625 0.0640625 0.09140625
2 0.7578125 0.42734375 0.0609375 0.0578125
2 0.47578125 0.03203125 0.0625 0.0640625
2 0.025 0.021875 0.05 0.04375
2 0.89609375 0.0203125 0.05703125 0.03984375
2 0.703125 0.0171875 0.04765625 0.03359375
2 0.41640625 0.30234375 0.05078125 0.071875
2 0.87265625 0.9921875 0.0375 0.015625
2 0.796875 0.96640625 0.04609375 0.05625
2 0.36953125 0.984375 0.0546875 0.03125
2 0.25390625 0.9890625 0.04453125 0.021875
2 0.02421875 0.1078125 0.040625 0.0640625
2 0.0734375 0.19140625 0.040625 0.0515625
2 0.28046875 0.11953125 0.04765625 0.07578125
2 0.35859375 0.43515625 0.05859375 0.04140625
2 0.30546875 0.46328125 0.04453125 0.06171875
2 0.6125 0.6046875 0.04921875 0.06171875
2 0.390625 0.778125 0.04765625 0.065625
2 0.7515625 0.32265625 0.0703125 0.08359375
0 0.53828125 0.1453125 0.08203125 0.0515625
0 0.57734375 0.69765625 0.059375 0.0640625
0 0.58125 0.63984375 0.04921875 0.0796875
0 0.7265625 0.55546875 0.0671875 0.059375
0 0.6625 0.371875 0.0984375 0.05390625
0 0.31015625 0.02265625 0.08984375 0.04140625
0 0.72421875 0.48984375 0.04765625 0.0796875
0 0.3078125 0.3828125 0.0734375 0.0953125
3 0.16796875 0.0296875 0.0953125 0.05625
3 0.21640625 0.2609375 0.065625 0.05625