1 0.646875 0.09453125 0.0671875 0.06171875
1 0.6609375 0.165625 0.0421875 0.05625
1 0.47265625 0.246875 0.040625 0.0515625
1 0.07109375 0.64765625 0.04453125 0.05625
1 0.51484375 0.78046875 0.05078125 0.059375
1 0.18046875 0.071875 0.05390625 0.059375
2 0.35234375 0.66796875 0.05078125 0.05
2 0.534375 0.96328125 0.05703125 0.05390625
2 0.33515625 0.97109375 0.0640625 0.0578125
2 0.83046875 0.54296875 0.04765625 0.06171875
2 0.64921875 0.53359375 0.05390625 0.04375
2 0.82578125 0.3046875 0.05078125 0.0515625
2 0.80234375 0.18359375 0.0671875 0.0796875
2 0.1703125 0.78515625 0.040625 0.059375
2 0.0625 0.8515625 0.04765625 0.08984375
2 0.22890625 0.62265625 0.0703125 0.065625
2 0.121875 0.5546875 0.04765625 0.05390625
2 0.02734375 0.34375 0.0546875 0.06953125
2 0.0109375 0.2578125 0.021875 0.05390625
2 0.31796875 0.1875 0.05078125 0.06796875
2 0.25859375 0.26015625 0.0703125 0.04140625
2 0.5125 0.10390625 0.0734375 0.0515625
2 0.41484375 0.0375 0.071875 0.05625
2 0.8953125 0.90625 0.0609375 0.04765625
2 0.91328125 0.8453125 0.0609375 0.05
2 0.43359375 0.3984375 0.0734375 0.0640625
2 0.25703125 0.14609375 0.0375 0.06171875
2 0.2890625 0.1078125 0.06875 0.04765625
2 0.24375 0.20390625 0.0640625 0.065625
0 0.659375 0.35078125 0.04921875 0.0796875
0 0.55859375 0.37578125 0.05703125 0.0734375
0 0.46875 0.69765625 0.0359375 0.0796875
2 0.8203125 0.971875 0.0609375 0.05625
2 0.30078125 0.91015625 0.04609375 0.0515625
2 0.81328125 0.76171875 0.05859375 0.0734375
2 0.78984375 0.8953125 0.0296875 0.06171875
2 0.75234375 0.9390625 0.059375 0.04140625
2 0.7890625 0.82734375 0.05859375 0.05
2 0.84375 0.834375 0.059375 0.04765625
2 0.85859375 0.67109375 0.05703125 0.05625
2 0.91796875 0.66015625 0.05390625 0.05390625
2 0.93125 0.5171875 0.04609375 0.065625
2 0.96328125 0.565625 0.05078125 0.05625
2 0.98359375 0.6125 0.03125 0.0578125
2 0.75859375 0.4703125 0.06875 0.08359375
2 0.7453125 0.32890625 0.04765625 0.06796875
2 0.47890625 0.5375 0.04453125 0.0640625
2 0.48125 0.640625 0.04609375 0.0578125
2 0.39375 0.15 0.04765625 0.06953125
2 0.425 0.09453125 0.08984375 0.05390625
2 0.76796875 0.07734375 0.05859375 0.0515625
2 0.34375 0.046875 0.05234375 0.0578125
2 0.06953125 0.53046875 0.059375 0.05390625
2 0.1 0.890625 0.05546875 0.0640625
2 0.18125 0.92265625 0.05546875 0.07578125
2 0.9828125 0.8484375 0.034375 0.05625
2 0.0328125 0.11171875 0.04296875 0.0640625
2 0.14140625 0.3453125 0.05390625 0.06171875
2 0.01796875 0.77265625 0.03515625 0.07578125
2 0.01796875 0.64140625 0.03515625 0.09140625
2 0.35546875 0.4640625 0.0640625 0.09140625
2 0.2421875 0.42734375 0.0609375 0.0578125
2 0.52421875 0.03203125 0.0625 0.0640625
2 0.975 0.021875 0.05 0.04375
2 0.10390625 0.0203125 0.05703125 0.03984375
2 0.296875 0.0171875 0.04765625 0.03359375
2 0.58359375 0.30234375 0.05078125 0.071875
2 0.12734375 0.9921875 0.0375 0.015625
2 0.203125 0.96640625 0.04609375 0.05625
2 0.63046875 0.984375 0.0546875 0.03125
2 0.74609375 0.9890625 0.04453125 0.021875
2 0.97578125 0.1078125 0.040625 0.0640625
2 0.9265625 0.19140625 0.040625 0.0515625
2 0.71953125 0.11953125 0.04765625 0.07578125
2 0.64140625 0.43515625 0.05859375 0.04140625
2 0.69453125 0.46328125 0.04453125 0.06171875
2 0.3875 0.6046875 0.04921875 0.06171875
2 0.609375 0.778125 0.04765625 0.065625
2 0.2484375 0.32265625 0.0703125 0.08359375
0 0.46171875 0.1453125 0.08203125 0.0515625
0 0.42265625 0.69765625 0.059375 0.0640625
0 0.41875 0.63984375 0.04921875 0.0796875
0 0.2734375 0.55546875 0.0671875 0.059375
0 0.3375 0.371875 0.0984375 0.05390625
0 0.68984375 0.02265625 0.08984375 0.04140625
0 0.27578125 0.48984375 0.04765625 0.0796875
0 0.6921875 0.3828125 0.0734375 0.0953125
3 0.83203125 0.0296875 0.0953125 0.05625
3 0.78359375 0.2609375 0.065625 0.05625