1 0.646875 0.90546875 0.0671875 0.06171875
1 0.6609375 0.834375 0.0421875 0.05625
1 0.47265625 0.753125 0.040625 0.0515625
1 0.07109375 0.35234375 0.04453125 0.05625
1 0.51484375 0.21953125 0.05078125 0.059375
1 0.18046875 0.928125 0.05390625 0.059375
2 0.35234375 0.33203125 0.05078125 0.05
2 0.534375 0.03671875 0.05703125 0.05390625
2 0.33515625 0.02890625 0.0640625 0.0578125
2 0.83046875 0.45703125 0.04765625 0.06171875
2 0.64921875 0.46640625 0.05390625 0.04375
2 0.82578125 0.6953125 0.05078125 0.0515625
2 0.80234375 0.81640625 0.0671875 0.0796875
2 0.1703125 0.21484375 0.040625 0.059375
2 0.0625 0.1484375 0.04765625 0.08984375
2 0.22890625 0.37734375 0.0703125 0.065625
2 0.121875 0.4453125 0.04765625 0.05390625
2 0.02734375 0.65625 0.0546875 0.06953125
2 0.0109375 0.7421875 0.021875 0.05390625
2 0.31796875 0.8125 0.05078125 0.06796875
2 0.25859375 0.73984375 0.0703125 0.04140625
2 0.5125 0.89609375 0.0734375 0.0515625
2 0.41484375 0.9625 0.071875 0.05625
2 0.8953125 0.09375 0.0609375 0.04765625
2 0.91328125 0.1546875 0.0609375 0.05
2 0.43359375 0.6015625 0.0734375 0.0640625
2 0.25703125 0.85390625 0.0375 0.06171875
2 0.2890625 0.8921875 0.06875 0.04765625
2 0.24375 0.79609375 0.0640625 0.065625
0 0.659375 0.64921875 0.04921875 0.0796875
0 0.55859375 0.62421875 0.05703125 0.0734375
0 0.46875 0.30234375 0.0359375 0.0796875
2 0.8203125 0.028125 0.0609375 0.05625
2 0.30078125 0.08984375 0.04609375 0.0515625
2 0.81328125 0.23828125 0.05859375 0.0734375
2 0.78984375 0.1046875 0.0296875 0.06171875
2 0.75234375 0.0609375 0.059375 0.04140625
2 0.7890625 0.17265625 0.05859375 0.05
2 0.84375 0.165625 0.059375 0.04765625
2 0.85859375 0.32890625 0.05703125 0.05625
2 0.91796875 0.33984375 0.05390625 0.05390625
2 0.93125 0.4828125 0.04609375 0.065625
2 0.96328125 0.434375 0.05078125 0.05625
2 0.98359375 0.3875 0.03125 0.0578125
2 0.75859375 0.5296875 0.06875 0.08359375
2 0.7453125 0.67109375 0.04765625 0.06796875
2 0.47890625 0.4625 0.04453125 0.0640625
2 0.48125 0.359375 0.04609375 0.0578125
2 0.39375 0.85 0.04765625 0.06953125
2 0.425 0.90546875 0.08984375 0.05390625
2 0.76796875 0.92265625 0.05859375 0.0515625
2 0.34375 0.953125 0.05234375 0.0578125
2 0.06953125 0.46953125 0.059375 0.05390625
2 0.1 0.109375 0.05546875 0.0640625
2 0.18125 0.07734375 0.05546875 0.07578125
2 0.9828125 0.1515625 0.034375 0.05625
2 0.0328125 0.88828125 0.04296875 0.0640625
2 0.14140625 0.6546875 0.05390625 0.06171875
2 0.01796875 0.22734375 0.03515625 0.07578125
2 0.01796875 0.35859375 0.03515625 0.09140625
2 0.35546875 0.5359375 0.0640625 0.09140625
2 0.2421875 0.57265625 0.0609375 0.0578125
2 0.52421875 0.96796875 0.0625 0.0640625
2 0.975 0.978125 0.05 0.04375
2 0.10390625 0.9796875 0.05703125 0.03984375
2 0.296875 0.9828125 0.04765625 0.03359375
2 0.58359375 0.69765625 0.05078125 0.071875
2 0.12734375 0.0078125 0.0375 0.015625
2 0.203125 0.03359375 0.04609375 0.05625
2 0.63046875 0.015625 0.0546875 0.03125
2 0.74609375 0.0109375 0.04453125 0.021875
2 0.97578125 0.8921875 0.040625 0.0640625
2 0.9265625 0.80859375 0.040625 0.0515625
2 0.71953125 0.88046875 0.04765625 0.07578125
2 0.64140625 0.56484375 0.05859375 0.04140625
2 0.69453125 0.53671875 0.04453125 0.06171875
2 0.3875 0.3953125 0.04921875 0.06171875
2 0.609375 0.221875 0.04765625 0.065625
2 0.2484375 0.67734375 0.0703125 0.08359375
0 0.46171875 0.8546875 0.08203125 0.0515625
0 0.42265625 0.30234375 0.059375 0.0640625
0 0.41875 0.36015625 0.04921875 0.0796875
0 0.2734375 0.44453125 0.0671875 0.059375
0 0.3375 0.628125 0.0984375 0.05390625
0 0.68984375 0.97734375 0.08984375 0.04140625
0 0.27578125 0.51015625 0.04765625 0.0796875
0 0.6921875 0.6171875 0.0734375 0.0953125
3 0.83203125 0.9703125 0.0953125 0.05625
3 0.78359375 0.7390625 0.065625 0.05625