3 0.50859375 0.9125 0.08828125 0.09140625
3 0.46796875 0.36328125 0.040625 0.08203125
3 0.196875 0.27890625 0.04765625 0.10390625
3 0.11484375 0.11953125 0.08671875 0.059375
3 0.84921875 0.34375 0.08359375 0.0578125
2 0.078125 0.90546875 0.0640625 0.07734375
2 0.15703125 0.546875 0.05859375 0.07734375
2 0.09140625 0.66796875 0.05859375 0.06171875
2 0.71796875 0.484375 0.05390625 0.0796875
2 0.45859375 0.76484375 0.05546875 0.0875
2 0.20390625 0.9671875 0.059375 0.065625
2 0.62890625 0.63046875 0.08203125 0.0578125
2 0.7578125 0.565625 0.0609375 0.07578125
2 0.0390625 0.50703125 0.0671875 0.06171875
2 0.040625 0.575 0.05546875 0.06171875
2 0.3171875 0.64765625 0.04921875 0.059375
2 0.2296875 0.521875 0.05390625 0.06796875
2 0.05625 0.39453125 0.05703125 0.07578125
2 0.2921875 0.4921875 0.05390625 0.0796875
2 0.4421875 0.59140625 0.0640625 0.05625
2 0.390625 0.5484375 0.04765625 0.07734375
2 0.28125 0.30859375 0.05859375 0.0796875
2 0.24453125 0.12578125 0.059375 0.06796875
2 0.11171875 0.25234375 0.05703125 0.065625
2 0.40703125 0.89765625 0.04765625 0.06953125
2 0.434375 0.94765625 0.04765625 0.07734375
2 0.3984375 0.96484375 0.05078125 0.06953125
2 0.325 0.93125 0.059375 0.0859375
2 0.2671875 0.94296875 0.05703125 0.07734375
2 0.2234375 0.92109375 0.04453125 0.065625
2 0.36953125 0.9 0.0375 0.0875
2 0.37265625 0.72109375 0.0625 0.09140625
2 0.09140625 0.73125 0.05859375 0.04375
2 0.10078125 0.56640625 0.071875 0.09765625
2 0.15546875 0.2875 0.040625 0.06953125
2 0.56796875 0.22109375 0.05859375 0.0953125
2 0.92890625 0.58671875 0.05078125 0.0734375
2 0.703125 0.86015625 0.05703125 0.07578125
2 0.72421875 0.77734375 0.05390625 0.0953125
2 0.5921875 0.33359375 0.04609375 0.08203125
2 0.58203125 0.41953125 0.05703125 0.05
2 0.4875 0.43828125 0.090625 0.1
2 0.28359375 0.61171875 0.05703125 0.06796875
2 0.32890625 0.56953125 0.0734375 0.071875
2 0.15390625 0.1640625 0.0609375 0.06953125
2 0.1859375 0.11484375 0.04765625 0.0859375
2 0.03671875 0.02890625 0.05078125 0.0578125
2 0.18359375 0.04375 0.06875 0.0640625
2 0.49609375 0.271875 0.0671875 0.06171875
2 0.4640625 0.24296875 0.059375 0.0640625
2 0.40703125 0.31484375 0.065625 0.07578125
2 0.71484375 0.1984375 0.0640625 0.07734375
2 0.67578125 0.2375 0.05234375 0.059375
2 0.68984375 0.34765625 0.05703125 0.06171875
2 0.97734375 0.275 0.0453125 0.09375
2 0.62109375 0.10078125 0.06875 0.0734375
2 0.57734375 0.05078125 0.06875 0.0734375
2 0.53828125 0.03828125 0.0578125 0.0765625
2 0.63671875 0.0328125 0.0671875 0.065625
2 0.95546875 0.1234375 0.05703125 0.07578125
2 0.78203125 0.3796875 0.05078125 0.0578125
2 0.74609375 0.278125 0.0671875 0.065625
2 0.83515625 0.2328125 0.0640625 0.059375
2 0.84609375 0.1625 0.04296875 0.07734375
2 0.39921875 0.77578125 0.04921875 0.07734375
2 0.465625 0.6375 0.075 0.0640625
2 0.2484375 0.4640625 0.0609375 0.0640625
2 0.33984375 0.409375 0.05859375 0.06171875
2 0.17890625 0.390625 0.04765625 0.059375
2 0.1953125 0.346875 0.065625 0.0515625
2 0.15078125 0.4859375 0.0421875 0.04765625
2 0.425 0.0703125 0.065625 0.065625
2 0.89453125 0.03828125 0.0453125 0.0765625
2 0.81953125 0.046875 0.059375 0.065625
2 0.790625 0.05390625 0.04921875 0.03984375
2 0.63125 0.96484375 0.04765625 0.06953125
2 0.02265625 0.30234375 0.0453125 0.0640625
2 0.62265625 0.39609375 0.0625 0.059375
2 0.621875 0.34453125 0.04609375 0.0953125
2 0.73671875 0.35546875 0.05234375 0.07734375
2 0.8140625 0.3234375 0.05703125 0.06953125
2 0.803125 0.9609375 0.065625 0.06171875
2 0.86953125 0.97734375 0.0265625 0.0453125
2 0.97421875 0.865625 0.0515625 0.0734375
2 0.7671875 0.721875 0.06875 0.05390625
2 0.76171875 0.6703125 0.05703125 0.06171875
2 0.87109375 0.63984375 0.0703125 0.06796875
2 0.83359375 0.59140625 0.05859375 0.06796875
2 0.80390625 0.66171875 0.0671875 0.07578125
2 0.6125 0.18515625 0.0671875 0.0640625
2 0.165625 0.7296875 0.0625 0.08203125
2 0.95625 0.675 0.0765625 0.03984375
0 0.3125 0.3765625 0.05234375 0.07578125
0 0.20859375 0.428125 0.0625 0.059375
0 0.09765625 0.40546875 0.05078125 0.11328125
0 0.14140625 0.41796875 0.04765625 0.1359375
0 0.33828125 0.815625 0.05546875 0.07734375
0 0.47265625 0.08203125 0.065625 0.09140625
0 0.7640625 0.16015625 0.06875 0.05390625
0 0.73828125 0.075 0.0640625 0.0578125
0 0.809375 0.46796875 0.071875 0.059375
0 0.8734375 0.39375 0.05703125 0.065625
1 0.9578125 0.728125 0.05859375 0.06171875
1 0.75625 0.8125 0.05859375 0.071875
1 0.734375 0.90234375 0.0328125 0.0640625
0 0.0578125 0.3234375 0.08359375 0.07734375
2 0.0515625 0.18828125 0.0359375 0.05
2 0.0828125 0.040625 0.04453125 0.06171875
0 0.0703125 0.15234375 0.0640625 0.065625