3 0.49140625 0.0875 0.08828125 0.09140625
3 0.53203125 0.63671875 0.040625 0.08203125
3 0.803125 0.72109375 0.04765625 0.10390625
3 0.88515625 0.88046875 0.08671875 0.059375
3 0.15078125 0.65625 0.08359375 0.0578125
2 0.921875 0.09453125 0.0640625 0.07734375
2 0.84296875 0.453125 0.05859375 0.07734375
2 0.90859375 0.33203125 0.05859375 0.06171875
2 0.28203125 0.515625 0.05390625 0.0796875
2 0.54140625 0.23515625 0.05546875 0.0875
2 0.79609375 0.0328125 0.059375 0.065625
2 0.37109375 0.36953125 0.08203125 0.0578125
2 0.2421875 0.434375 0.0609375 0.07578125
2 0.9609375 0.49296875 0.0671875 0.06171875
2 0.959375 0.425 0.05546875 0.06171875
2 0.6828125 0.35234375 0.04921875 0.059375
2 0.7703125 0.478125 0.05390625 0.06796875
2 0.94375 0.60546875 0.05703125 0.07578125
2 0.7078125 0.5078125 0.05390625 0.0796875
2 0.5578125 0.40859375 0.0640625 0.05625
2 0.609375 0.4515625 0.04765625 0.07734375
2 0.71875 0.69140625 0.05859375 0.0796875
2 0.75546875 0.87421875 0.059375 0.06796875
2 0.88828125 0.74765625 0.05703125 0.065625
2 0.59296875 0.10234375 0.04765625 0.06953125
2 0.565625 0.05234375 0.04765625 0.07734375
2 0.6015625 0.03515625 0.05078125 0.06953125
2 0.675 0.06875 0.059375 0.0859375
2 0.7328125 0.05703125 0.05703125 0.07734375
2 0.7765625 0.07890625 0.04453125 0.065625
2 0.63046875 0.1 0.0375 0.0875
2 0.62734375 0.27890625 0.0625 0.09140625
2 0.90859375 0.26875 0.05859375 0.04375
2 0.89921875 0.43359375 0.071875 0.09765625
2 0.84453125 0.7125 0.040625 0.06953125
2 0.43203125 0.77890625 0.05859375 0.0953125
2 0.07109375 0.41328125 0.05078125 0.0734375
2 0.296875 0.13984375 0.05703125 0.07578125
2 0.27578125 0.22265625 0.05390625 0.0953125
2 0.4078125 0.66640625 0.04609375 0.08203125
2 0.41796875 0.58046875 0.05703125 0.05
2 0.5125 0.56171875 0.090625 0.1
2 0.71640625 0.38828125 0.05703125 0.06796875
2 0.67109375 0.43046875 0.0734375 0.071875
2 0.84609375 0.8359375 0.0609375 0.06953125
2 0.8140625 0.88515625 0.04765625 0.0859375
2 0.96328125 0.97109375 0.05078125 0.0578125
2 0.81640625 0.95625 0.06875 0.0640625
2 0.50390625 0.728125 0.0671875 0.06171875
2 0.5359375 0.75703125 0.059375 0.0640625
2 0.59296875 0.68515625 0.065625 0.07578125
2 0.28515625 0.8015625 0.0640625 0.07734375
2 0.32421875 0.7625 0.05234375 0.059375
2 0.31015625 0.65234375 0.05703125 0.06171875
2 0.02265625 0.725 0.0453125 0.09375
2 0.37890625 0.89921875 0.06875 0.0734375
2 0.42265625 0.94921875 0.06875 0.0734375
2 0.46171875 0.96171875 0.0578125 0.0765625
2 0.36328125 0.9671875 0.0671875 0.065625
2 0.04453125 0.8765625 0.05703125 0.07578125
2 0.21796875 0.6203125 0.05078125 0.0578125
2 0.25390625 0.721875 0.0671875 0.065625
2 0.16484375 0.7671875 0.0640625 0.059375
2 0.15390625 0.8375 0.04296875 0.07734375
2 0.60078125 0.22421875 0.04921875 0.07734375
2 0.534375 0.3625 0.075 0.0640625
2 0.7515625 0.5359375 0.0609375 0.0640625
2 0.66015625 0.590625 0.05859375 0.06171875
2 0.82109375 0.609375 0.04765625 0.059375
2 0.8046875 0.653125 0.065625 0.0515625
2 0.84921875 0.5140625 0.0421875 0.04765625
2 0.575 0.9296875 0.065625 0.065625
2 0.10546875 0.96171875 0.0453125 0.0765625
2 0.18046875 0.953125 0.059375 0.065625
2 0.209375 0.94609375 0.04921875 0.03984375
2 0.36875 0.03515625 0.04765625 0.06953125
2 0.97734375 0.69765625 0.0453125 0.0640625
2 0.37734375 0.60390625 0.0625 0.059375
2 0.378125 0.65546875 0.04609375 0.0953125
2 0.26328125 0.64453125 0.05234375 0.07734375
2 0.1859375 0.6765625 0.05703125 0.06953125
2 0.196875 0.0390625 0.065625 0.06171875
2 0.13046875 0.02265625 0.0265625 0.0453125
2 0.02578125 0.134375 0.0515625 0.0734375
2 0.2328125 0.278125 0.06875 0.05390625
2 0.23828125 0.3296875 0.05703125 0.06171875
2 0.12890625 0.36015625 0.0703125 0.06796875
2 0.16640625 0.40859375 0.05859375 0.06796875
2 0.19609375 0.33828125 0.0671875 0.07578125
2 0.3875 0.81484375 0.0671875 0.0640625
2 0.834375 0.2703125 0.0625 0.08203125
2 0.04375 0.325 0.0765625 0.03984375
0 0.6875 0.6234375 0.05234375 0.07578125
0 0.79140625 0.571875 0.0625 0.059375
0 0.90234375 0.59453125 0.05078125 0.11328125
0 0.85859375 0.58203125 0.04765625 0.1359375
0 0.66171875 0.184375 0.05546875 0.07734375
0 0.52734375 0.91796875 0.065625 0.09140625
0 0.2359375 0.83984375 0.06875 0.05390625
0 0.26171875 0.925 0.0640625 0.0578125
0 0.190625 0.53203125 0.071875 0.059375
0 0.1265625 0.60625 0.05703125 0.065625
1 0.0421875 0.271875 0.05859375 0.06171875
1 0.24375 0.1875 0.05859375 0.071875
1 0.265625 0.09765625 0.0328125 0.0640625
0 0.9421875 0.6765625 0.08359375 0.07734375
2 0.9484375 0.81171875 0.0359375 0.05
2 0.9171875 0.959375 0.04453125 0.06171875
0 0.9296875 0.84765625 0.0640625 0.065625