1 0.42890625 0.68359375 0.0640625 0.07578125
1 0.39453125 0.72265625 0.04609375 0.071875
1 0.33046875 0.78046875 0.04921875 0.059375
1 0.2890625 0.90859375 0.04765625 0.05625
1 0.22109375 0.3828125 0.05546875 0.071875
1 0.16796875 0.15703125 0.04453125 0.0640625
1 0.803125 0.82265625 0.05390625 0.0640625
1 0.5875 0.134375 0.04609375 0.07734375
1 0.3375 0.03671875 0.04765625 0.065625
1 0.51171875 0.60546875 0.04765625 0.07578125
1 0.94453125 0.27109375 0.0609375 0.07578125
1 0.54765625 0.89375 0.04453125 0.04609375
1 0.415625 0.0421875 0.05234375 0.06796875
1 0.46796875 0.18515625 0.05546875 0.08359375
1 0.32578125 0.34140625 0.040625 0.0734375
1 0.6328125 0.72109375 0.059375 0.07578125
1 0.6953125 0.8734375 0.04921875 0.06953125
1 0.59140625 0.94296875 0.05390625 0.04609375
1 0.2125 0.6875 0.04921875 0.1
1 0.19375 0.22109375 0.05703125 0.03984375
1 0.4515625 0.7625 0.05546875 0.03984375
2 0.6125 0.6265625 0.05546875 0.0734375
2 0.875 0.971875 0.059375 0.05625
2 0.54765625 0.3984375 0.071875 0.05625
2 0.40234375 0.61171875 0.0609375 0.071875
2 0.4734375 0.83984375 0.04609375 0.11796875
0 0.26796875 0.6875 0.05234375 0.08359375
0 0.16796875 0.76015625 0.08203125 0.04609375
2 0.51171875 0.97734375 0.0203125 0.0453125
0 0.77109375 0.85859375 0.03125 0.09140625
0 0.79140625 0.40234375 0.04765625 0.08359375
0 0.46328125 0.45234375 0.090625 0.05625
3 0.90703125 0.84765625 0.0375 0.0859375
3 0.865625 0.7875 0.08359375 0.04140625
3 0.49921875 0.24765625 0.0640625 0.06171875
3 0.1078125 0.74609375 0.040625 0.0859375
3 0.50625 0.83984375 0.05078125 0.12578125
1 0.66640625 0.15703125 0.05546875 0.07578125
1 0.065625 0.51171875 0.0421875 0.07578125
2 0.1890625 0.5203125 0.0625 0.071875
2 0.31484375 0.7015625 0.05078125 0.05625
2 0.1234375 0.94140625 0.0625 0.06171875
2 0.8359375 0.88828125 0.078125 0.059375
2 0.9671875 0.95390625 0.0640625 0.07578125
2 0.98046875 0.75390625 0.0390625 0.0671875
2 0.96875 0.528125 0.04921875 0.07578125
2 0.65546875 0.32578125 0.05078125 0.0859375
2 0.1703125 0.271875 0.0640625 0.07734375
2 0.04921875 0.2578125 0.05078125 0.0734375
2 0.13984375 0.12421875 0.04453125 0.06953125
2 0.3421875 0.18125 0.0734375 0.0640625
2 0.39375 0.17421875 0.0390625 0.0734375
2 0.275 0.621875 0.040625 0.0796875
2 0.5328125 0.71015625 0.078125 0.08203125
2 0.64140625 0.890625 0.04296875 0.0796875
2 0.70625 0.9453125 0.059375 0.05
2 0.6921875 0.73828125 0.05546875 0.05
2 0.68125 0.8078125 0.05859375 0.05390625
2 0.84921875 0.69453125 0.04453125 0.06953125
2 0.521875 0.02734375 0.040625 0.05390625
2 0.71953125 0.0546875 0.0421875 0.065625
3 0.66328125 0.0515625 0.05859375 0.071875
0 0.8359375 0.48515625 0.06875 0.06953125
1 0.88125 0.175 0.05703125 0.07578125
1 0.825 0.2546875 0.05546875 0.07578125
1 0.16796875 0.7921875 0.05078125 0.0578125
1 0.3203125 0.09765625 0.05546875 0.059375
1 0.2953125 0.04609375 0.0296875 0.0515625
1 0.22578125 0.1625 0.04921875 0.05390625
1 0.70546875 0.29609375 0.04921875 0.07734375
1 0.76875 0.35390625 0.05390625 0.065625
1 0.97734375 0.32109375 0.0453125 0.0828125
1 0.73046875 0.84296875 0.0390625 0.0875
0 0.4859375 0.9171875 0.0671875 0.021875
0 0.403125 0.93125 0.065625 0.04140625
2 0.25625 0.796875 0.0625 0.0515625
2 0.3828125 0.4421875 0.05859375 0.0515625
2 0.3875 0.3875 0.0734375 0.05
2 0.35234375 0.2859375 0.0390625 0.065625
2 0.25234375 0.30390625 0.075 0.0734375
2 0.671875 0.54375 0.0421875 0.08359375
2 0.7703125 0.71640625 0.04765625 0.06953125
2 0.8625 0.73828125 0.0671875 0.04609375
2 0.971875 0.4140625 0.05390625 0.05625
2 0.98046875 0.20234375 0.03828125 0.07734375
2 0.85078125 0.046875 0.04453125 0.05390625
2 0.52890625 0.16796875 0.05546875 0.0578125
2 0.578125 0.340625 0.05859375 0.071875
4 0.48359375 0.39765625 0.05390625 0.065625
2 0.065625 0.43359375 0.0328125 0.06953125
2 0.05625 0.09375 0.078125 0.05625
2 0.22265625 0.0375 0.05234375 0.059375
2 0.04921875 0.6765625 0.0375 0.06171875
2 0.10390625 0.65 0.05703125 0.05
2 0.03984375 0.77578125 0.059375 0.109375
2 0.02421875 0.859375 0.040625 0.0578125
2 0.1328125 0.52890625 0.059375 0.04140625
2 0.196875 0.57890625 0.05703125 0.06953125
2 0.02265625 0.46640625 0.04296875 0.0640625