1 0.57109375 0.31640625 0.0640625 0.07578125
1 0.60546875 0.27734375 0.04609375 0.071875
1 0.66953125 0.21953125 0.04921875 0.059375
1 0.7109375 0.09140625 0.04765625 0.05625
1 0.77890625 0.6171875 0.05546875 0.071875
1 0.83203125 0.84296875 0.04453125 0.0640625
1 0.196875 0.17734375 0.05390625 0.0640625
1 0.4125 0.865625 0.04609375 0.07734375
1 0.6625 0.96328125 0.04765625 0.065625
1 0.48828125 0.39453125 0.04765625 0.07578125
1 0.05546875 0.72890625 0.0609375 0.07578125
1 0.45234375 0.10625 0.04453125 0.04609375
1 0.584375 0.9578125 0.05234375 0.06796875
1 0.53203125 0.81484375 0.05546875 0.08359375
1 0.67421875 0.65859375 0.040625 0.0734375
1 0.3671875 0.27890625 0.059375 0.07578125
1 0.3046875 0.1265625 0.04921875 0.06953125
1 0.40859375 0.05703125 0.05390625 0.04609375
1 0.7875 0.3125 0.04921875 0.1
1 0.80625 0.77890625 0.05703125 0.03984375
1 0.5484375 0.2375 0.05546875 0.03984375
2 0.3875 0.3734375 0.05546875 0.0734375
2 0.125 0.028125 0.059375 0.05625
2 0.45234375 0.6015625 0.071875 0.05625
2 0.59765625 0.38828125 0.0609375 0.071875
2 0.5265625 0.16015625 0.04609375 0.11796875
0 0.73203125 0.3125 0.05234375 0.08359375
0 0.83203125 0.23984375 0.08203125 0.04609375
2 0.48828125 0.02265625 0.0203125 0.0453125
0 0.22890625 0.14140625 0.03125 0.09140625
0 0.20859375 0.59765625 0.04765625 0.08359375
0 0.53671875 0.54765625 0.090625 0.05625
3 0.09296875 0.15234375 0.0375 0.0859375
3 0.134375 0.2125 0.08359375 0.04140625
3 0.50078125 0.75234375 0.0640625 0.06171875
3 0.8921875 0.25390625 0.040625 0.0859375
3 0.49375 0.16015625 0.05078125 0.12578125
1 0.33359375 0.84296875 0.05546875 0.07578125
1 0.934375 0.48828125 0.0421875 0.07578125
2 0.8109375 0.4796875 0.0625 0.071875
2 0.68515625 0.2984375 0.05078125 0.05625
2 0.8765625 0.05859375 0.0625 0.06171875
2 0.1640625 0.11171875 0.078125 0.059375
2 0.0328125 0.04609375 0.0640625 0.07578125
2 0.01953125 0.24609375 0.0390625 0.0671875
2 0.03125 0.471875 0.04921875 0.07578125
2 0.34453125 0.67421875 0.05078125 0.0859375
2 0.8296875 0.728125 0.0640625 0.07734375
2 0.95078125 0.7421875 0.05078125 0.0734375
2 0.86015625 0.87578125 0.04453125 0.06953125
2 0.6578125 0.81875 0.0734375 0.0640625
2 0.60625 0.82578125 0.0390625 0.0734375
2 0.725 0.378125 0.040625 0.0796875
2 0.4671875 0.28984375 0.078125 0.08203125
2 0.35859375 0.109375 0.04296875 0.0796875
2 0.29375 0.0546875 0.059375 0.05
2 0.3078125 0.26171875 0.05546875 0.05
2 0.31875 0.1921875 0.05859375 0.05390625
2 0.15078125 0.30546875 0.04453125 0.06953125
2 0.478125 0.97265625 0.040625 0.05390625
2 0.28046875 0.9453125 0.0421875 0.065625
3 0.33671875 0.9484375 0.05859375 0.071875
0 0.1640625 0.51484375 0.06875 0.06953125
1 0.11875 0.825 0.05703125 0.07578125
1 0.175 0.7453125 0.05546875 0.07578125
1 0.83203125 0.2078125 0.05078125 0.0578125
1 0.6796875 0.90234375 0.05546875 0.059375
1 0.7046875 0.95390625 0.0296875 0.0515625
1 0.77421875 0.8375 0.04921875 0.05390625
1 0.29453125 0.70390625 0.04921875 0.07734375
1 0.23125 0.64609375 0.05390625 0.065625
1 0.02265625 0.67890625 0.0453125 0.0828125
1 0.26953125 0.15703125 0.0390625 0.0875
0 0.5140625 0.0828125 0.0671875 0.021875
0 0.596875 0.06875 0.065625 0.04140625
2 0.74375 0.203125 0.0625 0.0515625
2 0.6171875 0.5578125 0.05859375 0.0515625
2 0.6125 0.6125 0.0734375 0.05
2 0.64765625 0.7140625 0.0390625 0.065625
2 0.74765625 0.69609375 0.075 0.0734375
2 0.328125 0.45625 0.0421875 0.08359375
2 0.2296875 0.28359375 0.04765625 0.06953125
2 0.1375 0.26171875 0.0671875 0.04609375
2 0.028125 0.5859375 0.05390625 0.05625
2 0.01953125 0.79765625 0.03828125 0.07734375
2 0.14921875 0.953125 0.04453125 0.05390625
2 0.47109375 0.83203125 0.05546875 0.0578125
2 0.421875 0.659375 0.05859375 0.071875
4 0.51640625 0.60234375 0.05390625 0.065625
2 0.934375 0.56640625 0.0328125 0.06953125
2 0.94375 0.90625 0.078125 0.05625
2 0.77734375 0.9625 0.05234375 0.059375
2 0.95078125 0.3234375 0.0375 0.06171875
2 0.89609375 0.35 0.05703125 0.05
2 0.96015625 0.22421875 0.059375 0.109375
2 0.97578125 0.140625 0.040625 0.0578125
2 0.8671875 0.47109375 0.059375 0.04140625
2 0.803125 0.42109375 0.05703125 0.06953125
2 0.97734375 0.53359375 0.04296875 0.0640625