1 0.41640625 0.7640625 0.05703125 0.07734375
1 0.2671875 0.6859375 0.0359375 0.08203125
1 0.73359375 0.06875 0.0609375 0.08203125
1 0.8578125 0.24609375 0.05234375 0.07734375
1 0.70234375 0.35 0.04296875 0.05390625
1 0.68046875 0.4453125 0.0421875 0.05390625
1 0.4015625 0.1890625 0.05390625 0.0640625
1 0.34921875 0.30390625 0.05078125 0.0734375
1 0.3640625 0.40625 0.05078125 0.0640625
1 0.30703125 0.3953125 0.05078125 0.065625
1 0.2828125 0.33984375 0.040625 0.0578125
1 0.50546875 0.82890625 0.05546875 0.059375
1 0.746875 0.315625 0.05234375 0.065625
1 0.41953125 0.06875 0.04765625 0.06953125
1 0.15078125 0.65546875 0.0625 0.06796875
1 0.5484375 0.7671875 0.05859375 0.0515625
1 0.59375 0.72109375 0.04609375 0.071875
1 0.184375 0.98515625 0.08671875 0.01015625
1 0.8140625 0.815625 0.05703125 0.08984375
1 0.4703125 0.4859375 0.071875 0.0875
1 0.7515625 0.58984375 0.0609375 0.0796875
1 0.690625 0.225 0.05546875 0.071875
1 0.31328125 0.678125 0.0421875 0.05
1 0.7546875 0.88984375 0.0375 0.05
4 0.271875 0.43125 0.05859375 0.065625
4 0.96015625 0.38359375 0.05703125 0.0578125
4 0.86171875 0.7828125 0.075 0.0640625
0 0.44921875 0.8125 0.0390625 0.0875
0 0.79921875 0.27109375 0.071875 0.0640625
0 0.49921875 0.23828125 0.0375 0.0859375
0 0.49296875 0.2921875 0.04921875 0.05
0 0.50546875 0.640625 0.0703125 0.06171875
3 0.921875 0.49921875 0.05859375 0.08203125
1 0.30234375 0.17265625 0.0703125 0.07734375
1 0.81640625 0.7203125 0.075 0.05390625
1 0.1765625 0.1421875 0.05546875 0.065625
1 0.459375 0.1265625 0.04765625 0.06171875
1 0.65625 0.1515625 0.04921875 0.05625
1 0.5171875 0.884375 0.0640625 0.059375
2 0.40625 0.58671875 0.05546875 0.065625
2 0.35546875 0.6046875 0.04765625 0.1015625
2 0.11015625 0.79296875 0.059375 0.05625
2 0.10234375 0.63046875 0.05078125 0.065625
2 0.203125 0.33671875 0.05234375 0.1
2 0.16015625 0.35078125 0.04609375 0.0640625
2 0.88984375 0.20703125 0.0328125 0.0640625
2 0.67578125 0.86328125 0.05234375 0.08984375
2 0.61953125 0.91796875 0.06875 0.059375
2 0.596875 0.82734375 0.04453125 0.05390625
2 0.528125 0.4484375 0.04765625 0.0875
2 0.55859375 0.39375 0.059375 0.0578125
2 0.63203125 0.3515625 0.04609375 0.04609375
2 0.44140625 0.33828125 0.0765625 0.09140625
2 0.5828125 0.021875 0.08828125 0.04375
2 0.53125 0.11328125 0.065625 0.059375
2 0.13046875 0.51171875 0.0703125 0.07578125
2 0.296875 0.884375 0.0625 0.04375
2 0.33984375 0.825 0.059375 0.0515625
2 0.40625 0.975 0.04453125 0.05
2 0.10859375 0.8828125 0.071875 0.06796875
2 0.23984375 0.90546875 0.0328125 0.07734375
2 0.02265625 0.17109375 0.0453125 0.0703125
2 0.60546875 0.621875 0.040625 0.059375
2 0.4921875 0.6984375 0.0421875 0.04609375
2 0.51015625 0.74296875 0.04765625 0.06796875
2 0.7296875 0.77734375 0.04296875 0.06796875
2 0.84296875 0.58359375 0.05546875 0.071875
2 0.95078125 0.2703125 0.0703125 0.03359375
2 0.84609375 0.3828125 0.04609375 0.04375
2 0.971875 0.56015625 0.05390625 0.08359375
2 0.9109375 0.878125 0.04765625 0.059375
2 0.80234375 0.91328125 0.07890625 0.0734375
2 0.775 0.97109375 0.08359375 0.0578125
2 0.934375 0.9453125 0.06875 0.0578125
2 0.94375 0.90546875 0.0328125 0.05
2 0.34453125 0.9296875 0.065625 0.03828125
2 0.3109375 0.97421875 0.0609375 0.0515625
2 0.109375 0.96953125 0.0375 0.0609375
3 0.071875 0.22734375 0.040625 0.08359375
0 0.57890625 0.296875 0.065625 0.03984375
3 0.63203125 0.503125 0.0640625 0.0578125
2 0.63125 0.4453125 0.04453125 0.06953125
2 0.64609375 0.621875 0.0390625 0.07578125
2 0.65625 0.6640625 0.05546875 0.065625
2 0.89140625 0.38984375 0.0328125 0.09375
2 0.76796875 0.653125 0.04921875 0.06796875
3 0.95078125 0.74296875 0.0421875 0.0515625
3 0.68984375 0.7359375 0.065625 0.03828125
2 0.69453125 0.77890625 0.0421875 0.0796875
2 0.36640625 0.05 0.0609375 0.05625
2 0.04921875 0.628125 0.05859375 0.07734375
2 0.01953125 0.7796875 0.03828125 0.0859375
2 0.11640625 0.14921875 0.040625 0.071875
2 0.17734375 0.025 0.05078125 0.05
2 0.2953125 0.01953125 0.065625 0.0390625
2 0.20234375 0.08203125 0.08046875 0.05625
0 0.08984375 0.17265625 0.04609375 0.09765625
1 0.90859375 0.09375 0.05546875 0.0515625
2 0.82265625 0.64609375 0.05390625 0.0578125
3 0.66328125 0.975 0.05546875 0.05
2 0.22890625 0.45546875 0.05546875 0.05
2 0.07109375 0.334375 0.075 0.0796875
2 0.09765625 0.3828125 0.05234375 0.06796875
2 0.52734375 0.9390625 0.040625 0.0859375
2 0.3375 0.70546875 0.04453125 0.05625
2 0.33984375 0.75 0.04609375 0.065625
2 0.88125 0.4828125 0.0390625 0.08984375
2 0.9609375 0.028125 0.0734375 0.05625
2 0.03359375 0.07265625 0.0625 0.065625
2 0.14140625 0.028125 0.071875 0.05625