1 0.58359375 0.7640625 0.05703125 0.07734375
1 0.7328125 0.6859375 0.0359375 0.08203125
1 0.26640625 0.06875 0.0609375 0.08203125
1 0.1421875 0.24609375 0.05234375 0.07734375
1 0.29765625 0.35 0.04296875 0.05390625
1 0.31953125 0.4453125 0.0421875 0.05390625
1 0.5984375 0.1890625 0.05390625 0.0640625
1 0.65078125 0.30390625 0.05078125 0.0734375
1 0.6359375 0.40625 0.05078125 0.0640625
1 0.69296875 0.3953125 0.05078125 0.065625
1 0.7171875 0.33984375 0.040625 0.0578125
1 0.49453125 0.82890625 0.05546875 0.059375
1 0.253125 0.315625 0.05234375 0.065625
1 0.58046875 0.06875 0.04765625 0.06953125
1 0.84921875 0.65546875 0.0625 0.06796875
1 0.4515625 0.7671875 0.05859375 0.0515625
1 0.40625 0.72109375 0.04609375 0.071875
1 0.815625 0.98515625 0.08671875 0.01015625
1 0.1859375 0.815625 0.05703125 0.08984375
1 0.5296875 0.4859375 0.071875 0.0875
1 0.2484375 0.58984375 0.0609375 0.0796875
1 0.309375 0.225 0.05546875 0.071875
1 0.68671875 0.678125 0.0421875 0.05
1 0.2453125 0.88984375 0.0375 0.05
4 0.728125 0.43125 0.05859375 0.065625
4 0.03984375 0.38359375 0.05703125 0.0578125
4 0.13828125 0.7828125 0.075 0.0640625
0 0.55078125 0.8125 0.0390625 0.0875
0 0.20078125 0.27109375 0.071875 0.0640625
0 0.50078125 0.23828125 0.0375 0.0859375
0 0.50703125 0.2921875 0.04921875 0.05
0 0.49453125 0.640625 0.0703125 0.06171875
3 0.078125 0.49921875 0.05859375 0.08203125
1 0.69765625 0.17265625 0.0703125 0.07734375
1 0.18359375 0.7203125 0.075 0.05390625
1 0.8234375 0.1421875 0.05546875 0.065625
1 0.540625 0.1265625 0.04765625 0.06171875
1 0.34375 0.1515625 0.04921875 0.05625
1 0.4828125 0.884375 0.0640625 0.059375
2 0.59375 0.58671875 0.05546875 0.065625
2 0.64453125 0.6046875 0.04765625 0.1015625
2 0.88984375 0.79296875 0.059375 0.05625
2 0.89765625 0.63046875 0.05078125 0.065625
2 0.796875 0.33671875 0.05234375 0.1
2 0.83984375 0.35078125 0.04609375 0.0640625
2 0.11015625 0.20703125 0.0328125 0.0640625
2 0.32421875 0.86328125 0.05234375 0.08984375
2 0.38046875 0.91796875 0.06875 0.059375
2 0.403125 0.82734375 0.04453125 0.05390625
2 0.471875 0.4484375 0.04765625 0.0875
2 0.44140625 0.39375 0.059375 0.0578125
2 0.36796875 0.3515625 0.04609375 0.04609375
2 0.55859375 0.33828125 0.0765625 0.09140625
2 0.4171875 0.021875 0.08828125 0.04375
2 0.46875 0.11328125 0.065625 0.059375
2 0.86953125 0.51171875 0.0703125 0.07578125
2 0.703125 0.884375 0.0625 0.04375
2 0.66015625 0.825 0.059375 0.0515625
2 0.59375 0.975 0.04453125 0.05
2 0.89140625 0.8828125 0.071875 0.06796875
2 0.76015625 0.90546875 0.0328125 0.07734375
2 0.97734375 0.17109375 0.0453125 0.0703125
2 0.39453125 0.621875 0.040625 0.059375
2 0.5078125 0.6984375 0.0421875 0.04609375
2 0.48984375 0.74296875 0.04765625 0.06796875
2 0.2703125 0.77734375 0.04296875 0.06796875
2 0.15703125 0.58359375 0.05546875 0.071875
2 0.04921875 0.2703125 0.0703125 0.03359375
2 0.15390625 0.3828125 0.04609375 0.04375
2 0.028125 0.56015625 0.05390625 0.08359375
2 0.0890625 0.878125 0.04765625 0.059375
2 0.19765625 0.91328125 0.07890625 0.0734375
2 0.225 0.97109375 0.08359375 0.0578125
2 0.065625 0.9453125 0.06875 0.0578125
2 0.05625 0.90546875 0.0328125 0.05
2 0.65546875 0.9296875 0.065625 0.03828125
2 0.6890625 0.97421875 0.0609375 0.0515625
2 0.890625 0.96953125 0.0375 0.0609375
3 0.928125 0.22734375 0.040625 0.08359375
0 0.42109375 0.296875 0.065625 0.03984375
3 0.36796875 0.503125 0.0640625 0.0578125
2 0.36875 0.4453125 0.04453125 0.06953125
2 0.35390625 0.621875 0.0390625 0.07578125
2 0.34375 0.6640625 0.05546875 0.065625
2 0.10859375 0.38984375 0.0328125 0.09375
2 0.23203125 0.653125 0.04921875 0.06796875
3 0.04921875 0.74296875 0.0421875 0.0515625
3 0.31015625 0.7359375 0.065625 0.03828125
2 0.30546875 0.77890625 0.0421875 0.0796875
2 0.63359375 0.05 0.0609375 0.05625
2 0.95078125 0.628125 0.05859375 0.07734375
2 0.98046875 0.7796875 0.03828125 0.0859375
2 0.88359375 0.14921875 0.040625 0.071875
2 0.82265625 0.025 0.05078125 0.05
2 0.7046875 0.01953125 0.065625 0.0390625
2 0.79765625 0.08203125 0.08046875 0.05625
0 0.91015625 0.17265625 0.04609375 0.09765625
1 0.09140625 0.09375 0.05546875 0.0515625
2 0.17734375 0.64609375 0.05390625 0.0578125
3 0.33671875 0.975 0.05546875 0.05
2 0.77109375 0.45546875 0.05546875 0.05
2 0.92890625 0.334375 0.075 0.0796875
2 0.90234375 0.3828125 0.05234375 0.06796875
2 0.47265625 0.9390625 0.040625 0.0859375
2 0.6625 0.70546875 0.04453125 0.05625
2 0.66015625 0.75 0.04609375 0.065625
2 0.11875 0.4828125 0.0390625 0.08984375
2 0.0390625 0.028125 0.0734375 0.05625
2 0.96640625 0.07265625 0.0625 0.065625
2 0.85859375 0.028125 0.071875 0.05625