1 0.925 0.11328125 0.07421875 0.08359375
1 0.7421875 0.740625 0.059375 0.07421875
1 0.66171875 0.66953125 0.05703125 0.0671875
1 0.65 0.78671875 0.084375 0.08125
1 0.5953125 0.81640625 0.065625 0.065625
1 0.740625 0.56171875 0.046875 0.0765625
1 0.91015625 0.33828125 0.05546875 0.0609375
1 0.68984375 0.2671875 0.065625 0.0671875
1 0.70859375 0.33046875 0.04375 0.0671875
1 0.67109375 0.353125 0.0421875 0.06328125
1 0.6203125 0.2484375 0.0453125 0.05625
1 0.5265625 0.1078125 0.05234375 0.071875
1 0.7171875 0.07109375 0.05703125 0.065625
1 0.5765625 0.2265625 0.0453125 0.06328125
1 0.34375 0.2625 0.0453125 0.05859375
1 0.69609375 0.52109375 0.0453125 0.08125
1 0.62734375 0.55390625 0.059375 0.05625
1 0.60546875 0.59453125 0.0453125 0.065625
1 0.56328125 0.58203125 0.04921875 0.0671875
1 0.584375 0.459375 0.046875 0.04765625
1 0.89453125 0.86953125 0.05390625 0.071875
1 0.96875 0.90859375 0.05078125 0.06953125
1 0.39453125 0.6515625 0.065625 0.04921875
1 0.253125 0.284375 0.0453125 0.07890625
1 0.365625 0.03046875 0.04921875 0.0609375
1 0.09296875 0.31015625 0.05546875 0.071875
1 0.52734375 0.2109375 0.046875 0.06328125
1 0.7390625 0.15703125 0.0609375 0.08125
1 0.74296875 0.66875 0.07109375 0.065625
1 0.778125 0.67109375 0.0640625 0.05625
1 0.28125 0.84296875 0.05078125 0.05390625
1 0.39375 0.725 0.0609375 0.05625
1 0.1703125 0.9640625 0.059375 0.06328125
1 0.9390625 0.95859375 0.0453125 0.07890625
1 0.37578125 0.5 0.0453125 0.0609375
2 0.434375 0.60234375 0.07109375 0.0671875
1 0.44296875 0.3828125 0.05390625 0.05625
2 0.22578125 0.7265625 0.0453125 0.05625
2 0.53203125 0.66171875 0.05078125 0.065625
2 0.896875 0.7828125 0.0828125 0.065625
2 0.89296875 0.57421875 0.0671875 0.07890625
2 0.81640625 0.36953125 0.0609375 0.07421875
2 0.85859375 0.284375 0.04375 0.05625
2 0.35546875 0.171875 0.05390625 0.0515625
2 0.30703125 0.1171875 0.04921875 0.06328125
2 0.08984375 0.62265625 0.0625 0.1078125
2 0.253125 0.88984375 0.0453125 0.071875
2 0.1375 0.9203125 0.040625 0.065625
2 0.046875 0.74375 0.05078125 0.05390625
2 0.21875 0.559375 0.07109375 0.071875
2 0.43125 0.4609375 0.05078125 0.05390625
2 0.64609375 0.159375 0.0421875 0.05859375
2 0.578125 0.159375 0.04921875 0.04921875
2 0.83359375 0.0328125 0.0609375 0.05625
2 0.85390625 0.08515625 0.05078125 0.071875
2 0.96328125 0.02578125 0.0734375 0.0515625
1 0.5078125 0.0375 0.0625 0.0609375
1 0.0734375 0.37890625 0.05390625 0.07890625
1 0.0625 0.96484375 0.07578125 0.06953125
1 0.2 0.43046875 0.046875 0.05625
2 0.81640625 0.21015625 0.0609375 0.0921875
2 0.91171875 0.425 0.0390625 0.071875
2 0.959375 0.59140625 0.0625 0.05859375
2 0.9640625 0.675 0.0421875 0.07890625
2 0.975 0.784375 0.040625 0.0671875
2 0.628125 0.3890625 0.040625 0.0765625
3 0.39140625 0.26953125 0.07265625 0.04921875
3 0.25703125 0.3828125 0.040625 0.1015625
3 0.51015625 0.74375 0.040625 0.08515625
3 0.16953125 0.89921875 0.046875 0.04921875
2 0.31015625 0.6125 0.059375 0.0609375
2 0.12578125 0.47890625 0.040625 0.08125
2 0.1265625 0.40078125 0.0453125 0.0515625
2 0.340625 0.33671875 0.02578125 0.08515625
2 0.31015625 0.2828125 0.0390625 0.08515625
2 0.22890625 0.19765625 0.05703125 0.08984375
2 0.24296875 0.12109375 0.06953125 0.06328125
2 0.3515625 0.91328125 0.04375 0.03828125
2 0.8046875 0.9078125 0.05390625 0.05859375
2 0.5203125 0.9671875 0.0640625 0.065625
2 0.3234375 0.528125 0.0640625 0.05859375
2 0.0203125 0.34921875 0.03515625 0.11953125
2 0.88515625 0.9625 0.03203125 0.07421875