1 0.075 0.88671875 0.07421875 0.08359375
1 0.2578125 0.259375 0.059375 0.07421875
1 0.33828125 0.33046875 0.05703125 0.0671875
1 0.35 0.21328125 0.084375 0.08125
1 0.4046875 0.18359375 0.065625 0.065625
1 0.259375 0.43828125 0.046875 0.0765625
1 0.08984375 0.66171875 0.05546875 0.0609375
1 0.31015625 0.7328125 0.065625 0.0671875
1 0.29140625 0.66953125 0.04375 0.0671875
1 0.32890625 0.646875 0.0421875 0.06328125
1 0.3796875 0.7515625 0.0453125 0.05625
1 0.4734375 0.8921875 0.05234375 0.071875
1 0.2828125 0.92890625 0.05703125 0.065625
1 0.4234375 0.7734375 0.0453125 0.06328125
1 0.65625 0.7375 0.0453125 0.05859375
1 0.30390625 0.47890625 0.0453125 0.08125
1 0.37265625 0.44609375 0.059375 0.05625
1 0.39453125 0.40546875 0.0453125 0.065625
1 0.43671875 0.41796875 0.04921875 0.0671875
1 0.415625 0.540625 0.046875 0.04765625
1 0.10546875 0.13046875 0.05390625 0.071875
1 0.03125 0.09140625 0.05078125 0.06953125
1 0.60546875 0.3484375 0.065625 0.04921875
1 0.746875 0.715625 0.0453125 0.07890625
1 0.634375 0.96953125 0.04921875 0.0609375
1 0.90703125 0.68984375 0.05546875 0.071875
1 0.47265625 0.7890625 0.046875 0.06328125
1 0.2609375 0.84296875 0.0609375 0.08125
1 0.25703125 0.33125 0.07109375 0.065625
1 0.221875 0.32890625 0.0640625 0.05625
1 0.71875 0.15703125 0.05078125 0.05390625
1 0.60625 0.275 0.0609375 0.05625
1 0.8296875 0.0359375 0.059375 0.06328125
1 0.0609375 0.04140625 0.0453125 0.07890625
1 0.62421875 0.5 0.0453125 0.0609375
2 0.565625 0.39765625 0.07109375 0.0671875
1 0.55703125 0.6171875 0.05390625 0.05625
2 0.77421875 0.2734375 0.0453125 0.05625
2 0.46796875 0.33828125 0.05078125 0.065625
2 0.103125 0.2171875 0.0828125 0.065625
2 0.10703125 0.42578125 0.0671875 0.07890625
2 0.18359375 0.63046875 0.0609375 0.07421875
2 0.14140625 0.715625 0.04375 0.05625
2 0.64453125 0.828125 0.05390625 0.0515625
2 0.69296875 0.8828125 0.04921875 0.06328125
2 0.91015625 0.37734375 0.0625 0.1078125
2 0.746875 0.11015625 0.0453125 0.071875
2 0.8625 0.0796875 0.040625 0.065625
2 0.953125 0.25625 0.05078125 0.05390625
2 0.78125 0.440625 0.07109375 0.071875
2 0.56875 0.5390625 0.05078125 0.05390625
2 0.35390625 0.840625 0.0421875 0.05859375
2 0.421875 0.840625 0.04921875 0.04921875
2 0.16640625 0.9671875 0.0609375 0.05625
2 0.14609375 0.91484375 0.05078125 0.071875
2 0.03671875 0.97421875 0.0734375 0.0515625
1 0.4921875 0.9625 0.0625 0.0609375
1 0.9265625 0.62109375 0.05390625 0.07890625
1 0.9375 0.03515625 0.07578125 0.06953125
1 0.8 0.56953125 0.046875 0.05625
2 0.18359375 0.78984375 0.0609375 0.0921875
2 0.08828125 0.575 0.0390625 0.071875
2 0.040625 0.40859375 0.0625 0.05859375
2 0.0359375 0.325 0.0421875 0.07890625
2 0.025 0.215625 0.040625 0.0671875
2 0.371875 0.6109375 0.040625 0.0765625
3 0.60859375 0.73046875 0.07265625 0.04921875
3 0.74296875 0.6171875 0.040625 0.1015625
3 0.48984375 0.25625 0.040625 0.08515625
3 0.83046875 0.10078125 0.046875 0.04921875
2 0.68984375 0.3875 0.059375 0.0609375
2 0.87421875 0.52109375 0.040625 0.08125
2 0.8734375 0.59921875 0.0453125 0.0515625
2 0.659375 0.66328125 0.02578125 0.08515625
2 0.68984375 0.7171875 0.0390625 0.08515625
2 0.77109375 0.80234375 0.05703125 0.08984375
2 0.75703125 0.87890625 0.06953125 0.06328125
2 0.6484375 0.08671875 0.04375 0.03828125
2 0.1953125 0.0921875 0.05390625 0.05859375
2 0.4796875 0.0328125 0.0640625 0.065625
2 0.6765625 0.471875 0.0640625 0.05859375
2 0.9796875 0.65078125 0.03515625 0.11953125
2 0.11484375 0.0375 0.03203125 0.07421875