1 0.1421875 0.48984375 0.059375 0.071875
1 0.1984375 0.33125 0.04375 0.05625
1 0.38125 0.4625 0.0625 0.06328125
1 0.521875 0.31015625 0.0609375 0.08984375
1 0.565625 0.57890625 0.046875 0.07421875
1 0.240625 0.81640625 0.05078125 0.0875
1 0.84375 0.15859375 0.05703125 0.0609375
1 0.084375 0.0828125 0.059375 0.071875
1 0.378125 0.028125 0.05234375 0.05625
1 0.93515625 0.17265625 0.05078125 0.0671875
1 0.971875 0.153125 0.03671875 0.071875
1 0.8453125 0.05390625 0.05390625 0.05859375
3 0.85234375 0.5375 0.03359375 0.12109375
0 0.0546875 0.371875 0.03359375 0.1375
0 0.57890625 0.390625 0.05390625 0.08984375
2 0.578125 0.2203125 0.04921875 0.08125
2 0.62578125 0.171875 0.059375 0.07890625
0 0.35703125 0.22890625 0.05078125 0.0765625
2 0.35546875 0.09765625 0.05546875 0.0875
2 0.78046875 0.6109375 0.059375 0.0765625
2 0.39921875 0.5953125 0.07109375 0.05859375
2 0.471875 0.52734375 0.0390625 0.1015625
2 0.690625 0.13515625 0.05390625 0.071875
2 0.73359375 0.140625 0.03515625 0.05625
2 0.74375 0.4328125 0.03203125 0.07890625
2 0.6671875 0.48984375 0.040625 0.05390625
2 0.66640625 0.640625 0.04921875 0.09453125
2 0.96328125 0.6546875 0.0734375 0.07421875
2 0.79609375 0.75625 0.0796875 0.07421875
2 0.83828125 0.665625 0.05546875 0.071875
2 0.65078125 0.8515625 0.0453125 0.05859375
2 0.3109375 0.66875 0.05703125 0.07421875
2 0.18671875 0.62890625 0.046875 0.071875
2 0.0484375 0.72890625 0.05390625 0.04296875
2 0.0140625 0.9078125 0.028125 0.0671875
2 0.45625 0.871875 0.0640625 0.0453125
2 0.77109375 0.52734375 0.05390625 0.0515625
2 0.89453125 0.840625 0.03671875 0.12578125
2 0.78515625 0.89765625 0.04375 0.065625
2 0.971875 0.83671875 0.040625 0.05625
2 0.93984375 0.953125 0.04375 0.06328125
2 0.8953125 0.93671875 0.02890625 0.05859375
2 0.70859375 0.5828125 0.03671875 0.065625
2 0.21328125 0.49453125 0.04375 0.0671875
2 0.203125 0.7 0.040625 0.07890625
2 0.4046875 0.940625 0.0390625 0.07421875
2 0.38359375 0.91875 0.040625 0.0765625
2 0.25234375 0.7109375 0.03671875 0.08359375
2 0.40703125 0.65625 0.05390625 0.08515625
2 0.37890625 0.74296875 0.040625 0.07421875
2 0.3421875 0.784375 0.03515625 0.08125
2 0.29921875 0.8078125 0.05078125 0.08359375
2 0.34921875 0.86328125 0.05234375 0.0765625
2 0.59765625 0.67734375 0.046875 0.0515625
2 0.67890625 0.79296875 0.040625 0.08125
2 0.57734375 0.74921875 0.05078125 0.0875
2 0.43515625 0.77109375 0.02578125 0.08515625
2 0.54375 0.78046875 0.046875 0.065625
2 0.6421875 0.74609375 0.05234375 0.05390625
2 0.44296875 0.30234375 0.03046875 0.0515625
4 0.78125 0.16875 0.03359375 0.0671875
2 0.5265625 0.96484375 0.05234375 0.06953125
3 0.46171875 0.9640625 0.07578125 0.05859375
2 0.56875 0.91875 0.05390625 0.05390625
2 0.08125 0.8890625 0.03203125 0.0921875
1 0.28515625 0.3203125 0.03515625 0.065625
1 0.37109375 0.346875 0.0453125 0.07421875
1 0.42734375 0.15390625 0.04375 0.06953125
1 0.49609375 0.1234375 0.04921875 0.05859375
1 0.43203125 0.10703125 0.03203125 0.04296875
1 0.26015625 0.29296875 0.04921875 0.0609375
3 0.90625 0.74296875 0.046875 0.07421875
3 0.94375 0.83046875 0.0453125 0.1328125
2 0.13359375 0.803125 0.07265625 0.04765625
2 0.04765625 0.79765625 0.06953125 0.071875
2 0.1265625 0.8609375 0.0421875 0.0671875
2 0.11875 0.91328125 0.040625 0.0609375
2 0.0921875 0.978125 0.05625 0.04375
2 0.603125 0.35390625 0.05390625 0.05625
2 0.53828125 0.0796875 0.03203125 0.0515625
2 0.5015625 0.06328125 0.04375 0.0453125
2 0.54609375 0.02265625 0.0453125 0.0453125
2 0.68671875 0.07109375 0.0171875 0.06953125