1 0.8578125 0.48984375 0.059375 0.071875
1 0.8015625 0.33125 0.04375 0.05625
1 0.61875 0.4625 0.0625 0.06328125
1 0.478125 0.31015625 0.0609375 0.08984375
1 0.434375 0.57890625 0.046875 0.07421875
1 0.759375 0.81640625 0.05078125 0.0875
1 0.15625 0.15859375 0.05703125 0.0609375
1 0.915625 0.0828125 0.059375 0.071875
1 0.621875 0.028125 0.05234375 0.05625
1 0.06484375 0.17265625 0.05078125 0.0671875
1 0.028125 0.153125 0.03671875 0.071875
1 0.1546875 0.05390625 0.05390625 0.05859375
3 0.14765625 0.5375 0.03359375 0.12109375
0 0.9453125 0.371875 0.03359375 0.1375
0 0.42109375 0.390625 0.05390625 0.08984375
2 0.421875 0.2203125 0.04921875 0.08125
2 0.37421875 0.171875 0.059375 0.07890625
0 0.64296875 0.22890625 0.05078125 0.0765625
2 0.64453125 0.09765625 0.05546875 0.0875
2 0.21953125 0.6109375 0.059375 0.0765625
2 0.60078125 0.5953125 0.07109375 0.05859375
2 0.528125 0.52734375 0.0390625 0.1015625
2 0.309375 0.13515625 0.05390625 0.071875
2 0.26640625 0.140625 0.03515625 0.05625
2 0.25625 0.4328125 0.03203125 0.07890625
2 0.3328125 0.48984375 0.040625 0.05390625
2 0.33359375 0.640625 0.04921875 0.09453125
2 0.03671875 0.6546875 0.0734375 0.07421875
2 0.20390625 0.75625 0.0796875 0.07421875
2 0.16171875 0.665625 0.05546875 0.071875
2 0.34921875 0.8515625 0.0453125 0.05859375
2 0.6890625 0.66875 0.05703125 0.07421875
2 0.81328125 0.62890625 0.046875 0.071875
2 0.9515625 0.72890625 0.05390625 0.04296875
2 0.9859375 0.9078125 0.028125 0.0671875
2 0.54375 0.871875 0.0640625 0.0453125
2 0.22890625 0.52734375 0.05390625 0.0515625
2 0.10546875 0.840625 0.03671875 0.12578125
2 0.21484375 0.89765625 0.04375 0.065625
2 0.028125 0.83671875 0.040625 0.05625
2 0.06015625 0.953125 0.04375 0.06328125
2 0.1046875 0.93671875 0.02890625 0.05859375
2 0.29140625 0.5828125 0.03671875 0.065625
2 0.78671875 0.49453125 0.04375 0.0671875
2 0.796875 0.7 0.040625 0.07890625
2 0.5953125 0.940625 0.0390625 0.07421875
2 0.61640625 0.91875 0.040625 0.0765625
2 0.74765625 0.7109375 0.03671875 0.08359375
2 0.59296875 0.65625 0.05390625 0.08515625
2 0.62109375 0.74296875 0.040625 0.07421875
2 0.6578125 0.784375 0.03515625 0.08125
2 0.70078125 0.8078125 0.05078125 0.08359375
2 0.65078125 0.86328125 0.05234375 0.0765625
2 0.40234375 0.67734375 0.046875 0.0515625
2 0.32109375 0.79296875 0.040625 0.08125
2 0.42265625 0.74921875 0.05078125 0.0875
2 0.56484375 0.77109375 0.02578125 0.08515625
2 0.45625 0.78046875 0.046875 0.065625
2 0.3578125 0.74609375 0.05234375 0.05390625
2 0.55703125 0.30234375 0.03046875 0.0515625
4 0.21875 0.16875 0.03359375 0.0671875
2 0.4734375 0.96484375 0.05234375 0.06953125
3 0.53828125 0.9640625 0.07578125 0.05859375
2 0.43125 0.91875 0.05390625 0.05390625
2 0.91875 0.8890625 0.03203125 0.0921875
1 0.71484375 0.3203125 0.03515625 0.065625
1 0.62890625 0.346875 0.0453125 0.07421875
1 0.57265625 0.15390625 0.04375 0.06953125
1 0.50390625 0.1234375 0.04921875 0.05859375
1 0.56796875 0.10703125 0.03203125 0.04296875
1 0.73984375 0.29296875 0.04921875 0.0609375
3 0.09375 0.74296875 0.046875 0.07421875
3 0.05625 0.83046875 0.0453125 0.1328125
2 0.86640625 0.803125 0.07265625 0.04765625
2 0.95234375 0.79765625 0.06953125 0.071875
2 0.8734375 0.8609375 0.0421875 0.0671875
2 0.88125 0.91328125 0.040625 0.0609375
2 0.9078125 0.978125 0.05625 0.04375
2 0.396875 0.35390625 0.05390625 0.05625
2 0.46171875 0.0796875 0.03203125 0.0515625
2 0.4984375 0.06328125 0.04375 0.0453125
2 0.45390625 0.02265625 0.0453125 0.0453125
2 0.31328125 0.07109375 0.0171875 0.06953125