1 0.71875 0.740625 0.05078125 0.07421875
1 0.62421875 0.79765625 0.0453125 0.0671875
1 0.54453125 0.68125 0.0390625 0.05859375
1 0.38515625 0.540625 0.05078125 0.0515625
1 0.45390625 0.29296875 0.0625 0.0609375
1 0.29921875 0.18515625 0.0609375 0.0609375
1 0.128125 0.2 0.05234375 0.09921875
1 0.79921875 0.27109375 0.065625 0.065625
1 0.86640625 0.684375 0.059375 0.065625
1 0.82265625 0.67109375 0.0453125 0.04765625
1 0.60703125 0.859375 0.06953125 0.0609375
1 0.371875 0.83125 0.03359375 0.05390625
1 0.58671875 0.73125 0.05546875 0.0609375
1 0.62109375 0.696875 0.04375 0.05859375
1 0.84296875 0.38203125 0.05546875 0.06328125
1 0.87578125 0.32109375 0.05390625 0.06328125
1 0.790625 0.3828125 0.0421875 0.065625
1 0.76171875 0.15703125 0.059375 0.06328125
1 0.8625 0.159375 0.0640625 0.05859375
1 0.7484375 0.04375 0.059375 0.065625
1 0.42734375 0.025 0.07734375 0.04921875
1 0.47109375 0.384375 0.04375 0.0765625
1 0.6203125 0.4125 0.04921875 0.0609375
1 0.309375 0.66328125 0.07109375 0.05859375
1 0.3203125 0.7625 0.05234375 0.06953125
4 0.88203125 0.4234375 0.059375 0.0609375
4 0.26953125 0.7234375 0.07734375 0.05859375
1 0.40546875 0.2640625 0.05703125 0.05625
1 0.0703125 0.390625 0.05078125 0.06328125
1 0.503125 0.09921875 0.05390625 0.0765625
1 0.0421875 0.80546875 0.0625 0.0609375
1 0.1078125 0.07421875 0.05234375 0.06328125
1 0.475 0.16953125 0.05078125 0.065625
1 0.521875 0.30703125 0.04375 0.04765625
3 0.46015625 0.93359375 0.0625 0.08359375
3 0.059375 0.86171875 0.0828125 0.04765625
3 0.22421875 0.43125 0.0625 0.05859375
3 0.66484375 0.2 0.03046875 0.0671875
0 0.63671875 0.603125 0.05703125 0.07890625
0 0.3515625 0.20234375 0.0609375 0.09921875
3 0.12265625 0.26875 0.046875 0.07890625
2 0.20390625 0.19453125 0.0796875 0.0515625
2 0.5125 0.86953125 0.065625 0.071875
2 0.98671875 0.34609375 0.0265625 0.0765625
2 0.884375 0.23046875 0.05703125 0.05625
2 0.94296875 0.3359375 0.03671875 0.065625
2 0.9140625 0.296875 0.0390625 0.071875
2 0.15390625 0.97265625 0.0796875 0.0453125
2 0.05234375 0.95703125 0.065625 0.071875
2 0.178125 0.92265625 0.0640625 0.0515625
2 0.1859375 0.8484375 0.059375 0.065625
2 0.0953125 0.79296875 0.05703125 0.06328125
2 0.115625 0.8203125 0.040625 0.05390625
2 0.1921875 0.746875 0.0390625 0.065625
2 0.203125 0.79296875 0.0671875 0.04921875
2 0.309375 0.8453125 0.0609375 0.0671875
4 0.6734375 0.459375 0.07734375 0.0921875
2 0.525 0.575 0.05390625 0.08515625
2 0.11640625 0.47890625 0.0828125 0.0765625
3 0.06171875 0.67890625 0.08125 0.02734375
3 0.0703125 0.6515625 0.05390625 0.03125
0 0.29375 0.32265625 0.0625 0.04765625
0 0.6828125 0.79765625 0.03515625 0.071875
2 0.70625 0.96171875 0.05234375 0.05859375
2 0.5265625 0.78671875 0.0421875 0.05390625
2 0.76953125 0.93046875 0.03671875 0.02734375
2 0.44375 0.81484375 0.0390625 0.06953125
2 0.36328125 0.59296875 0.0671875 0.08515625
2 0.29921875 0.525 0.05703125 0.0609375
2 0.834375 0.5390625 0.065625 0.0453125
2 0.45390625 0.5359375 0.0453125 0.1328125
2 0.4234375 0.72265625 0.03515625 0.03359375
2 0.36484375 0.70703125 0.02734375 0.07421875
2 0.1234375 0.615625 0.02890625 0.04921875
2 0.159375 0.46640625 0.03046875 0.10546875
2 0.1671875 0.3640625 0.05546875 0.05390625
2 0.22890625 0.30546875 0.01328125 0.040625
2 0.2671875 0.13515625 0.046875 0.06328125
2 0.653125 0.29453125 0.05078125 0.06328125
2 0.6 0.36953125 0.0421875 0.0609375
2 0.60625 0.3078125 0.05703125 0.04921875
2 0.53203125 0.259375 0.046875 0.06953125
2 0.55859375 0.1890625 0.05234375 0.05859375
2 0.63828125 0.0640625 0.08125 0.07421875
2 0.70078125 0.1046875 0.046875 0.0609375
2 0.98515625 0.68671875 0.0296875 0.0921875
2 0.91640625 0.96875 0.0515625 0.0625
2 0.81484375 0.97421875 0.0671875 0.0515625
2 0.8328125 0.8765625 0.0625 0.05390625
2 0.7921875 0.83125 0.0453125 0.071875
2 0.33984375 0.90859375 0.046875 0.04765625
2 0.24609375 0.96640625 0.0453125 0.0671875
2 0.29296875 0.959375 0.04375 0.0453125
2 0.0125 0.54140625 0.025 0.05859375
2 0.50859375 0.396875 0.05390625 0.06953125
2 0.8109375 0.08125 0.0390625 0.02734375
2 0.81015625 0.021875 0.0453125 0.04375
2 0.74609375 0.496875 0.05078125 0.0671875
2 0.73203125 0.57109375 0.04921875 0.0671875
2 0.7796875 0.57890625 0.05078125 0.065625
2 0.48359375 0.665625 0.03203125 0.04921875
3 0.44375 0.68125 0.0453125 0.02265625
3 0.17890625 0.665625 0.03515625 0.06328125
3 0.6625 0.253125 0.0625 0.0609375
0 0.26640625 0.40859375 0.03515625 0.08125
2 0.053125 0.53828125 0.090625 0.07421875
2 0.7171875 0.325 0.05390625 0.05625