1 0.28125 0.740625 0.05078125 0.07421875
1 0.37578125 0.79765625 0.0453125 0.0671875
1 0.45546875 0.68125 0.0390625 0.05859375
1 0.61484375 0.540625 0.05078125 0.0515625
1 0.54609375 0.29296875 0.0625 0.0609375
1 0.70078125 0.18515625 0.0609375 0.0609375
1 0.871875 0.2 0.05234375 0.09921875
1 0.20078125 0.27109375 0.065625 0.065625
1 0.13359375 0.684375 0.059375 0.065625
1 0.17734375 0.67109375 0.0453125 0.04765625
1 0.39296875 0.859375 0.06953125 0.0609375
1 0.628125 0.83125 0.03359375 0.05390625
1 0.41328125 0.73125 0.05546875 0.0609375
1 0.37890625 0.696875 0.04375 0.05859375
1 0.15703125 0.38203125 0.05546875 0.06328125
1 0.12421875 0.32109375 0.05390625 0.06328125
1 0.209375 0.3828125 0.0421875 0.065625
1 0.23828125 0.15703125 0.059375 0.06328125
1 0.1375 0.159375 0.0640625 0.05859375
1 0.2515625 0.04375 0.059375 0.065625
1 0.57265625 0.025 0.07734375 0.04921875
1 0.52890625 0.384375 0.04375 0.0765625
1 0.3796875 0.4125 0.04921875 0.0609375
1 0.690625 0.66328125 0.07109375 0.05859375
1 0.6796875 0.7625 0.05234375 0.06953125
4 0.11796875 0.4234375 0.059375 0.0609375
4 0.73046875 0.7234375 0.07734375 0.05859375
1 0.59453125 0.2640625 0.05703125 0.05625
1 0.9296875 0.390625 0.05078125 0.06328125
1 0.496875 0.09921875 0.05390625 0.0765625
1 0.9578125 0.80546875 0.0625 0.0609375
1 0.8921875 0.07421875 0.05234375 0.06328125
1 0.525 0.16953125 0.05078125 0.065625
1 0.478125 0.30703125 0.04375 0.04765625
3 0.53984375 0.93359375 0.0625 0.08359375
3 0.940625 0.86171875 0.0828125 0.04765625
3 0.77578125 0.43125 0.0625 0.05859375
3 0.33515625 0.2 0.03046875 0.0671875
0 0.36328125 0.603125 0.05703125 0.07890625
0 0.6484375 0.20234375 0.0609375 0.09921875
3 0.87734375 0.26875 0.046875 0.07890625
2 0.79609375 0.19453125 0.0796875 0.0515625
2 0.4875 0.86953125 0.065625 0.071875
2 0.01328125 0.34609375 0.0265625 0.0765625
2 0.115625 0.23046875 0.05703125 0.05625
2 0.05703125 0.3359375 0.03671875 0.065625
2 0.0859375 0.296875 0.0390625 0.071875
2 0.84609375 0.97265625 0.0796875 0.0453125
2 0.94765625 0.95703125 0.065625 0.071875
2 0.821875 0.92265625 0.0640625 0.0515625
2 0.8140625 0.8484375 0.059375 0.065625
2 0.9046875 0.79296875 0.05703125 0.06328125
2 0.884375 0.8203125 0.040625 0.05390625
2 0.8078125 0.746875 0.0390625 0.065625
2 0.796875 0.79296875 0.0671875 0.04921875
2 0.690625 0.8453125 0.0609375 0.0671875
4 0.3265625 0.459375 0.07734375 0.0921875
2 0.475 0.575 0.05390625 0.08515625
2 0.88359375 0.47890625 0.0828125 0.0765625
3 0.93828125 0.67890625 0.08125 0.02734375
3 0.9296875 0.6515625 0.05390625 0.03125
0 0.70625 0.32265625 0.0625 0.04765625
0 0.3171875 0.79765625 0.03515625 0.071875
2 0.29375 0.96171875 0.05234375 0.05859375
2 0.4734375 0.78671875 0.0421875 0.05390625
2 0.23046875 0.93046875 0.03671875 0.02734375
2 0.55625 0.81484375 0.0390625 0.06953125
2 0.63671875 0.59296875 0.0671875 0.08515625
2 0.70078125 0.525 0.05703125 0.0609375
2 0.165625 0.5390625 0.065625 0.0453125
2 0.54609375 0.5359375 0.0453125 0.1328125
2 0.5765625 0.72265625 0.03515625 0.03359375
2 0.63515625 0.70703125 0.02734375 0.07421875
2 0.8765625 0.615625 0.02890625 0.04921875
2 0.840625 0.46640625 0.03046875 0.10546875
2 0.8328125 0.3640625 0.05546875 0.05390625
2 0.77109375 0.30546875 0.01328125 0.040625
2 0.7328125 0.13515625 0.046875 0.06328125
2 0.346875 0.29453125 0.05078125 0.06328125
2 0.4 0.36953125 0.0421875 0.0609375
2 0.39375 0.3078125 0.05703125 0.04921875
2 0.46796875 0.259375 0.046875 0.06953125
2 0.44140625 0.1890625 0.05234375 0.05859375
2 0.36171875 0.0640625 0.08125 0.07421875
2 0.29921875 0.1046875 0.046875 0.0609375
2 0.01484375 0.68671875 0.0296875 0.0921875
2 0.08359375 0.96875 0.0515625 0.0625
2 0.18515625 0.97421875 0.0671875 0.0515625
2 0.1671875 0.8765625 0.0625 0.05390625
2 0.2078125 0.83125 0.0453125 0.071875
2 0.66015625 0.90859375 0.046875 0.04765625
2 0.75390625 0.96640625 0.0453125 0.0671875
2 0.70703125 0.959375 0.04375 0.0453125
2 0.9875 0.54140625 0.025 0.05859375
2 0.49140625 0.396875 0.05390625 0.06953125
2 0.1890625 0.08125 0.0390625 0.02734375
2 0.18984375 0.021875 0.0453125 0.04375
2 0.25390625 0.496875 0.05078125 0.0671875
2 0.26796875 0.57109375 0.04921875 0.0671875
2 0.2203125 0.57890625 0.05078125 0.065625
2 0.51640625 0.665625 0.03203125 0.04921875
3 0.55625 0.68125 0.0453125 0.02265625
3 0.82109375 0.665625 0.03515625 0.06328125
3 0.3375 0.253125 0.0625 0.0609375
0 0.73359375 0.40859375 0.03515625 0.08125
2 0.946875 0.53828125 0.090625 0.07421875
2 0.2828125 0.325 0.05390625 0.05625