1 0.7015625 0.19453125 0.065625 0.065625
1 0.5828125 0.10546875 0.05703125 0.0671875
1 0.671875 0.12265625 0.0609375 0.08359375
1 0.52265625 0.24453125 0.05234375 0.06328125
1 0.325 0.04140625 0.05078125 0.065625
1 0.28203125 0.06953125 0.0453125 0.071875
1 0.26953125 0.17265625 0.05234375 0.071875
1 0.4828125 0.05078125 0.0609375 0.0609375
1 0.6390625 0.01796875 0.0625 0.0359375
1 0.56875 0.4640625 0.040625 0.06953125
1 0.4578125 0.49296875 0.0640625 0.065625
1 0.03359375 0.603125 0.06640625 0.0921875
1 0.1578125 0.29140625 0.046875 0.0921875
1 0.3171875 0.871875 0.05234375 0.0671875
1 0.2953125 0.659375 0.0421875 0.07890625
1 0.29375 0.52734375 0.0625 0.04296875
1 0.1359375 0.03828125 0.046875 0.071875
1 0.8578125 0.96015625 0.05625 0.0796875
1 0.7109375 0.61796875 0.0640625 0.0765625
1 0.0765625 0.059375 0.040625 0.07421875
1 0.2421875 0.28515625 0.0640625 0.0671875
1 0.2625 0.23046875 0.0609375 0.0515625
1 0.65234375 0.175 0.05546875 0.05390625
1 0.8859375 0.23828125 0.05078125 0.071875
1 0.34765625 0.08984375 0.05546875 0.0671875
1 0.0953125 0.31015625 0.0671875 0.06328125
1 0.0328125 0.6796875 0.0640625 0.0609375
1 0.0953125 0.496875 0.07421875 0.06328125
1 0.953125 0.6640625 0.046875 0.065625
1 0.93046875 0.77109375 0.04921875 0.06328125
1 0.5296875 0.190625 0.05234375 0.05390625
1 0.590625 0.29140625 0.07421875 0.06953125
2 0.765625 0.31640625 0.0625 0.05390625
2 0.19921875 0.06875 0.06953125 0.03828125
2 0.2171875 0.14609375 0.05703125 0.06328125
2 0.85234375 0.13515625 0.0640625 0.04921875
2 0.8328125 0.175 0.059375 0.0765625
2 0.93359375 0.12578125 0.06953125 0.0453125
2 0.9453125 0.0765625 0.04375 0.0453125
2 0.3828125 0.14921875 0.05546875 0.07421875
2 0.39375 0.21953125 0.05390625 0.04765625
2 0.53828125 0.58203125 0.0390625 0.0765625
2 0.49765625 0.715625 0.01875 0.08359375
2 0.83203125 0.8515625 0.09765625 0.040625
2 0.753125 0.665625 0.05390625 0.0765625
2 0.21171875 0.52109375 0.0609375 0.04921875
2 0.67109375 0.3484375 0.0453125 0.0765625
2 0.834375 0.29765625 0.059375 0.08359375
2 0.98046875 0.26796875 0.0390625 0.0796875
2 0.94375 0.503125 0.06953125 0.06328125
2 0.36953125 0.40078125 0.0625 0.04296875
2 0.22890625 0.6921875 0.0609375 0.071875
2 0.43203125 0.834375 0.07265625 0.0609375
2 0.04453125 0.79453125 0.04375 0.06953125
2 0.3046875 0.5890625 0.0609375 0.0671875
2 0.8078125 0.771875 0.05234375 0.05625
2 0.8109375 0.4171875 0.0859375 0.04296875
2 0.87265625 0.5109375 0.0671875 0.04765625
2 0.90234375 0.5828125 0.05546875 0.06953125
2 0.78046875 0.53515625 0.05234375 0.0453125
2 0.809375 0.63359375 0.03203125 0.08515625
2 0.8578125 0.71953125 0.03203125 0.0765625
2 0.875 0.67109375 0.0390625 0.06953125
2 0.89140625 0.69921875 0.05078125 0.071875
2 0.6265625 0.92578125 0.0671875 0.05390625
3 0.54296875 0.86640625 0.07578125 0.07421875
2 0.4171875 0.73515625 0.0609375 0.04921875
2 0.44921875 0.7234375 0.03671875 0.05859375
2 0.3875 0.575 0.0421875 0.05859375
2 0.48359375 0.559375 0.05234375 0.04921875
2 0.46328125 0.27890625 0.040625 0.0765625
2 0.6640625 0.5171875 0.0390625 0.0765625
2 0.80625 0.90234375 0.06953125 0.07890625
2 0.90625 0.8203125 0.0671875 0.06328125
2 0.471875 0.33828125 0.0453125 0.04296875
2 0.71875 0.053125 0.05078125 0.065625
2 0.81015625 0.0359375 0.05390625 0.05390625
2 0.8015625 0.08984375 0.05390625 0.0671875
2 0.7703125 0.82578125 0.0390625 0.04765625
2 0.80078125 0.4796875 0.05546875 0.04296875
2 0.43203125 0.43125 0.059375 0.04921875
3 0.0765625 0.90703125 0.03671875 0.07421875
3 0.28984375 0.47734375 0.04921875 0.1015625
3 0.75546875 0.775 0.0390625 0.06328125
3 0.36171875 0.653125 0.08125 0.03828125
1 0.534375 0.42109375 0.05234375 0.06953125
0 0.3421875 0.959375 0.06953125 0.040625
2 0.57109375 0.97421875 0.05078125 0.0515625
2 0.50234375 0.978125 0.0546875 0.04375
2 0.4765625 0.94375 0.0609375 0.03125
2 0.42265625 0.95078125 0.03671875 0.06328125
2 0.625 0.71015625 0.0640625 0.06328125
2 0.603125 0.64609375 0.05078125 0.04296875
2 0.58203125 0.6453125 0.059375 0.05859375
0 0.4359375 0.14375 0.07109375 0.0765625
2 0.39609375 0.28203125 0.065625 0.0609375
1 0.49296875 0.14375 0.05703125 0.05859375
0 0.6984375 0.49453125 0.0453125 0.0765625
0 0.93125 0.27421875 0.04375 0.0765625
0 0.9859375 0.37734375 0.028125 0.08984375
1 0.3671875 0.8953125 0.07109375 0.06953125
1 0.0296875 0.196875 0.05703125 0.04765625
1 0.6265625 0.471875 0.03671875 0.0765625