1 0.2984375 0.19453125 0.065625 0.065625
1 0.4171875 0.10546875 0.05703125 0.0671875
1 0.328125 0.12265625 0.0609375 0.08359375
1 0.47734375 0.24453125 0.05234375 0.06328125
1 0.675 0.04140625 0.05078125 0.065625
1 0.71796875 0.06953125 0.0453125 0.071875
1 0.73046875 0.17265625 0.05234375 0.071875
1 0.5171875 0.05078125 0.0609375 0.0609375
1 0.3609375 0.01796875 0.0625 0.0359375
1 0.43125 0.4640625 0.040625 0.06953125
1 0.5421875 0.49296875 0.0640625 0.065625
1 0.96640625 0.603125 0.06640625 0.0921875
1 0.8421875 0.29140625 0.046875 0.0921875
1 0.6828125 0.871875 0.05234375 0.0671875
1 0.7046875 0.659375 0.0421875 0.07890625
1 0.70625 0.52734375 0.0625 0.04296875
1 0.8640625 0.03828125 0.046875 0.071875
1 0.1421875 0.96015625 0.05625 0.0796875
1 0.2890625 0.61796875 0.0640625 0.0765625
1 0.9234375 0.059375 0.040625 0.07421875
1 0.7578125 0.28515625 0.0640625 0.0671875
1 0.7375 0.23046875 0.0609375 0.0515625
1 0.34765625 0.175 0.05546875 0.05390625
1 0.1140625 0.23828125 0.05078125 0.071875
1 0.65234375 0.08984375 0.05546875 0.0671875
1 0.9046875 0.31015625 0.0671875 0.06328125
1 0.9671875 0.6796875 0.0640625 0.0609375
1 0.9046875 0.496875 0.07421875 0.06328125
1 0.046875 0.6640625 0.046875 0.065625
1 0.06953125 0.77109375 0.04921875 0.06328125
1 0.4703125 0.190625 0.05234375 0.05390625
1 0.409375 0.29140625 0.07421875 0.06953125
2 0.234375 0.31640625 0.0625 0.05390625
2 0.80078125 0.06875 0.06953125 0.03828125
2 0.7828125 0.14609375 0.05703125 0.06328125
2 0.14765625 0.13515625 0.0640625 0.04921875
2 0.1671875 0.175 0.059375 0.0765625
2 0.06640625 0.12578125 0.06953125 0.0453125
2 0.0546875 0.0765625 0.04375 0.0453125
2 0.6171875 0.14921875 0.05546875 0.07421875
2 0.60625 0.21953125 0.05390625 0.04765625
2 0.46171875 0.58203125 0.0390625 0.0765625
2 0.50234375 0.715625 0.01875 0.08359375
2 0.16796875 0.8515625 0.09765625 0.040625
2 0.246875 0.665625 0.05390625 0.0765625
2 0.78828125 0.52109375 0.0609375 0.04921875
2 0.32890625 0.3484375 0.0453125 0.0765625
2 0.165625 0.29765625 0.059375 0.08359375
2 0.01953125 0.26796875 0.0390625 0.0796875
2 0.05625 0.503125 0.06953125 0.06328125
2 0.63046875 0.40078125 0.0625 0.04296875
2 0.77109375 0.6921875 0.0609375 0.071875
2 0.56796875 0.834375 0.07265625 0.0609375
2 0.95546875 0.79453125 0.04375 0.06953125
2 0.6953125 0.5890625 0.0609375 0.0671875
2 0.1921875 0.771875 0.05234375 0.05625
2 0.1890625 0.4171875 0.0859375 0.04296875
2 0.12734375 0.5109375 0.0671875 0.04765625
2 0.09765625 0.5828125 0.05546875 0.06953125
2 0.21953125 0.53515625 0.05234375 0.0453125
2 0.190625 0.63359375 0.03203125 0.08515625
2 0.1421875 0.71953125 0.03203125 0.0765625
2 0.125 0.67109375 0.0390625 0.06953125
2 0.10859375 0.69921875 0.05078125 0.071875
2 0.3734375 0.92578125 0.0671875 0.05390625
3 0.45703125 0.86640625 0.07578125 0.07421875
2 0.5828125 0.73515625 0.0609375 0.04921875
2 0.55078125 0.7234375 0.03671875 0.05859375
2 0.6125 0.575 0.0421875 0.05859375
2 0.51640625 0.559375 0.05234375 0.04921875
2 0.53671875 0.27890625 0.040625 0.0765625
2 0.3359375 0.5171875 0.0390625 0.0765625
2 0.19375 0.90234375 0.06953125 0.07890625
2 0.09375 0.8203125 0.0671875 0.06328125
2 0.528125 0.33828125 0.0453125 0.04296875
2 0.28125 0.053125 0.05078125 0.065625
2 0.18984375 0.0359375 0.05390625 0.05390625
2 0.1984375 0.08984375 0.05390625 0.0671875
2 0.2296875 0.82578125 0.0390625 0.04765625
2 0.19921875 0.4796875 0.05546875 0.04296875
2 0.56796875 0.43125 0.059375 0.04921875
3 0.9234375 0.90703125 0.03671875 0.07421875
3 0.71015625 0.47734375 0.04921875 0.1015625
3 0.24453125 0.775 0.0390625 0.06328125
3 0.63828125 0.653125 0.08125 0.03828125
1 0.465625 0.42109375 0.05234375 0.06953125
0 0.6578125 0.959375 0.06953125 0.040625
2 0.42890625 0.97421875 0.05078125 0.0515625
2 0.49765625 0.978125 0.0546875 0.04375
2 0.5234375 0.94375 0.0609375 0.03125
2 0.57734375 0.95078125 0.03671875 0.06328125
2 0.375 0.71015625 0.0640625 0.06328125
2 0.396875 0.64609375 0.05078125 0.04296875
2 0.41796875 0.6453125 0.059375 0.05859375
0 0.5640625 0.14375 0.07109375 0.0765625
2 0.60390625 0.28203125 0.065625 0.0609375
1 0.50703125 0.14375 0.05703125 0.05859375
0 0.3015625 0.49453125 0.0453125 0.0765625
0 0.06875 0.27421875 0.04375 0.0765625
0 0.0140625 0.37734375 0.028125 0.08984375
1 0.6328125 0.8953125 0.07109375 0.06953125
1 0.9703125 0.196875 0.05703125 0.04765625
1 0.3734375 0.471875 0.03671875 0.0765625