1 0.7015625 0.80546875 0.065625 0.065625
1 0.5828125 0.89453125 0.05703125 0.0671875
1 0.671875 0.87734375 0.0609375 0.08359375
1 0.52265625 0.75546875 0.05234375 0.06328125
1 0.325 0.95859375 0.05078125 0.065625
1 0.28203125 0.93046875 0.0453125 0.071875
1 0.26953125 0.82734375 0.05234375 0.071875
1 0.4828125 0.94921875 0.0609375 0.0609375
1 0.6390625 0.98203125 0.0625 0.0359375
1 0.56875 0.5359375 0.040625 0.06953125
1 0.4578125 0.50703125 0.0640625 0.065625
1 0.03359375 0.396875 0.06640625 0.0921875
1 0.1578125 0.70859375 0.046875 0.0921875
1 0.3171875 0.128125 0.05234375 0.0671875
1 0.2953125 0.340625 0.0421875 0.07890625
1 0.29375 0.47265625 0.0625 0.04296875
1 0.1359375 0.96171875 0.046875 0.071875
1 0.8578125 0.03984375 0.05625 0.0796875
1 0.7109375 0.38203125 0.0640625 0.0765625
1 0.0765625 0.940625 0.040625 0.07421875
1 0.2421875 0.71484375 0.0640625 0.0671875
1 0.2625 0.76953125 0.0609375 0.0515625
1 0.65234375 0.825 0.05546875 0.05390625
1 0.8859375 0.76171875 0.05078125 0.071875
1 0.34765625 0.91015625 0.05546875 0.0671875
1 0.0953125 0.68984375 0.0671875 0.06328125
1 0.0328125 0.3203125 0.0640625 0.0609375
1 0.0953125 0.503125 0.07421875 0.06328125
1 0.953125 0.3359375 0.046875 0.065625
1 0.93046875 0.22890625 0.04921875 0.06328125
1 0.5296875 0.809375 0.05234375 0.05390625
1 0.590625 0.70859375 0.07421875 0.06953125
2 0.765625 0.68359375 0.0625 0.05390625
2 0.19921875 0.93125 0.06953125 0.03828125
2 0.2171875 0.85390625 0.05703125 0.06328125
2 0.85234375 0.86484375 0.0640625 0.04921875
2 0.8328125 0.825 0.059375 0.0765625
2 0.93359375 0.87421875 0.06953125 0.0453125
2 0.9453125 0.9234375 0.04375 0.0453125
2 0.3828125 0.85078125 0.05546875 0.07421875
2 0.39375 0.78046875 0.05390625 0.04765625
2 0.53828125 0.41796875 0.0390625 0.0765625
2 0.49765625 0.284375 0.01875 0.08359375
2 0.83203125 0.1484375 0.09765625 0.040625
2 0.753125 0.334375 0.05390625 0.0765625
2 0.21171875 0.47890625 0.0609375 0.04921875
2 0.67109375 0.6515625 0.0453125 0.0765625
2 0.834375 0.70234375 0.059375 0.08359375
2 0.98046875 0.73203125 0.0390625 0.0796875
2 0.94375 0.496875 0.06953125 0.06328125
2 0.36953125 0.59921875 0.0625 0.04296875
2 0.22890625 0.3078125 0.0609375 0.071875
2 0.43203125 0.165625 0.07265625 0.0609375
2 0.04453125 0.20546875 0.04375 0.06953125
2 0.3046875 0.4109375 0.0609375 0.0671875
2 0.8078125 0.228125 0.05234375 0.05625
2 0.8109375 0.5828125 0.0859375 0.04296875
2 0.87265625 0.4890625 0.0671875 0.04765625
2 0.90234375 0.4171875 0.05546875 0.06953125
2 0.78046875 0.46484375 0.05234375 0.0453125
2 0.809375 0.36640625 0.03203125 0.08515625
2 0.8578125 0.28046875 0.03203125 0.0765625
2 0.875 0.32890625 0.0390625 0.06953125
2 0.89140625 0.30078125 0.05078125 0.071875
2 0.6265625 0.07421875 0.0671875 0.05390625
3 0.54296875 0.13359375 0.07578125 0.07421875
2 0.4171875 0.26484375 0.0609375 0.04921875
2 0.44921875 0.2765625 0.03671875 0.05859375
2 0.3875 0.425 0.0421875 0.05859375
2 0.48359375 0.440625 0.05234375 0.04921875
2 0.46328125 0.72109375 0.040625 0.0765625
2 0.6640625 0.4828125 0.0390625 0.0765625
2 0.80625 0.09765625 0.06953125 0.07890625
2 0.90625 0.1796875 0.0671875 0.06328125
2 0.471875 0.66171875 0.0453125 0.04296875
2 0.71875 0.946875 0.05078125 0.065625
2 0.81015625 0.9640625 0.05390625 0.05390625
2 0.8015625 0.91015625 0.05390625 0.0671875
2 0.7703125 0.17421875 0.0390625 0.04765625
2 0.80078125 0.5203125 0.05546875 0.04296875
2 0.43203125 0.56875 0.059375 0.04921875
3 0.0765625 0.09296875 0.03671875 0.07421875
3 0.28984375 0.52265625 0.04921875 0.1015625
3 0.75546875 0.225 0.0390625 0.06328125
3 0.36171875 0.346875 0.08125 0.03828125
1 0.534375 0.57890625 0.05234375 0.06953125
0 0.3421875 0.040625 0.06953125 0.040625
2 0.57109375 0.02578125 0.05078125 0.0515625
2 0.50234375 0.021875 0.0546875 0.04375
2 0.4765625 0.05625 0.0609375 0.03125
2 0.42265625 0.04921875 0.03671875 0.06328125
2 0.625 0.28984375 0.0640625 0.06328125
2 0.603125 0.35390625 0.05078125 0.04296875
2 0.58203125 0.3546875 0.059375 0.05859375
0 0.4359375 0.85625 0.07109375 0.0765625
2 0.39609375 0.71796875 0.065625 0.0609375
1 0.49296875 0.85625 0.05703125 0.05859375
0 0.6984375 0.50546875 0.0453125 0.0765625
0 0.93125 0.72578125 0.04375 0.0765625
0 0.9859375 0.62265625 0.028125 0.08984375
1 0.3671875 0.1046875 0.07109375 0.06953125
1 0.0296875 0.803125 0.05703125 0.04765625
1 0.6265625 0.528125 0.03671875 0.0765625