2 0.653125 0.32578125 0.07421875 0.08125
2 0.7265625 0.2171875 0.0796875 0.07890625
2 0.540625 0.1328125 0.05703125 0.05859375
2 0.16875 0.340625 0.04921875 0.06953125
2 0.21484375 0.33671875 0.0640625 0.06328125
2 0.2609375 0.16875 0.05703125 0.05859375
2 0.2546875 0.24453125 0.059375 0.071875
2 0.30859375 0.2875 0.05546875 0.0765625
2 0.325 0.37734375 0.05703125 0.071875
2 0.46328125 0.2796875 0.05390625 0.07890625
2 0.44140625 0.2078125 0.0390625 0.1015625
2 0.49609375 0.559375 0.07578125 0.08125
2 0.58984375 0.55625 0.05234375 0.07421875
2 0.58203125 0.63125 0.0625 0.06328125
2 0.11796875 0.74609375 0.0625 0.0765625
2 0.7828125 0.69921875 0.05390625 0.08125
2 0.72890625 0.68671875 0.05390625 0.08359375
2 0.775 0.28984375 0.0609375 0.05390625
2 0.365625 0.21484375 0.04921875 0.04765625
2 0.12734375 0.14296875 0.040625 0.07421875
2 0.06796875 0.13671875 0.0625 0.09921875
2 0.07578125 0.06328125 0.07578125 0.0671875
2 0.2359375 0.7875 0.0625 0.06953125
2 0.35546875 0.903125 0.07265625 0.1078125
2 0.63203125 0.834375 0.04921875 0.08359375
2 0.9140625 0.51328125 0.05234375 0.0875
2 0.98203125 0.559375 0.0359375 0.08125
2 0.9796875 0.6296875 0.040625 0.0875
2 0.88671875 0.96953125 0.059375 0.0609375
2 0.07578125 0.83125 0.0625 0.08125
2 0.028125 0.8765625 0.05625 0.084375
2 0.034375 0.7 0.0421875 0.06953125
2 0.11328125 0.3328125 0.065625 0.0765625
2 0.025 0.28984375 0.05 0.0765625
2 0.01484375 0.215625 0.0296875 0.08125
2 0.36015625 0.59140625 0.0671875 0.071875
2 0.31171875 0.6484375 0.07265625 0.06953125
2 0.24140625 0.96796875 0.0703125 0.0640625
2 0.490625 0.89453125 0.05234375 0.071875
2 0.8546875 0.20546875 0.05546875 0.08359375
2 0.85625 0.14375 0.0453125 0.071875
2 0.73984375 0.02578125 0.0453125 0.0515625
2 0.715625 0.53828125 0.0609375 0.07421875
2 0.51171875 0.46875 0.05703125 0.08359375
2 0.4984375 0.38125 0.046875 0.07890625
2 0.42578125 0.43046875 0.046875 0.065625
2 0.43515625 0.3453125 0.07265625 0.0875
2 0.58125 0.703125 0.04375 0.06328125
2 0.6765625 0.40078125 0.0671875 0.06953125
2 0.20390625 0.63671875 0.06953125 0.08359375
2 0.19921875 0.73515625 0.07578125 0.040625
2 0.02734375 0.61953125 0.0546875 0.0890625
3 0.82109375 0.0890625 0.0421875 0.11015625
3 0.84140625 0.27734375 0.05234375 0.128125
3 0.3515625 0.0796875 0.05078125 0.1015625
0 0.1484375 0.2046875 0.03203125 0.09453125
0 0.4015625 0.12578125 0.0390625 0.09921875
0 0.34296875 0.2640625 0.046875 0.096875
0 0.71484375 0.884375 0.04921875 0.096875
0 0.94296875 0.79765625 0.04375 0.08125
0 0.81640625 0.528125 0.03671875 0.08515625
0 0.43515625 0.7046875 0.065625 0.05625
0 0.40703125 0.67265625 0.04375 0.08359375
0 0.76796875 0.4171875 0.05390625 0.07890625
0 0.875 0.43359375 0.0859375 0.0359375
4 0.1765625 0.81484375 0.0609375 0.06953125
4 0.2765625 0.703125 0.04921875 0.08125
2 0.32421875 0.9625 0.05234375 0.07421875
2 0.940625 0.459375 0.0453125 0.1015625
2 0.9859375 0.7015625 0.028125 0.06328125
2 0.62578125 0.496875 0.05234375 0.0765625
2 0.409375 0.77109375 0.07421875 0.071875
2 0.41640625 0.925 0.05234375 0.05625
2 0.45859375 0.903125 0.04921875 0.09921875
0 0.52421875 0.63046875 0.07578125 0.0515625