2 0.653125 0.67421875 0.07421875 0.08125
2 0.7265625 0.7828125 0.0796875 0.07890625
2 0.540625 0.8671875 0.05703125 0.05859375
2 0.16875 0.659375 0.04921875 0.06953125
2 0.21484375 0.66328125 0.0640625 0.06328125
2 0.2609375 0.83125 0.05703125 0.05859375
2 0.2546875 0.75546875 0.059375 0.071875
2 0.30859375 0.7125 0.05546875 0.0765625
2 0.325 0.62265625 0.05703125 0.071875
2 0.46328125 0.7203125 0.05390625 0.07890625
2 0.44140625 0.7921875 0.0390625 0.1015625
2 0.49609375 0.440625 0.07578125 0.08125
2 0.58984375 0.44375 0.05234375 0.07421875
2 0.58203125 0.36875 0.0625 0.06328125
2 0.11796875 0.25390625 0.0625 0.0765625
2 0.7828125 0.30078125 0.05390625 0.08125
2 0.72890625 0.31328125 0.05390625 0.08359375
2 0.775 0.71015625 0.0609375 0.05390625
2 0.365625 0.78515625 0.04921875 0.04765625
2 0.12734375 0.85703125 0.040625 0.07421875
2 0.06796875 0.86328125 0.0625 0.09921875
2 0.07578125 0.93671875 0.07578125 0.0671875
2 0.2359375 0.2125 0.0625 0.06953125
2 0.35546875 0.096875 0.07265625 0.1078125
2 0.63203125 0.165625 0.04921875 0.08359375
2 0.9140625 0.48671875 0.05234375 0.0875
2 0.98203125 0.440625 0.0359375 0.08125
2 0.9796875 0.3703125 0.040625 0.0875
2 0.88671875 0.03046875 0.059375 0.0609375
2 0.07578125 0.16875 0.0625 0.08125
2 0.028125 0.1234375 0.05625 0.084375
2 0.034375 0.3 0.0421875 0.06953125
2 0.11328125 0.6671875 0.065625 0.0765625
2 0.025 0.71015625 0.05 0.0765625
2 0.01484375 0.784375 0.0296875 0.08125
2 0.36015625 0.40859375 0.0671875 0.071875
2 0.31171875 0.3515625 0.07265625 0.06953125
2 0.24140625 0.03203125 0.0703125 0.0640625
2 0.490625 0.10546875 0.05234375 0.071875
2 0.8546875 0.79453125 0.05546875 0.08359375
2 0.85625 0.85625 0.0453125 0.071875
2 0.73984375 0.97421875 0.0453125 0.0515625
2 0.715625 0.46171875 0.0609375 0.07421875
2 0.51171875 0.53125 0.05703125 0.08359375
2 0.4984375 0.61875 0.046875 0.07890625
2 0.42578125 0.56953125 0.046875 0.065625
2 0.43515625 0.6546875 0.07265625 0.0875
2 0.58125 0.296875 0.04375 0.06328125
2 0.6765625 0.59921875 0.0671875 0.06953125
2 0.20390625 0.36328125 0.06953125 0.08359375
2 0.19921875 0.26484375 0.07578125 0.040625
2 0.02734375 0.38046875 0.0546875 0.0890625
3 0.82109375 0.9109375 0.0421875 0.11015625
3 0.84140625 0.72265625 0.05234375 0.128125
3 0.3515625 0.9203125 0.05078125 0.1015625
0 0.1484375 0.7953125 0.03203125 0.09453125
0 0.4015625 0.87421875 0.0390625 0.09921875
0 0.34296875 0.7359375 0.046875 0.096875
0 0.71484375 0.115625 0.04921875 0.096875
0 0.94296875 0.20234375 0.04375 0.08125
0 0.81640625 0.471875 0.03671875 0.08515625
0 0.43515625 0.2953125 0.065625 0.05625
0 0.40703125 0.32734375 0.04375 0.08359375
0 0.76796875 0.5828125 0.05390625 0.07890625
0 0.875 0.56640625 0.0859375 0.0359375
4 0.1765625 0.18515625 0.0609375 0.06953125
4 0.2765625 0.296875 0.04921875 0.08125
2 0.32421875 0.0375 0.05234375 0.07421875
2 0.940625 0.540625 0.0453125 0.1015625
2 0.9859375 0.2984375 0.028125 0.06328125
2 0.62578125 0.503125 0.05234375 0.0765625
2 0.409375 0.22890625 0.07421875 0.071875
2 0.41640625 0.075 0.05234375 0.05625
2 0.45859375 0.096875 0.04921875 0.09921875
0 0.52421875 0.36953125 0.07578125 0.0515625