1 0.3359375 0.55625 0.07578125 0.07890625
1 0.45859375 0.7375 0.0859375 0.08515625
1 0.42109375 0.63828125 0.05703125 0.08984375
1 0.41484375 0.50546875 0.07265625 0.08984375
1 0.44140625 0.24609375 0.08125 0.08359375
1 0.69921875 0.1640625 0.07421875 0.08984375
1 0.190625 0.2375 0.05234375 0.08359375
1 0.77578125 0.35078125 0.06953125 0.08984375
1 0.73515625 0.33046875 0.07578125 0.071875
1 0.803125 0.54921875 0.05078125 0.07890625
1 0.81171875 0.625 0.07109375 0.0671875
1 0.865625 0.575 0.0640625 0.08125
1 0.946875 0.55859375 0.0671875 0.0921875
1 0.68515625 0.5515625 0.07421875 0.0875
1 0.378125 0.13828125 0.07265625 0.07890625
1 0.11484375 0.2234375 0.0625 0.08359375
1 0.0765625 0.51015625 0.0671875 0.071875
1 0.36328125 0.37109375 0.0609375 0.071875
1 0.828125 0.46953125 0.06953125 0.071875
1 0.7625 0.48203125 0.07734375 0.07421875
2 0.71796875 0.94921875 0.07578125 0.07421875
2 0.9671875 0.896875 0.065625 0.08984375
2 0.23359375 0.4984375 0.0671875 0.071875
2 0.2890625 0.05390625 0.0640625 0.09453125
2 0.5421875 0.309375 0.090625 0.1015625
2 0.61875 0.296875 0.065625 0.09453125
2 0.68203125 0.2828125 0.0609375 0.09453125
2 0.6296875 0.16875 0.05703125 0.08515625
2 0.61171875 0.03125 0.0515625 0.0625
2 0.65625 0.09140625 0.0453125 0.07890625
2 0.23984375 0.6765625 0.05546875 0.05859375
2 0.2140625 0.60703125 0.059375 0.0671875
2 0.371875 0.80078125 0.0609375 0.0875
2 0.6171875 0.47890625 0.0796875 0.08515625
2 0.48125 0.58515625 0.05703125 0.065625
2 0.9 0.50703125 0.04921875 0.1015625
2 0.75078125 0.67421875 0.05390625 0.08984375
2 0.625 0.609375 0.0640625 0.071875
2 0.68828125 0.6671875 0.04921875 0.08125
2 0.94140625 0.746875 0.0609375 0.0875
2 0.95546875 0.8109375 0.0609375 0.071875
2 0.16640625 0.40703125 0.0640625 0.09453125
2 0.86015625 0.1125 0.065625 0.08515625
2 0.090625 0.14375 0.046875 0.08984375
2 0.08671875 0.38125 0.0671875 0.0609375
2 0.0859375 0.44453125 0.06953125 0.0671875
2 0.15625 0.7609375 0.046875 0.06953125
2 0.221875 0.8796875 0.0609375 0.065625
2 0.61953125 0.7046875 0.0640625 0.04765625
2 0.278125 0.30234375 0.065625 0.0921875
2 0.29921875 0.22109375 0.084375 0.07421875
2 0.04453125 0.34609375 0.0609375 0.0765625
2 0.04140625 0.42109375 0.0609375 0.08359375
2 0.02578125 0.509375 0.0515625 0.0875
2 0.92734375 0.35703125 0.065625 0.08125
2 0.94921875 0.4109375 0.0390625 0.08515625
2 0.47109375 0.1390625 0.0671875 0.08984375
2 0.77578125 0.053125 0.059375 0.08359375
2 0.6203125 0.853125 0.07578125 0.065625
2 0.55859375 0.7984375 0.05546875 0.065625
2 0.56171875 0.896875 0.0453125 0.09453125
2 0.72578125 0.83828125 0.090625 0.06328125
2 0.9453125 0.97734375 0.0875 0.0453125
2 0.87890625 0.98203125 0.1078125 0.0359375
2 0.31015625 0.9046875 0.06953125 0.07890625
2 0.24375 0.31796875 0.0609375 0.07890625
2 0.15546875 0.31796875 0.06953125 0.10546875
2 0.10078125 0.7953125 0.0671875 0.06328125
2 0.06484375 0.91875 0.05703125 0.0671875
2 0.31953125 0.428125 0.0609375 0.08359375
2 0.90390625 0.0328125 0.07265625 0.0609375
2 0.09453125 0.03359375 0.10625 0.0671875
2 0.03984375 0.16875 0.05390625 0.08515625
2 0.01953125 0.246875 0.03828125 0.071875
2 0.453125 0.9546875 0.07421875 0.0671875
2 0.31484375 0.9671875 0.1109375 0.065625
2 0.5171875 0.86953125 0.05703125 0.0765625
2 0.97578125 0.14375 0.0484375 0.09921875
2 0.8203125 0.07109375 0.03671875 0.11015625
1 0.50390625 0.50546875 0.05546875 0.08515625
0 0.1453125 0.95703125 0.04921875 0.08515625
3 0.3 0.78046875 0.0453125 0.128125
0 0.3078125 0.15703125 0.07734375 0.05859375
0 0.7140625 0.046875 0.04375 0.09375
0 0.69296875 0.4546875 0.07578125 0.10546875
0 0.5890625 0.75390625 0.046875 0.0875
0 0.73203125 0.77109375 0.0796875 0.0671875
0 0.60703125 0.66640625 0.07578125 0.04296875
0 0.57734375 0.55703125 0.0671875 0.08515625
3 0.115625 0.9265625 0.0671875 0.07890625
3 0.18828125 0.76953125 0.03359375 0.07890625
1 0.1859375 0.071875 0.0671875 0.09453125
0 0.12265625 0.36484375 0.046875 0.096875
0 0.06875 0.29453125 0.05390625 0.09453125
0 0.3796875 0.93671875 0.03515625 0.1078125
3 0.625 0.93359375 0.05390625 0.08359375
0 0.209375 0.0484375 0.0390625 0.08359375
4 0.24140625 0.80546875 0.059375 0.08359375
2 0.21171875 0.696875 0.05703125 0.0671875
2 0.45859375 0.83671875 0.04765625 0.0875
2 0.9859375 0.31875 0.028125 0.0875
2 0.9828125 0.4015625 0.034375 0.06875
2 0.97734375 0.471875 0.0453125 0.0859375