1 0.6640625 0.55625 0.07578125 0.07890625
1 0.54140625 0.7375 0.0859375 0.08515625
1 0.57890625 0.63828125 0.05703125 0.08984375
1 0.58515625 0.50546875 0.07265625 0.08984375
1 0.55859375 0.24609375 0.08125 0.08359375
1 0.30078125 0.1640625 0.07421875 0.08984375
1 0.809375 0.2375 0.05234375 0.08359375
1 0.22421875 0.35078125 0.06953125 0.08984375
1 0.26484375 0.33046875 0.07578125 0.071875
1 0.196875 0.54921875 0.05078125 0.07890625
1 0.18828125 0.625 0.07109375 0.0671875
1 0.134375 0.575 0.0640625 0.08125
1 0.053125 0.55859375 0.0671875 0.0921875
1 0.31484375 0.5515625 0.07421875 0.0875
1 0.621875 0.13828125 0.07265625 0.07890625
1 0.88515625 0.2234375 0.0625 0.08359375
1 0.9234375 0.51015625 0.0671875 0.071875
1 0.63671875 0.37109375 0.0609375 0.071875
1 0.171875 0.46953125 0.06953125 0.071875
1 0.2375 0.48203125 0.07734375 0.07421875
2 0.28203125 0.94921875 0.07578125 0.07421875
2 0.0328125 0.896875 0.065625 0.08984375
2 0.76640625 0.4984375 0.0671875 0.071875
2 0.7109375 0.05390625 0.0640625 0.09453125
2 0.4578125 0.309375 0.090625 0.1015625
2 0.38125 0.296875 0.065625 0.09453125
2 0.31796875 0.2828125 0.0609375 0.09453125
2 0.3703125 0.16875 0.05703125 0.08515625
2 0.38828125 0.03125 0.0515625 0.0625
2 0.34375 0.09140625 0.0453125 0.07890625
2 0.76015625 0.6765625 0.05546875 0.05859375
2 0.7859375 0.60703125 0.059375 0.0671875
2 0.628125 0.80078125 0.0609375 0.0875
2 0.3828125 0.47890625 0.0796875 0.08515625
2 0.51875 0.58515625 0.05703125 0.065625
2 0.1 0.50703125 0.04921875 0.1015625
2 0.24921875 0.67421875 0.05390625 0.08984375
2 0.375 0.609375 0.0640625 0.071875
2 0.31171875 0.6671875 0.04921875 0.08125
2 0.05859375 0.746875 0.0609375 0.0875
2 0.04453125 0.8109375 0.0609375 0.071875
2 0.83359375 0.40703125 0.0640625 0.09453125
2 0.13984375 0.1125 0.065625 0.08515625
2 0.909375 0.14375 0.046875 0.08984375
2 0.91328125 0.38125 0.0671875 0.0609375
2 0.9140625 0.44453125 0.06953125 0.0671875
2 0.84375 0.7609375 0.046875 0.06953125
2 0.778125 0.8796875 0.0609375 0.065625
2 0.38046875 0.7046875 0.0640625 0.04765625
2 0.721875 0.30234375 0.065625 0.0921875
2 0.70078125 0.22109375 0.084375 0.07421875
2 0.95546875 0.34609375 0.0609375 0.0765625
2 0.95859375 0.42109375 0.0609375 0.08359375
2 0.97421875 0.509375 0.0515625 0.0875
2 0.07265625 0.35703125 0.065625 0.08125
2 0.05078125 0.4109375 0.0390625 0.08515625
2 0.52890625 0.1390625 0.0671875 0.08984375
2 0.22421875 0.053125 0.059375 0.08359375
2 0.3796875 0.853125 0.07578125 0.065625
2 0.44140625 0.7984375 0.05546875 0.065625
2 0.43828125 0.896875 0.0453125 0.09453125
2 0.27421875 0.83828125 0.090625 0.06328125
2 0.0546875 0.97734375 0.0875 0.0453125
2 0.12109375 0.98203125 0.1078125 0.0359375
2 0.68984375 0.9046875 0.06953125 0.07890625
2 0.75625 0.31796875 0.0609375 0.07890625
2 0.84453125 0.31796875 0.06953125 0.10546875
2 0.89921875 0.7953125 0.0671875 0.06328125
2 0.93515625 0.91875 0.05703125 0.0671875
2 0.68046875 0.428125 0.0609375 0.08359375
2 0.09609375 0.0328125 0.07265625 0.0609375
2 0.90546875 0.03359375 0.10625 0.0671875
2 0.96015625 0.16875 0.05390625 0.08515625
2 0.98046875 0.246875 0.03828125 0.071875
2 0.546875 0.9546875 0.07421875 0.0671875
2 0.68515625 0.9671875 0.1109375 0.065625
2 0.4828125 0.86953125 0.05703125 0.0765625
2 0.02421875 0.14375 0.0484375 0.09921875
2 0.1796875 0.07109375 0.03671875 0.11015625
1 0.49609375 0.50546875 0.05546875 0.08515625
0 0.8546875 0.95703125 0.04921875 0.08515625
3 0.7 0.78046875 0.0453125 0.128125
0 0.6921875 0.15703125 0.07734375 0.05859375
0 0.2859375 0.046875 0.04375 0.09375
0 0.30703125 0.4546875 0.07578125 0.10546875
0 0.4109375 0.75390625 0.046875 0.0875
0 0.26796875 0.77109375 0.0796875 0.0671875
0 0.39296875 0.66640625 0.07578125 0.04296875
0 0.42265625 0.55703125 0.0671875 0.08515625
3 0.884375 0.9265625 0.0671875 0.07890625
3 0.81171875 0.76953125 0.03359375 0.07890625
1 0.8140625 0.071875 0.0671875 0.09453125
0 0.87734375 0.36484375 0.046875 0.096875
0 0.93125 0.29453125 0.05390625 0.09453125
0 0.6203125 0.93671875 0.03515625 0.1078125
3 0.375 0.93359375 0.05390625 0.08359375
0 0.790625 0.0484375 0.0390625 0.08359375
4 0.75859375 0.80546875 0.059375 0.08359375
2 0.78828125 0.696875 0.05703125 0.0671875
2 0.54140625 0.83671875 0.04765625 0.0875
2 0.0140625 0.31875 0.028125 0.0875
2 0.0171875 0.4015625 0.034375 0.06875
2 0.02265625 0.471875 0.0453125 0.0859375