1 0.45625 0.13828125 0.0875 0.07890625
1 0.6609375 0.47421875 0.07265625 0.071875
1 0.73984375 0.16640625 0.06953125 0.08515625
1 0.49609375 0.43828125 0.07265625 0.08984375
1 0.28671875 0.7796875 0.07265625 0.08125
1 0.47109375 0.59453125 0.07109375 0.065625
1 0.26328125 0.34375 0.0421875 0.08125
1 0.1609375 0.4046875 0.05078125 0.09453125
1 0.14375 0.57421875 0.07578125 0.07421875
1 0.54140625 0.88984375 0.05546875 0.08515625
1 0.8703125 0.9109375 0.065625 0.08359375
1 0.97578125 0.39921875 0.0484375 0.065625
1 0.9234375 0.31015625 0.07109375 0.0765625
1 0.57421875 0.11328125 0.05078125 0.0921875
1 0.46484375 0.01953125 0.0609375 0.03828125
1 0.37890625 0.0203125 0.0640625 0.040625
1 0.525 0.37421875 0.0609375 0.07421875
1 0.85 0.053125 0.065625 0.10546875
1 0.4140625 0.63828125 0.05390625 0.09453125
1 0.25234375 0.25625 0.07109375 0.08515625
1 0.1203125 0.20859375 0.05546875 0.071875
1 0.25703125 0.596875 0.05703125 0.07890625
1 0.60546875 0.91015625 0.07578125 0.08984375
1 0.3703125 0.67265625 0.07734375 0.10546875
4 0.5421875 0.78515625 0.07421875 0.1015625
4 0.75234375 0.32734375 0.05546875 0.08359375
4 0.653125 0.18125 0.0640625 0.07890625
4 0.75546875 0.484375 0.07578125 0.08359375
4 0.3375 0.253125 0.059375 0.08359375
4 0.36875 0.815625 0.08125 0.08125
4 0.625 0.39296875 0.07109375 0.0765625
4 0.64453125 0.74375 0.0421875 0.0765625
2 0.809375 0.6921875 0.05546875 0.103125
2 0.92421875 0.584375 0.07578125 0.08515625
2 0.4375 0.2890625 0.0671875 0.0875
2 0.48984375 0.32734375 0.046875 0.0609375
2 0.53515625 0.309375 0.0609375 0.0875
2 0.6859375 0.32734375 0.06953125 0.096875
2 0.80234375 0.25546875 0.06953125 0.06953125
2 0.18828125 0.7046875 0.07734375 0.065625
2 0.153125 0.80703125 0.0875 0.08515625
2 0.2859375 0.18125 0.07734375 0.0609375
2 0.340625 0.1515625 0.0796875 0.0609375
2 0.534375 0.61015625 0.0421875 0.0921875
2 0.58984375 0.60546875 0.03515625 0.07890625
2 0.578125 0.68515625 0.059375 0.05859375
2 0.6359375 0.6796875 0.059375 0.08359375
2 0.971875 0.8328125 0.05625 0.08125
2 0.81328125 0.4484375 0.05703125 0.10546875
2 0.7796875 0.5484375 0.0609375 0.08984375
2 0.72734375 0.5640625 0.0875 0.08515625
2 0.71484375 0.63046875 0.059375 0.07890625
2 0.75390625 0.75390625 0.065625 0.07890625
2 0.8203125 0.81328125 0.046875 0.0671875
2 0.77890625 0.8515625 0.0625 0.05859375
2 0.39453125 0.34921875 0.0453125 0.06953125
2 0.075 0.1765625 0.0640625 0.0609375
2 0.11484375 0.2890625 0.059375 0.07890625
2 0.04921875 0.746875 0.065625 0.08359375
2 0.06171875 0.87109375 0.0671875 0.0921875
2 0.16328125 0.9671875 0.084375 0.065625
2 0.2109375 0.925 0.0625 0.08359375
2 0.31875 0.94296875 0.07265625 0.08359375
2 0.384375 0.9625 0.059375 0.07421875
2 0.33515625 0.90234375 0.0671875 0.065625
2 0.20390625 0.12265625 0.065625 0.07421875
2 0.43984375 0.471875 0.05234375 0.09453125
2 0.55859375 0.22890625 0.05234375 0.0765625
2 0.94921875 0.1109375 0.0453125 0.08359375
2 0.909375 0.19765625 0.04375 0.05859375
2 0.64453125 0.103125 0.0625 0.08984375
2 0.609375 0.0484375 0.05390625 0.08359375
2 0.57734375 0.0390625 0.05078125 0.0609375
2 0.03046875 0.67734375 0.059375 0.065625
2 0.5609375 0.48984375 0.046875 0.09453125
2 0.86484375 0.3453125 0.05546875 0.07421875
2 0.06328125 0.46875 0.0671875 0.08359375
2 0.04375 0.39453125 0.06953125 0.07890625
2 0.07109375 0.0875 0.059375 0.08125
2 0.053125 0.0359375 0.0671875 0.05390625
2 0.2375 0.03046875 0.07734375 0.0609375
2 0.61875 0.33359375 0.05234375 0.06953125
2 0.90625 0.7125 0.05078125 0.1171875
2 0.5234375 0.03515625 0.046875 0.06953125
3 0.76953125 0.08203125 0.046875 0.096875
1 0.28203125 0.5234375 0.0859375 0.08125
1 0.11875 0.46953125 0.04375 0.0671875
1 0.01640625 0.25625 0.0328125 0.071875
1 0.0609375 0.24375 0.0453125 0.1015625
1 0.121875 0.01796875 0.065625 0.0359375
2 0.12109375 0.08984375 0.04375 0.08515625
0 0.9375 0.4265625 0.03515625 0.103125
0 0.80078125 0.32734375 0.07265625 0.07890625
0 0.67265625 0.40859375 0.065625 0.0671875
0 0.39609375 0.396875 0.059375 0.06953125
0 0.08515625 0.375 0.040625 0.08515625
0 0.490625 0.75859375 0.06953125 0.096875
0 0.49921875 0.88125 0.04921875 0.1078125
0 0.0953125 0.7796875 0.040625 0.12578125
0 0.60703125 0.2125 0.0421875 0.1015625
0 0.3109375 0.0328125 0.04375 0.065625
0 0.1859375 0.16875 0.04921875 0.08125
1 0.20390625 0.22890625 0.07265625 0.071875
2 0.62265625 0.5765625 0.0671875 0.06953125
2 0.70625 0.728125 0.04921875 0.071875
2 0.521875 0.7046875 0.0640625 0.08359375
2 0.203125 0.59296875 0.0640625 0.09921875
2 0.65546875 0.83828125 0.05859375 0.05078125
2 0.68359375 0.93671875 0.05546875 0.0796875
2 0.5890625 0.96171875 0.09921875 0.0765625
1 0.90703125 0.034375 0.0609375 0.06875
1 0.9109375 0.86171875 0.06875 0.09375
2 0.8140625 0.89765625 0.0625 0.08359375
2 0.021875 0.84375 0.04375 0.096875
0 0.71640625 0.96953125 0.05078125 0.06015625