1 0.54375 0.86171875 0.0875 0.07890625
1 0.3390625 0.52578125 0.07265625 0.071875
1 0.26015625 0.83359375 0.06953125 0.08515625
1 0.50390625 0.56171875 0.07265625 0.08984375
1 0.71328125 0.2203125 0.07265625 0.08125
1 0.52890625 0.40546875 0.07109375 0.065625
1 0.73671875 0.65625 0.0421875 0.08125
1 0.8390625 0.5953125 0.05078125 0.09453125
1 0.85625 0.42578125 0.07578125 0.07421875
1 0.45859375 0.11015625 0.05546875 0.08515625
1 0.1296875 0.0890625 0.065625 0.08359375
1 0.02421875 0.60078125 0.0484375 0.065625
1 0.0765625 0.68984375 0.07109375 0.0765625
1 0.42578125 0.88671875 0.05078125 0.0921875
1 0.53515625 0.98046875 0.0609375 0.03828125
1 0.62109375 0.9796875 0.0640625 0.040625
1 0.475 0.62578125 0.0609375 0.07421875
1 0.15 0.946875 0.065625 0.10546875
1 0.5859375 0.36171875 0.05390625 0.09453125
1 0.74765625 0.74375 0.07109375 0.08515625
1 0.8796875 0.79140625 0.05546875 0.071875
1 0.74296875 0.403125 0.05703125 0.07890625
1 0.39453125 0.08984375 0.07578125 0.08984375
1 0.6296875 0.32734375 0.07734375 0.10546875
4 0.4578125 0.21484375 0.07421875 0.1015625
4 0.24765625 0.67265625 0.05546875 0.08359375
4 0.346875 0.81875 0.0640625 0.07890625
4 0.24453125 0.515625 0.07578125 0.08359375
4 0.6625 0.746875 0.059375 0.08359375
4 0.63125 0.184375 0.08125 0.08125
4 0.375 0.60703125 0.07109375 0.0765625
4 0.35546875 0.25625 0.0421875 0.0765625
2 0.190625 0.3078125 0.05546875 0.103125
2 0.07578125 0.415625 0.07578125 0.08515625
2 0.5625 0.7109375 0.0671875 0.0875
2 0.51015625 0.67265625 0.046875 0.0609375
2 0.46484375 0.690625 0.0609375 0.0875
2 0.3140625 0.67265625 0.06953125 0.096875
2 0.19765625 0.74453125 0.06953125 0.06953125
2 0.81171875 0.2953125 0.07734375 0.065625
2 0.846875 0.19296875 0.0875 0.08515625
2 0.7140625 0.81875 0.07734375 0.0609375
2 0.659375 0.8484375 0.0796875 0.0609375
2 0.465625 0.38984375 0.0421875 0.0921875
2 0.41015625 0.39453125 0.03515625 0.07890625
2 0.421875 0.31484375 0.059375 0.05859375
2 0.3640625 0.3203125 0.059375 0.08359375
2 0.028125 0.1671875 0.05625 0.08125
2 0.18671875 0.5515625 0.05703125 0.10546875
2 0.2203125 0.4515625 0.0609375 0.08984375
2 0.27265625 0.4359375 0.0875 0.08515625
2 0.28515625 0.36953125 0.059375 0.07890625
2 0.24609375 0.24609375 0.065625 0.07890625
2 0.1796875 0.18671875 0.046875 0.0671875
2 0.22109375 0.1484375 0.0625 0.05859375
2 0.60546875 0.65078125 0.0453125 0.06953125
2 0.925 0.8234375 0.0640625 0.0609375
2 0.88515625 0.7109375 0.059375 0.07890625
2 0.95078125 0.253125 0.065625 0.08359375
2 0.93828125 0.12890625 0.0671875 0.0921875
2 0.83671875 0.0328125 0.084375 0.065625
2 0.7890625 0.075 0.0625 0.08359375
2 0.68125 0.05703125 0.07265625 0.08359375
2 0.615625 0.0375 0.059375 0.07421875
2 0.66484375 0.09765625 0.0671875 0.065625
2 0.79609375 0.87734375 0.065625 0.07421875
2 0.56015625 0.528125 0.05234375 0.09453125
2 0.44140625 0.77109375 0.05234375 0.0765625
2 0.05078125 0.8890625 0.0453125 0.08359375
2 0.090625 0.80234375 0.04375 0.05859375
2 0.35546875 0.896875 0.0625 0.08984375
2 0.390625 0.9515625 0.05390625 0.08359375
2 0.42265625 0.9609375 0.05078125 0.0609375
2 0.96953125 0.32265625 0.059375 0.065625
2 0.4390625 0.51015625 0.046875 0.09453125
2 0.13515625 0.6546875 0.05546875 0.07421875
2 0.93671875 0.53125 0.0671875 0.08359375
2 0.95625 0.60546875 0.06953125 0.07890625
2 0.92890625 0.9125 0.059375 0.08125
2 0.946875 0.9640625 0.0671875 0.05390625
2 0.7625 0.96953125 0.07734375 0.0609375
2 0.38125 0.66640625 0.05234375 0.06953125
2 0.09375 0.2875 0.05078125 0.1171875
2 0.4765625 0.96484375 0.046875 0.06953125
3 0.23046875 0.91796875 0.046875 0.096875
1 0.71796875 0.4765625 0.0859375 0.08125
1 0.88125 0.53046875 0.04375 0.0671875
1 0.98359375 0.74375 0.0328125 0.071875
1 0.9390625 0.75625 0.0453125 0.1015625
1 0.878125 0.98203125 0.065625 0.0359375
2 0.87890625 0.91015625 0.04375 0.08515625
0 0.0625 0.5734375 0.03515625 0.103125
0 0.19921875 0.67265625 0.07265625 0.07890625
0 0.32734375 0.59140625 0.065625 0.0671875
0 0.60390625 0.603125 0.059375 0.06953125
0 0.91484375 0.625 0.040625 0.08515625
0 0.509375 0.24140625 0.06953125 0.096875
0 0.50078125 0.11875 0.04921875 0.1078125
0 0.9046875 0.2203125 0.040625 0.12578125
0 0.39296875 0.7875 0.0421875 0.1015625
0 0.6890625 0.9671875 0.04375 0.065625
0 0.8140625 0.83125 0.04921875 0.08125
1 0.79609375 0.77109375 0.07265625 0.071875
2 0.37734375 0.4234375 0.0671875 0.06953125
2 0.29375 0.271875 0.04921875 0.071875
2 0.478125 0.2953125 0.0640625 0.08359375
2 0.796875 0.40703125 0.0640625 0.09921875
2 0.34453125 0.16171875 0.05859375 0.05078125
2 0.31640625 0.06328125 0.05546875 0.0796875
2 0.4109375 0.03828125 0.09921875 0.0765625
1 0.09296875 0.965625 0.0609375 0.06875
1 0.0890625 0.13828125 0.06875 0.09375
2 0.1859375 0.10234375 0.0625 0.08359375
2 0.978125 0.15625 0.04375 0.096875
0 0.28359375 0.03046875 0.05078125 0.06015625