1 0.45625 0.86171875 0.0875 0.07890625
1 0.6609375 0.52578125 0.07265625 0.071875
1 0.73984375 0.83359375 0.06953125 0.08515625
1 0.49609375 0.56171875 0.07265625 0.08984375
1 0.28671875 0.2203125 0.07265625 0.08125
1 0.47109375 0.40546875 0.07109375 0.065625
1 0.26328125 0.65625 0.0421875 0.08125
1 0.1609375 0.5953125 0.05078125 0.09453125
1 0.14375 0.42578125 0.07578125 0.07421875
1 0.54140625 0.11015625 0.05546875 0.08515625
1 0.8703125 0.0890625 0.065625 0.08359375
1 0.97578125 0.60078125 0.0484375 0.065625
1 0.9234375 0.68984375 0.07109375 0.0765625
1 0.57421875 0.88671875 0.05078125 0.0921875
1 0.46484375 0.98046875 0.0609375 0.03828125
1 0.37890625 0.9796875 0.0640625 0.040625
1 0.525 0.62578125 0.0609375 0.07421875
1 0.85 0.946875 0.065625 0.10546875
1 0.4140625 0.36171875 0.05390625 0.09453125
1 0.25234375 0.74375 0.07109375 0.08515625
1 0.1203125 0.79140625 0.05546875 0.071875
1 0.25703125 0.403125 0.05703125 0.07890625
1 0.60546875 0.08984375 0.07578125 0.08984375
1 0.3703125 0.32734375 0.07734375 0.10546875
4 0.5421875 0.21484375 0.07421875 0.1015625
4 0.75234375 0.67265625 0.05546875 0.08359375
4 0.653125 0.81875 0.0640625 0.07890625
4 0.75546875 0.515625 0.07578125 0.08359375
4 0.3375 0.746875 0.059375 0.08359375
4 0.36875 0.184375 0.08125 0.08125
4 0.625 0.60703125 0.07109375 0.0765625
4 0.64453125 0.25625 0.0421875 0.0765625
2 0.809375 0.3078125 0.05546875 0.103125
2 0.92421875 0.415625 0.07578125 0.08515625
2 0.4375 0.7109375 0.0671875 0.0875
2 0.48984375 0.67265625 0.046875 0.0609375
2 0.53515625 0.690625 0.0609375 0.0875
2 0.6859375 0.67265625 0.06953125 0.096875
2 0.80234375 0.74453125 0.06953125 0.06953125
2 0.18828125 0.2953125 0.07734375 0.065625
2 0.153125 0.19296875 0.0875 0.08515625
2 0.2859375 0.81875 0.07734375 0.0609375
2 0.340625 0.8484375 0.0796875 0.0609375
2 0.534375 0.38984375 0.0421875 0.0921875
2 0.58984375 0.39453125 0.03515625 0.07890625
2 0.578125 0.31484375 0.059375 0.05859375
2 0.6359375 0.3203125 0.059375 0.08359375
2 0.971875 0.1671875 0.05625 0.08125
2 0.81328125 0.5515625 0.05703125 0.10546875
2 0.7796875 0.4515625 0.0609375 0.08984375
2 0.72734375 0.4359375 0.0875 0.08515625
2 0.71484375 0.36953125 0.059375 0.07890625
2 0.75390625 0.24609375 0.065625 0.07890625
2 0.8203125 0.18671875 0.046875 0.0671875
2 0.77890625 0.1484375 0.0625 0.05859375
2 0.39453125 0.65078125 0.0453125 0.06953125
2 0.075 0.8234375 0.0640625 0.0609375
2 0.11484375 0.7109375 0.059375 0.07890625
2 0.04921875 0.253125 0.065625 0.08359375
2 0.06171875 0.12890625 0.0671875 0.0921875
2 0.16328125 0.0328125 0.084375 0.065625
2 0.2109375 0.075 0.0625 0.08359375
2 0.31875 0.05703125 0.07265625 0.08359375
2 0.384375 0.0375 0.059375 0.07421875
2 0.33515625 0.09765625 0.0671875 0.065625
2 0.20390625 0.87734375 0.065625 0.07421875
2 0.43984375 0.528125 0.05234375 0.09453125
2 0.55859375 0.77109375 0.05234375 0.0765625
2 0.94921875 0.8890625 0.0453125 0.08359375
2 0.909375 0.80234375 0.04375 0.05859375
2 0.64453125 0.896875 0.0625 0.08984375
2 0.609375 0.9515625 0.05390625 0.08359375
2 0.57734375 0.9609375 0.05078125 0.0609375
2 0.03046875 0.32265625 0.059375 0.065625
2 0.5609375 0.51015625 0.046875 0.09453125
2 0.86484375 0.6546875 0.05546875 0.07421875
2 0.06328125 0.53125 0.0671875 0.08359375
2 0.04375 0.60546875 0.06953125 0.07890625
2 0.07109375 0.9125 0.059375 0.08125
2 0.053125 0.9640625 0.0671875 0.05390625
2 0.2375 0.96953125 0.07734375 0.0609375
2 0.61875 0.66640625 0.05234375 0.06953125
2 0.90625 0.2875 0.05078125 0.1171875
2 0.5234375 0.96484375 0.046875 0.06953125
3 0.76953125 0.91796875 0.046875 0.096875
1 0.28203125 0.4765625 0.0859375 0.08125
1 0.11875 0.53046875 0.04375 0.0671875
1 0.01640625 0.74375 0.0328125 0.071875
1 0.0609375 0.75625 0.0453125 0.1015625
1 0.121875 0.98203125 0.065625 0.0359375
2 0.12109375 0.91015625 0.04375 0.08515625
0 0.9375 0.5734375 0.03515625 0.103125
0 0.80078125 0.67265625 0.07265625 0.07890625
0 0.67265625 0.59140625 0.065625 0.0671875
0 0.39609375 0.603125 0.059375 0.06953125
0 0.08515625 0.625 0.040625 0.08515625
0 0.490625 0.24140625 0.06953125 0.096875
0 0.49921875 0.11875 0.04921875 0.1078125
0 0.0953125 0.2203125 0.040625 0.12578125
0 0.60703125 0.7875 0.0421875 0.1015625
0 0.3109375 0.9671875 0.04375 0.065625
0 0.1859375 0.83125 0.04921875 0.08125
1 0.20390625 0.77109375 0.07265625 0.071875
2 0.62265625 0.4234375 0.0671875 0.06953125
2 0.70625 0.271875 0.04921875 0.071875
2 0.521875 0.2953125 0.0640625 0.08359375
2 0.203125 0.40703125 0.0640625 0.09921875
2 0.65546875 0.16171875 0.05859375 0.05078125
2 0.68359375 0.06328125 0.05546875 0.0796875
2 0.5890625 0.03828125 0.09921875 0.0765625
1 0.90703125 0.965625 0.0609375 0.06875
1 0.9109375 0.13828125 0.06875 0.09375
2 0.8140625 0.10234375 0.0625 0.08359375
2 0.021875 0.15625 0.04375 0.096875
0 0.71640625 0.03046875 0.05078125 0.06015625