1 0.14765625 0.86484375 0.07109375 0.0765625
1 0.43203125 0.896875 0.06953125 0.08984375
1 0.31796875 0.68125 0.0671875 0.08515625
1 0.3265625 0.58984375 0.05078125 0.07421875
1 0.328125 0.35625 0.0609375 0.06953125
1 0.3828125 0.31640625 0.05546875 0.0765625
1 0.45859375 0.3875 0.059375 0.08359375
1 0.62734375 0.50546875 0.07265625 0.103125
1 0.7359375 0.51953125 0.07109375 0.071875
1 0.7265625 0.42578125 0.0625 0.096875
1 0.75703125 0.853125 0.065625 0.08359375
1 0.5984375 0.96953125 0.0796875 0.0609375
1 0.571875 0.1203125 0.06953125 0.08359375
1 0.98125 0.6390625 0.0375 0.09375
1 0.97109375 0.33359375 0.0578125 0.0953125
1 0.9640625 0.25078125 0.0421875 0.07421875
1 0.96328125 0.1890625 0.05078125 0.0671875
1 0.46796875 0.671875 0.0609375 0.08125
1 0.075 0.61015625 0.07109375 0.07421875
1 0.8265625 0.88125 0.0640625 0.09921875
1 0.51484375 0.415625 0.05078125 0.0765625
1 0.60390625 0.3328125 0.059375 0.08515625
1 0.84140625 0.35078125 0.05546875 0.09921875
1 0.24609375 0.07109375 0.05546875 0.065625
1 0.65234375 0.75390625 0.0453125 0.0921875
1 0.02421875 0.80234375 0.0484375 0.09453125
1 0.06875 0.83125 0.05703125 0.08515625
1 0.8421875 0.45625 0.07109375 0.09921875
1 0.68125 0.5765625 0.0625 0.06953125
1 0.2859375 0.1921875 0.0671875 0.07421875
4 0.3890625 0.43671875 0.084375 0.0875
2 0.5828125 0.86328125 0.046875 0.0765625
2 0.9171875 0.8 0.0625 0.09453125
2 0.52734375 0.546875 0.08125 0.065625
2 0.45078125 0.60234375 0.07421875 0.0765625
2 0.7453125 0.17421875 0.059375 0.0875
2 0.6953125 0.0921875 0.0671875 0.05859375
2 0.85234375 0.14296875 0.046875 0.0609375
2 0.796875 0.1890625 0.03671875 0.071875
2 0.71328125 0.040625 0.07265625 0.08125
2 0.36171875 0.11015625 0.05703125 0.103125
2 0.053125 0.33359375 0.03671875 0.05625
2 0.046875 0.3921875 0.0671875 0.096875
2 0.2234375 0.51015625 0.07421875 0.08515625
2 0.2734375 0.59921875 0.05234375 0.06953125
2 0.27421875 0.52734375 0.05078125 0.07890625
2 0.29140625 0.9546875 0.0609375 0.0671875
2 0.3234375 0.8 0.05390625 0.071875
2 0.33828125 0.8796875 0.046875 0.0921875
2 0.72734375 0.6671875 0.046875 0.05859375
2 0.690625 0.64921875 0.046875 0.040625
2 0.846875 0.7390625 0.07109375 0.0765625
2 0.703125 0.81015625 0.05546875 0.06953125
2 0.83046875 0.0453125 0.0671875 0.08984375
2 0.1015625 0.7390625 0.065625 0.0765625
2 0.53671875 0.80546875 0.040625 0.065625
2 0.5484375 0.91484375 0.015625 0.0046875
2 0.48046875 0.8796875 0.04921875 0.065625
2 0.4015625 0.7640625 0.04921875 0.1171875
2 0.38203125 0.62734375 0.046875 0.08125
2 0.61015625 0.7890625 0.07265625 0.0671875
2 0.49609375 0.82734375 0.06953125 0.04921875
2 0.1359375 0.2359375 0.05703125 0.08984375
2 0.0765625 0.1328125 0.046875 0.09921875
2 0.22578125 0.26171875 0.07265625 0.08359375
2 0.5078125 0.2484375 0.059375 0.07890625
2 0.52890625 0.28671875 0.04375 0.08359375
2 0.90859375 0.1484375 0.05546875 0.0671875
2 0.62578125 0.03984375 0.0546875 0.0796875
2 0.47734375 0.04375 0.05546875 0.065625
2 0.215625 0.03359375 0.0625 0.0671875
2 0.16171875 0.0734375 0.04921875 0.096875
2 0.13828125 0.025 0.0390625 0.04921875
2 0.17109375 0.57734375 0.05703125 0.09921875
2 0.26640625 0.77734375 0.059375 0.071875
2 0.190625 0.82109375 0.0453125 0.07890625
2 0.52890625 0.88984375 0.0640625 0.08515625
2 0.66328125 0.975 0.040625 0.04921875
2 0.88515625 0.5109375 0.059375 0.04765625
2 0.76484375 0.72890625 0.04375 0.0609375
0 0.2515625 0.8640625 0.0859375 0.096875
0 0.8796875 0.58515625 0.0453125 0.096875
0 0.83359375 0.2203125 0.046875 0.1125
0 0.3421875 0.43828125 0.05234375 0.08515625
0 0.19609375 0.7328125 0.03203125 0.103125
0 0.4921875 0.746875 0.04921875 0.065625
0 0.81953125 0.59921875 0.03203125 0.11484375
0 0.0421875 0.69921875 0.059375 0.06328125
0 0.02421875 0.57734375 0.0390625 0.08125
0 0.6296875 0.6359375 0.0671875 0.103125
2 0.93984375 0.52265625 0.05703125 0.11484375
2 0.79921875 0.74921875 0.03515625 0.1015625
2 0.41875 0.54296875 0.04375 0.07421875
2 0.37890625 0.52578125 0.046875 0.04921875
2 0.55078125 0.0515625 0.05078125 0.0765625
2 0.92734375 0.37421875 0.04921875 0.065625
3 0.9140625 0.3203125 0.05234375 0.0875
3 0.5234375 0.47890625 0.0640625 0.0765625
3 0.77421875 0.4125 0.03515625 0.11484375
3 0.1484375 0.78046875 0.0859375 0.0515625
3 0.52890625 0.35078125 0.05390625 0.071875
4 0.55859375 0.446875 0.06953125 0.0671875