1 0.85234375 0.86484375 0.07109375 0.0765625
1 0.56796875 0.896875 0.06953125 0.08984375
1 0.68203125 0.68125 0.0671875 0.08515625
1 0.6734375 0.58984375 0.05078125 0.07421875
1 0.671875 0.35625 0.0609375 0.06953125
1 0.6171875 0.31640625 0.05546875 0.0765625
1 0.54140625 0.3875 0.059375 0.08359375
1 0.37265625 0.50546875 0.07265625 0.103125
1 0.2640625 0.51953125 0.07109375 0.071875
1 0.2734375 0.42578125 0.0625 0.096875
1 0.24296875 0.853125 0.065625 0.08359375
1 0.4015625 0.96953125 0.0796875 0.0609375
1 0.428125 0.1203125 0.06953125 0.08359375
1 0.01875 0.6390625 0.0375 0.09375
1 0.02890625 0.33359375 0.0578125 0.0953125
1 0.0359375 0.25078125 0.0421875 0.07421875
1 0.03671875 0.1890625 0.05078125 0.0671875
1 0.53203125 0.671875 0.0609375 0.08125
1 0.925 0.61015625 0.07109375 0.07421875
1 0.1734375 0.88125 0.0640625 0.09921875
1 0.48515625 0.415625 0.05078125 0.0765625
1 0.39609375 0.3328125 0.059375 0.08515625
1 0.15859375 0.35078125 0.05546875 0.09921875
1 0.75390625 0.07109375 0.05546875 0.065625
1 0.34765625 0.75390625 0.0453125 0.0921875
1 0.97578125 0.80234375 0.0484375 0.09453125
1 0.93125 0.83125 0.05703125 0.08515625
1 0.1578125 0.45625 0.07109375 0.09921875
1 0.31875 0.5765625 0.0625 0.06953125
1 0.7140625 0.1921875 0.0671875 0.07421875
4 0.6109375 0.43671875 0.084375 0.0875
2 0.4171875 0.86328125 0.046875 0.0765625
2 0.0828125 0.8 0.0625 0.09453125
2 0.47265625 0.546875 0.08125 0.065625
2 0.54921875 0.60234375 0.07421875 0.0765625
2 0.2546875 0.17421875 0.059375 0.0875
2 0.3046875 0.0921875 0.0671875 0.05859375
2 0.14765625 0.14296875 0.046875 0.0609375
2 0.203125 0.1890625 0.03671875 0.071875
2 0.28671875 0.040625 0.07265625 0.08125
2 0.63828125 0.11015625 0.05703125 0.103125
2 0.946875 0.33359375 0.03671875 0.05625
2 0.953125 0.3921875 0.0671875 0.096875
2 0.7765625 0.51015625 0.07421875 0.08515625
2 0.7265625 0.59921875 0.05234375 0.06953125
2 0.72578125 0.52734375 0.05078125 0.07890625
2 0.70859375 0.9546875 0.0609375 0.0671875
2 0.6765625 0.8 0.05390625 0.071875
2 0.66171875 0.8796875 0.046875 0.0921875
2 0.27265625 0.6671875 0.046875 0.05859375
2 0.309375 0.64921875 0.046875 0.040625
2 0.153125 0.7390625 0.07109375 0.0765625
2 0.296875 0.81015625 0.05546875 0.06953125
2 0.16953125 0.0453125 0.0671875 0.08984375
2 0.8984375 0.7390625 0.065625 0.0765625
2 0.46328125 0.80546875 0.040625 0.065625
2 0.4515625 0.91484375 0.015625 0.0046875
2 0.51953125 0.8796875 0.04921875 0.065625
2 0.5984375 0.7640625 0.04921875 0.1171875
2 0.61796875 0.62734375 0.046875 0.08125
2 0.38984375 0.7890625 0.07265625 0.0671875
2 0.50390625 0.82734375 0.06953125 0.04921875
2 0.8640625 0.2359375 0.05703125 0.08984375
2 0.9234375 0.1328125 0.046875 0.09921875
2 0.77421875 0.26171875 0.07265625 0.08359375
2 0.4921875 0.2484375 0.059375 0.07890625
2 0.47109375 0.28671875 0.04375 0.08359375
2 0.09140625 0.1484375 0.05546875 0.0671875
2 0.37421875 0.03984375 0.0546875 0.0796875
2 0.52265625 0.04375 0.05546875 0.065625
2 0.784375 0.03359375 0.0625 0.0671875
2 0.83828125 0.0734375 0.04921875 0.096875
2 0.86171875 0.025 0.0390625 0.04921875
2 0.82890625 0.57734375 0.05703125 0.09921875
2 0.73359375 0.77734375 0.059375 0.071875
2 0.809375 0.82109375 0.0453125 0.07890625
2 0.47109375 0.88984375 0.0640625 0.08515625
2 0.33671875 0.975 0.040625 0.04921875
2 0.11484375 0.5109375 0.059375 0.04765625
2 0.23515625 0.72890625 0.04375 0.0609375
0 0.7484375 0.8640625 0.0859375 0.096875
0 0.1203125 0.58515625 0.0453125 0.096875
0 0.16640625 0.2203125 0.046875 0.1125
0 0.6578125 0.43828125 0.05234375 0.08515625
0 0.80390625 0.7328125 0.03203125 0.103125
0 0.5078125 0.746875 0.04921875 0.065625
0 0.18046875 0.59921875 0.03203125 0.11484375
0 0.9578125 0.69921875 0.059375 0.06328125
0 0.97578125 0.57734375 0.0390625 0.08125
0 0.3703125 0.6359375 0.0671875 0.103125
2 0.06015625 0.52265625 0.05703125 0.11484375
2 0.20078125 0.74921875 0.03515625 0.1015625
2 0.58125 0.54296875 0.04375 0.07421875
2 0.62109375 0.52578125 0.046875 0.04921875
2 0.44921875 0.0515625 0.05078125 0.0765625
2 0.07265625 0.37421875 0.04921875 0.065625
3 0.0859375 0.3203125 0.05234375 0.0875
3 0.4765625 0.47890625 0.0640625 0.0765625
3 0.22578125 0.4125 0.03515625 0.11484375
3 0.8515625 0.78046875 0.0859375 0.0515625
3 0.47109375 0.35078125 0.05390625 0.071875
4 0.44140625 0.446875 0.06953125 0.0671875