1 0.54609375 0.37265625 0.05546875 0.08515625
1 0.5734375 0.2625 0.0453125 0.06328125
1 0.6359375 0.159375 0.059375 0.071875
1 0.6609375 0.2890625 0.0625 0.07890625
1 0.31796875 0.5 0.05078125 0.11484375
1 0.31171875 0.40703125 0.0625 0.0671875
1 0.34921875 0.36640625 0.05546875 0.0765625
1 0.38515625 0.48671875 0.05078125 0.0921875
1 0.43359375 0.6640625 0.059375 0.06953125
1 0.746875 0.3640625 0.04921875 0.0765625
1 0.87421875 0.040625 0.04375 0.08125
1 0.721875 0.94140625 0.059375 0.0671875
1 0.01875 0.7578125 0.0375 0.0875
1 0.246875 0.440625 0.05390625 0.08515625
1 0.18359375 0.31640625 0.06953125 0.06328125
1 0.9171875 0.296875 0.059375 0.071875
1 0.8890625 0.38203125 0.05703125 0.05859375
1 0.84375 0.4828125 0.05703125 0.0765625
1 0.92109375 0.871875 0.07109375 0.071875
1 0.91171875 0.7875 0.065625 0.07890625
1 0.4 0.32109375 0.05234375 0.05390625
1 0.77265625 0.45859375 0.08125 0.05390625
1 0.04375 0.67890625 0.065625 0.08125
1 0.75234375 0.70546875 0.0625 0.08125
1 0.67578125 0.4875 0.05234375 0.09921875
1 0.884375 0.153125 0.05703125 0.05859375
1 0.4890625 0.69765625 0.0625 0.0609375
1 0.13359375 0.12109375 0.0421875 0.08515625
1 0.12890625 0.946875 0.0671875 0.07421875
0 0.80703125 0.15703125 0.05390625 0.08984375
0 0.61484375 0.78046875 0.0671875 0.05625
0 0.134375 0.515625 0.046875 0.096875
0 0.85546875 0.3609375 0.03359375 0.07890625
0 0.83828125 0.95625 0.0453125 0.0875
0 0.98046875 0.0609375 0.0390625 0.08125
0 0.86875 0.19765625 0.040625 0.0671875
0 0.9078125 0.08203125 0.05390625 0.05625
0 0.6046875 0.93359375 0.03671875 0.11953125
0 0.03828125 0.6078125 0.05390625 0.11953125
0 0.7 0.7625 0.0390625 0.08359375
3 0.31640625 0.19765625 0.0640625 0.12109375
0 0.5734375 0.16640625 0.02890625 0.08984375
2 0.6296875 0.6328125 0.05078125 0.07890625
2 0.603125 0.66640625 0.046875 0.06953125
2 0.6890625 0.40703125 0.040625 0.071875
2 0.91953125 0.4359375 0.0640625 0.071875
2 0.365625 0.046875 0.0453125 0.06328125
2 0.3 0.09140625 0.0625 0.07890625
2 0.46875 0.084375 0.07578125 0.07421875
2 0.5234375 0.240625 0.05078125 0.06328125
2 0.49765625 0.30703125 0.0390625 0.07890625
2 0.4140625 0.2515625 0.05390625 0.08515625
2 0.26484375 0.7375 0.0625 0.05859375
2 0.3625 0.78203125 0.065625 0.0671875
2 0.36328125 0.628125 0.05390625 0.06953125
2 0.3078125 0.665625 0.04375 0.05859375
2 0.61875 0.43671875 0.059375 0.05625
2 0.60234375 0.41328125 0.04921875 0.06328125
2 0.18515625 0.1921875 0.0640625 0.065625
2 0.1921875 0.08203125 0.059375 0.05625
2 0.1640625 0.08515625 0.0390625 0.0671875
2 0.08046875 0.2796875 0.0671875 0.07421875
2 0.04609375 0.40078125 0.04921875 0.0921875
2 0.09296875 0.48984375 0.0453125 0.05859375
2 0.09296875 0.4515625 0.0453125 0.05390625
2 0.1375 0.41875 0.0640625 0.06953125
2 0.0953125 0.34609375 0.04375 0.071875
2 0.1421875 0.32890625 0.021875 0.11484375
2 0.14609375 0.25859375 0.046875 0.08125
2 0.2015625 0.2640625 0.0671875 0.05625
2 0.63515625 0.0171875 0.0609375 0.03359375
2 0.76015625 0.2609375 0.0625 0.0671875
2 0.95390625 0.25625 0.06953125 0.0671875
2 0.7859375 0.3046875 0.02578125 0.096875
2 0.5875 0.47734375 0.05390625 0.04765625
1 0.4515625 0.5109375 0.065625 0.065625
1 0.43125 0.415625 0.0640625 0.05859375
1 0.18984375 0.5328125 0.03671875 0.103125
2 0.50390625 0.85078125 0.0625 0.06953125
2 0.53515625 0.65078125 0.0609375 0.065625
2 0.72421875 0.040625 0.040625 0.08125
2 0.78984375 0.0375 0.05390625 0.07421875
2 0.96796875 0.5234375 0.05546875 0.09453125
2 0.9875 0.80078125 0.025 0.128125
2 0.50390625 0.784375 0.0828125 0.0671875
2 0.75234375 0.82890625 0.0796875 0.06328125
2 0.7890625 0.87421875 0.06953125 0.071875
2 0.8609375 0.83828125 0.040625 0.08125
2 0.89375 0.953125 0.0828125 0.071875
2 0.22421875 0.8359375 0.059375 0.09453125
2 0.08984375 0.68359375 0.09296875 0.103125
2 0.16484375 0.97265625 0.0875 0.05390625
2 0.3140625 0.8921875 0.04921875 0.0671875
2 0.2921875 0.8078125 0.0421875 0.04765625
2 0.43125 0.975 0.08125 0.04921875
2 0.30078125 0.978125 0.0828125 0.04375
2 0.67890625 0.85625 0.0671875 0.071875
2 0.1890625 0.01328125 0.05625 0.0265625
2 0.4328125 0.02890625 0.0609375 0.040625
2 0.37734375 0.19765625 0.05390625 0.05390625
2 0.34296875 0.13515625 0.0640625 0.0671875
2 0.6421875 0.95625 0.06953125 0.07421875
2 0.65703125 0.74453125 0.05859375 0.08359375
2 0.04453125 0.9578125 0.05703125 0.07734375
2 0.0390625 0.2296875 0.05703125 0.08359375
2 0.03828125 0.30625 0.05859375 0.09765625
0 0.9828125 0.46328125 0.03359375 0.12265625
2 0.53359375 0.89765625 0.0625 0.10390625
2 0.65234375 0.83203125 0.0609375 0.07578125
2 0.70859375 0.20625 0.0734375 0.0734375