1 0.54609375 0.62734375 0.05546875 0.08515625
1 0.5734375 0.7375 0.0453125 0.06328125
1 0.6359375 0.840625 0.059375 0.071875
1 0.6609375 0.7109375 0.0625 0.07890625
1 0.31796875 0.5 0.05078125 0.11484375
1 0.31171875 0.59296875 0.0625 0.0671875
1 0.34921875 0.63359375 0.05546875 0.0765625
1 0.38515625 0.51328125 0.05078125 0.0921875
1 0.43359375 0.3359375 0.059375 0.06953125
1 0.746875 0.6359375 0.04921875 0.0765625
1 0.87421875 0.959375 0.04375 0.08125
1 0.721875 0.05859375 0.059375 0.0671875
1 0.01875 0.2421875 0.0375 0.0875
1 0.246875 0.559375 0.05390625 0.08515625
1 0.18359375 0.68359375 0.06953125 0.06328125
1 0.9171875 0.703125 0.059375 0.071875
1 0.8890625 0.61796875 0.05703125 0.05859375
1 0.84375 0.5171875 0.05703125 0.0765625
1 0.92109375 0.128125 0.07109375 0.071875
1 0.91171875 0.2125 0.065625 0.07890625
1 0.4 0.67890625 0.05234375 0.05390625
1 0.77265625 0.54140625 0.08125 0.05390625
1 0.04375 0.32109375 0.065625 0.08125
1 0.75234375 0.29453125 0.0625 0.08125
1 0.67578125 0.5125 0.05234375 0.09921875
1 0.884375 0.846875 0.05703125 0.05859375
1 0.4890625 0.30234375 0.0625 0.0609375
1 0.13359375 0.87890625 0.0421875 0.08515625
1 0.12890625 0.053125 0.0671875 0.07421875
0 0.80703125 0.84296875 0.05390625 0.08984375
0 0.61484375 0.21953125 0.0671875 0.05625
0 0.134375 0.484375 0.046875 0.096875
0 0.85546875 0.6390625 0.03359375 0.07890625
0 0.83828125 0.04375 0.0453125 0.0875
0 0.98046875 0.9390625 0.0390625 0.08125
0 0.86875 0.80234375 0.040625 0.0671875
0 0.9078125 0.91796875 0.05390625 0.05625
0 0.6046875 0.06640625 0.03671875 0.11953125
0 0.03828125 0.3921875 0.05390625 0.11953125
0 0.7 0.2375 0.0390625 0.08359375
3 0.31640625 0.80234375 0.0640625 0.12109375
0 0.5734375 0.83359375 0.02890625 0.08984375
2 0.6296875 0.3671875 0.05078125 0.07890625
2 0.603125 0.33359375 0.046875 0.06953125
2 0.6890625 0.59296875 0.040625 0.071875
2 0.91953125 0.5640625 0.0640625 0.071875
2 0.365625 0.953125 0.0453125 0.06328125
2 0.3 0.90859375 0.0625 0.07890625
2 0.46875 0.915625 0.07578125 0.07421875
2 0.5234375 0.759375 0.05078125 0.06328125
2 0.49765625 0.69296875 0.0390625 0.07890625
2 0.4140625 0.7484375 0.05390625 0.08515625
2 0.26484375 0.2625 0.0625 0.05859375
2 0.3625 0.21796875 0.065625 0.0671875
2 0.36328125 0.371875 0.05390625 0.06953125
2 0.3078125 0.334375 0.04375 0.05859375
2 0.61875 0.56328125 0.059375 0.05625
2 0.60234375 0.58671875 0.04921875 0.06328125
2 0.18515625 0.8078125 0.0640625 0.065625
2 0.1921875 0.91796875 0.059375 0.05625
2 0.1640625 0.91484375 0.0390625 0.0671875
2 0.08046875 0.7203125 0.0671875 0.07421875
2 0.04609375 0.59921875 0.04921875 0.0921875
2 0.09296875 0.51015625 0.0453125 0.05859375
2 0.09296875 0.5484375 0.0453125 0.05390625
2 0.1375 0.58125 0.0640625 0.06953125
2 0.0953125 0.65390625 0.04375 0.071875
2 0.1421875 0.67109375 0.021875 0.11484375
2 0.14609375 0.74140625 0.046875 0.08125
2 0.2015625 0.7359375 0.0671875 0.05625
2 0.63515625 0.9828125 0.0609375 0.03359375
2 0.76015625 0.7390625 0.0625 0.0671875
2 0.95390625 0.74375 0.06953125 0.0671875
2 0.7859375 0.6953125 0.02578125 0.096875
2 0.5875 0.52265625 0.05390625 0.04765625
1 0.4515625 0.4890625 0.065625 0.065625
1 0.43125 0.584375 0.0640625 0.05859375
1 0.18984375 0.4671875 0.03671875 0.103125
2 0.50390625 0.14921875 0.0625 0.06953125
2 0.53515625 0.34921875 0.0609375 0.065625
2 0.72421875 0.959375 0.040625 0.08125
2 0.78984375 0.9625 0.05390625 0.07421875
2 0.96796875 0.4765625 0.05546875 0.09453125
2 0.9875 0.19921875 0.025 0.128125
2 0.50390625 0.215625 0.0828125 0.0671875
2 0.75234375 0.17109375 0.0796875 0.06328125
2 0.7890625 0.12578125 0.06953125 0.071875
2 0.8609375 0.16171875 0.040625 0.08125
2 0.89375 0.046875 0.0828125 0.071875
2 0.22421875 0.1640625 0.059375 0.09453125
2 0.08984375 0.31640625 0.09296875 0.103125
2 0.16484375 0.02734375 0.0875 0.05390625
2 0.3140625 0.1078125 0.04921875 0.0671875
2 0.2921875 0.1921875 0.0421875 0.04765625
2 0.43125 0.025 0.08125 0.04921875
2 0.30078125 0.021875 0.0828125 0.04375
2 0.67890625 0.14375 0.0671875 0.071875
2 0.1890625 0.98671875 0.05625 0.0265625
2 0.4328125 0.97109375 0.0609375 0.040625
2 0.37734375 0.80234375 0.05390625 0.05390625
2 0.34296875 0.86484375 0.0640625 0.0671875
2 0.6421875 0.04375 0.06953125 0.07421875
2 0.65703125 0.25546875 0.05859375 0.08359375
2 0.04453125 0.0421875 0.05703125 0.07734375
2 0.0390625 0.7703125 0.05703125 0.08359375
2 0.03828125 0.69375 0.05859375 0.09765625
0 0.9828125 0.53671875 0.03359375 0.12265625
2 0.53359375 0.10234375 0.0625 0.10390625
2 0.65234375 0.16796875 0.0609375 0.07578125
2 0.70859375 0.79375 0.0734375 0.0734375