1 0.70234375 0.0453125 0.05703125 0.08125
1 0.86015625 0.328125 0.07265625 0.103125
1 0.853125 0.07734375 0.059375 0.06953125
1 0.87890625 0.15078125 0.05078125 0.0671875
1 0.190625 0.0359375 0.04921875 0.071875
1 0.1109375 0.24296875 0.046875 0.0671875
1 0.12734375 0.17421875 0.07421875 0.07890625
1 0.16796875 0.3109375 0.0640625 0.0609375
1 0.01953125 0.440625 0.0390625 0.071875
1 0.4171875 0.025 0.0671875 0.04921875
1 0.5921875 0.05078125 0.07265625 0.07421875
1 0.9390625 0.25546875 0.06953125 0.07890625
1 0.77890625 0.62890625 0.0625 0.0765625
1 0.85234375 0.759375 0.05703125 0.0671875
1 0.90234375 0.7015625 0.0625 0.0671875
1 0.4359375 0.78515625 0.22578125 0.07890625
1 0.51171875 0.77734375 0.046875 0.0671875
1 0.27265625 0.75703125 0.046875 0.08984375
1 0.1 0.85390625 0.059375 0.0671875
1 0.5984375 0.10703125 0.059375 0.06953125
1 0.53125 0.3453125 0.065625 0.06953125
1 0.2546875 0.97421875 0.0859375 0.0515625
1 0.12890625 0.95703125 0.07421875 0.08515625
1 0.04140625 0.975 0.08203125 0.04921875
1 0.3734375 0.1671875 0.0640625 0.0609375
1 0.528125 0.0875 0.05546875 0.08515625
4 0.465625 0.2953125 0.0796875 0.0921875
4 0.60546875 0.93359375 0.0828125 0.07890625
4 0.696875 0.6125 0.07421875 0.08359375
4 0.2296875 0.6671875 0.065625 0.071875
2 0.74765625 0.29140625 0.0671875 0.06953125
2 0.81484375 0.1921875 0.05078125 0.08359375
2 0.70625 0.18359375 0.07265625 0.096875
2 0.65 0.21953125 0.05078125 0.06953125
2 0.8109375 0.4328125 0.07578125 0.07421875
2 0.29609375 0.5125 0.07421875 0.1078125
2 0.20703125 0.58515625 0.04375 0.06953125
2 0.4890625 0.515625 0.04921875 0.0921875
2 0.4984375 0.571875 0.046875 0.07890625
2 0.51640625 0.16640625 0.0453125 0.04921875
2 0.85625 0.8515625 0.0859375 0.071875
2 0.8015625 0.940625 0.0640625 0.07421875
2 0.8390625 0.96484375 0.0609375 0.06953125
2 0.409375 0.45078125 0.0609375 0.06953125
2 0.14765625 0.47421875 0.08125 0.0765625
2 0.44140625 0.1328125 0.0640625 0.071875
2 0.3828125 0.0953125 0.0796875 0.06953125
2 0.05078125 0.0921875 0.059375 0.09453125
2 0.021875 0.1609375 0.04296875 0.07421875
2 0.01796875 0.22265625 0.0359375 0.0796875
2 0.9625 0.04140625 0.05234375 0.05625
2 0.9765625 0.14140625 0.046875 0.08125
2 0.975 0.303125 0.05 0.12109375
2 0.96484375 0.38984375 0.040625 0.065625
2 0.43359375 0.76953125 0.05546875 0.07421875
2 0.10078125 0.59765625 0.0640625 0.0671875
2 0.61640625 0.50703125 0.046875 0.0921875
1 0.41484375 0.9171875 0.04921875 0.08515625
1 0.79609375 0.7484375 0.059375 0.08515625
1 0.375 0.75703125 0.0640625 0.08515625
1 0.51328125 0.65859375 0.0671875 0.0765625
1 0.14921875 0.890625 0.05078125 0.07421875
1 0.059375 0.396875 0.0625 0.07890625
1 0.02109375 0.359375 0.04140625 0.08984375
1 0.44921875 0.978125 0.0765625 0.04375
1 0.315625 0.2046875 0.07265625 0.08125
0 0.3046875 0.08203125 0.0609375 0.096875
0 0.5640625 0.27734375 0.03671875 0.07421875
0 0.27578125 0.3328125 0.07734375 0.071875
0 0.37421875 0.6875 0.0453125 0.12578125
0 0.69453125 0.3765625 0.07265625 0.0609375
0 0.15703125 0.5640625 0.05234375 0.05859375
0 0.2453125 0.825 0.05078125 0.09453125
0 0.41640625 0.859375 0.05234375 0.07421875
0 0.475 0.7484375 0.046875 0.09453125
0 0.56328125 0.14296875 0.059375 0.06953125
3 0.35703125 0.34296875 0.0609375 0.0609375
0 0.96640625 0.615625 0.06640625 0.09453125
3 0.66640625 0.4984375 0.0453125 0.08515625
3 0.35390625 0.496875 0.05234375 0.06328125
2 0.10859375 0.68984375 0.08125 0.0671875
2 0.0625 0.528125 0.04921875 0.08125
2 0.02421875 0.81796875 0.0484375 0.12578125
2 0.57578125 0.59140625 0.05390625 0.0765625
2 0.475 0.41015625 0.0609375 0.05625
2 0.47265625 0.3609375 0.09765625 0.07421875
2 0.34375 0.44609375 0.059375 0.05625
2 0.21328125 0.375 0.07109375 0.0765625
2 0.25703125 0.271875 0.0671875 0.06328125
4 0.8203125 0.51328125 0.046875 0.08359375
2 0.93203125 0.5 0.0421875 0.07421875
2 0.6140625 0.2734375 0.05546875 0.1015625
2 0.33125 0.66875 0.05703125 0.07890625
2 0.190625 0.75078125 0.07265625 0.071875
2 0.1484375 0.815625 0.0625 0.06328125
0 0.20703125 0.8609375 0.03359375 0.12578125
2 0.6765625 0.43671875 0.084375 0.0515625
2 0.715625 0.4953125 0.03359375 0.10546875
2 0.78828125 0.54296875 0.040625 0.07421875
2 0.32890625 0.3046875 0.04921875 0.0609375
2 0.11640625 0.1078125 0.0453125 0.09453125
2 0.06875 0.2375 0.03671875 0.0921875
0 0.6828125 0.97265625 0.059375 0.0546875
2 0.02109375 0.30234375 0.0421875 0.0609375