1 0.70234375 0.9546875 0.05703125 0.08125
1 0.86015625 0.671875 0.07265625 0.103125
1 0.853125 0.92265625 0.059375 0.06953125
1 0.87890625 0.84921875 0.05078125 0.0671875
1 0.190625 0.9640625 0.04921875 0.071875
1 0.1109375 0.75703125 0.046875 0.0671875
1 0.12734375 0.82578125 0.07421875 0.07890625
1 0.16796875 0.6890625 0.0640625 0.0609375
1 0.01953125 0.559375 0.0390625 0.071875
1 0.4171875 0.975 0.0671875 0.04921875
1 0.5921875 0.94921875 0.07265625 0.07421875
1 0.9390625 0.74453125 0.06953125 0.07890625
1 0.77890625 0.37109375 0.0625 0.0765625
1 0.85234375 0.240625 0.05703125 0.0671875
1 0.90234375 0.2984375 0.0625 0.0671875
1 0.4359375 0.21484375 0.22578125 0.07890625
1 0.51171875 0.22265625 0.046875 0.0671875
1 0.27265625 0.24296875 0.046875 0.08984375
1 0.1 0.14609375 0.059375 0.0671875
1 0.5984375 0.89296875 0.059375 0.06953125
1 0.53125 0.6546875 0.065625 0.06953125
1 0.2546875 0.02578125 0.0859375 0.0515625
1 0.12890625 0.04296875 0.07421875 0.08515625
1 0.04140625 0.025 0.08203125 0.04921875
1 0.3734375 0.8328125 0.0640625 0.0609375
1 0.528125 0.9125 0.05546875 0.08515625
4 0.465625 0.7046875 0.0796875 0.0921875
4 0.60546875 0.06640625 0.0828125 0.07890625
4 0.696875 0.3875 0.07421875 0.08359375
4 0.2296875 0.3328125 0.065625 0.071875
2 0.74765625 0.70859375 0.0671875 0.06953125
2 0.81484375 0.8078125 0.05078125 0.08359375
2 0.70625 0.81640625 0.07265625 0.096875
2 0.65 0.78046875 0.05078125 0.06953125
2 0.8109375 0.5671875 0.07578125 0.07421875
2 0.29609375 0.4875 0.07421875 0.1078125
2 0.20703125 0.41484375 0.04375 0.06953125
2 0.4890625 0.484375 0.04921875 0.0921875
2 0.4984375 0.428125 0.046875 0.07890625
2 0.51640625 0.83359375 0.0453125 0.04921875
2 0.85625 0.1484375 0.0859375 0.071875
2 0.8015625 0.059375 0.0640625 0.07421875
2 0.8390625 0.03515625 0.0609375 0.06953125
2 0.409375 0.54921875 0.0609375 0.06953125
2 0.14765625 0.52578125 0.08125 0.0765625
2 0.44140625 0.8671875 0.0640625 0.071875
2 0.3828125 0.9046875 0.0796875 0.06953125
2 0.05078125 0.9078125 0.059375 0.09453125
2 0.021875 0.8390625 0.04296875 0.07421875
2 0.01796875 0.77734375 0.0359375 0.0796875
2 0.9625 0.95859375 0.05234375 0.05625
2 0.9765625 0.85859375 0.046875 0.08125
2 0.975 0.696875 0.05 0.12109375
2 0.96484375 0.61015625 0.040625 0.065625
2 0.43359375 0.23046875 0.05546875 0.07421875
2 0.10078125 0.40234375 0.0640625 0.0671875
2 0.61640625 0.49296875 0.046875 0.0921875
1 0.41484375 0.0828125 0.04921875 0.08515625
1 0.79609375 0.2515625 0.059375 0.08515625
1 0.375 0.24296875 0.0640625 0.08515625
1 0.51328125 0.34140625 0.0671875 0.0765625
1 0.14921875 0.109375 0.05078125 0.07421875
1 0.059375 0.603125 0.0625 0.07890625
1 0.02109375 0.640625 0.04140625 0.08984375
1 0.44921875 0.021875 0.0765625 0.04375
1 0.315625 0.7953125 0.07265625 0.08125
0 0.3046875 0.91796875 0.0609375 0.096875
0 0.5640625 0.72265625 0.03671875 0.07421875
0 0.27578125 0.6671875 0.07734375 0.071875
0 0.37421875 0.3125 0.0453125 0.12578125
0 0.69453125 0.6234375 0.07265625 0.0609375
0 0.15703125 0.4359375 0.05234375 0.05859375
0 0.2453125 0.175 0.05078125 0.09453125
0 0.41640625 0.140625 0.05234375 0.07421875
0 0.475 0.2515625 0.046875 0.09453125
0 0.56328125 0.85703125 0.059375 0.06953125
3 0.35703125 0.65703125 0.0609375 0.0609375
0 0.96640625 0.384375 0.06640625 0.09453125
3 0.66640625 0.5015625 0.0453125 0.08515625
3 0.35390625 0.503125 0.05234375 0.06328125
2 0.10859375 0.31015625 0.08125 0.0671875
2 0.0625 0.471875 0.04921875 0.08125
2 0.02421875 0.18203125 0.0484375 0.12578125
2 0.57578125 0.40859375 0.05390625 0.0765625
2 0.475 0.58984375 0.0609375 0.05625
2 0.47265625 0.6390625 0.09765625 0.07421875
2 0.34375 0.55390625 0.059375 0.05625
2 0.21328125 0.625 0.07109375 0.0765625
2 0.25703125 0.728125 0.0671875 0.06328125
4 0.8203125 0.48671875 0.046875 0.08359375
2 0.93203125 0.5 0.0421875 0.07421875
2 0.6140625 0.7265625 0.05546875 0.1015625
2 0.33125 0.33125 0.05703125 0.07890625
2 0.190625 0.24921875 0.07265625 0.071875
2 0.1484375 0.184375 0.0625 0.06328125
0 0.20703125 0.1390625 0.03359375 0.12578125
2 0.6765625 0.56328125 0.084375 0.0515625
2 0.715625 0.5046875 0.03359375 0.10546875
2 0.78828125 0.45703125 0.040625 0.07421875
2 0.32890625 0.6953125 0.04921875 0.0609375
2 0.11640625 0.8921875 0.0453125 0.09453125
2 0.06875 0.7625 0.03671875 0.0921875
0 0.6828125 0.02734375 0.059375 0.0546875
2 0.02109375 0.69765625 0.0421875 0.0609375