1 0.9 0.83671875 0.07578125 0.0875
1 0.77265625 0.6359375 0.08125 0.071875
1 0.63515625 0.7171875 0.0640625 0.0671875
1 0.64765625 0.809375 0.065625 0.0671875
1 0.3375 0.9328125 0.06953125 0.0671875
1 0.0390625 0.6953125 0.06953125 0.07421875
1 0.025 0.7640625 0.05 0.103125
1 0.11484375 0.9640625 0.07578125 0.05390625
1 0.0484375 0.38671875 0.08125 0.0765625
1 0.1453125 0.05703125 0.06953125 0.0875
1 0.43984375 0.17109375 0.06953125 0.08515625
1 0.50078125 0.2734375 0.04921875 0.065625
1 0.6734375 0.2203125 0.0671875 0.071875
1 0.7375 0.14921875 0.084375 0.07890625
1 0.8078125 0.16875 0.0421875 0.0765625
1 0.86640625 0.15625 0.0421875 0.0515625
1 0.95078125 0.67890625 0.05546875 0.08125
1 0.35078125 0.55390625 0.05546875 0.05625
1 0.4171875 0.82109375 0.05703125 0.065625
1 0.23359375 0.53359375 0.05390625 0.065625
1 0.7421875 0.3921875 0.05234375 0.07421875
2 0.86015625 0.48671875 0.0796875 0.0515625
2 0.446875 0.76640625 0.04921875 0.06328125
2 0.47265625 0.93828125 0.04375 0.07421875
2 0.51015625 0.89296875 0.05703125 0.04296875
2 0.88828125 0.9359375 0.07265625 0.04296875
2 0.7890625 0.7953125 0.0625 0.08515625
2 0.71875 0.75078125 0.0609375 0.08125
2 0.684375 0.67421875 0.05234375 0.0671875
2 0.23828125 0.82109375 0.059375 0.0609375
2 0.14609375 0.82578125 0.05390625 0.0875
2 0.128125 0.8875 0.06953125 0.0671875
4 0.20234375 0.9515625 0.06953125 0.08359375
0 0.90546875 0.65078125 0.05546875 0.07421875
2 0.45703125 0.50546875 0.0625 0.103125
2 0.54296875 0.471875 0.05546875 0.0765625
2 0.365625 0.703125 0.04921875 0.08515625
2 0.5859375 0.91015625 0.0875 0.0671875
2 0.14296875 0.24296875 0.046875 0.0765625
2 0.18359375 0.1765625 0.0671875 0.07421875
2 0.30390625 0.18359375 0.0625 0.05625
2 0.52265625 0.16953125 0.07265625 0.07421875
2 0.5703125 0.27109375 0.059375 0.07421875
2 0.69375 0.4484375 0.05703125 0.065625
2 0.74609375 0.47265625 0.0671875 0.07421875
2 0.60625 0.78671875 0.046875 0.040625
2 0.70234375 0.959375 0.0640625 0.08125
2 0.78984375 0.97734375 0.07109375 0.0453125
2 0.24609375 0.71796875 0.0859375 0.0515625
2 0.30078125 0.640625 0.0640625 0.05390625
2 0.85703125 0.3015625 0.065625 0.07734375
2 0.89765625 0.44140625 0.05546875 0.0796875
2 0.9671875 0.51796875 0.03515625 0.0734375
2 0.7921875 0.04140625 0.065625 0.0828125
2 0.28515625 0.09609375 0.04453125 0.07578125
2 0.4078125 0.0234375 0.078125 0.04609375
2 0.246875 0.0375 0.075 0.0734375
2 0.38828125 0.42890625 0.04921875 0.07578125
2 0.38359375 0.5125 0.0625 0.04296875
2 0.38671875 0.6015625 0.04296875 0.0859375
2 0.43359375 0.5609375 0.04765625 0.0734375
1 0.3546875 0.4015625 0.04609375 0.07734375
0 0.84609375 0.44453125 0.084375 0.04921875
0 0.30390625 0.38671875 0.071875 0.053125
0 0.39765625 0.30703125 0.05234375 0.0734375
0 0.07578125 0.27890625 0.0859375 0.0453125
2 0.08203125 0.4453125 0.0734375 0.059375
2 0.021875 0.46171875 0.04375 0.08359375
2 0.290625 0.88359375 0.04296875 0.0734375
2 0.20078125 0.840625 0.065625 0.08203125
2 0.30390625 0.34453125 0.03828125 0.0328125
2 0.36953125 0.26328125 0.04453125 0.04296875
2 0.446875 0.2453125 0.0703125 0.05078125
2 0.515625 0.39296875 0.05546875 0.04921875
2 0.58828125 0.37265625 0.05390625 0.05703125
2 0.72265625 0.3234375 0.05859375 0.0734375
2 0.671875 0.39921875 0.0703125 0.04921875
2 0.66953125 0.29375 0.0625 0.05078125
2 0.6703125 0.346875 0.05859375 0.046875
2 0.4984375 0.33203125 0.04765625 0.053125
2 0.5578125 0.4078125 0.05390625 0.065625
2 0.91171875 0.14375 0.071875 0.053125
2 0.90234375 0.20234375 0.059375 0.07578125
2 0.84375 0.22890625 0.0640625 0.07578125
2 0.971875 0.41875 0.05625 0.065625
2 0.97734375 0.3421875 0.0453125 0.0625
2 0.8890625 0.33515625 0.04765625 0.05546875
2 0.97265625 0.2265625 0.0546875 0.053125
2 0.06796875 0.16875 0.0625 0.065625
2 0.06640625 0.096875 0.071875 0.06953125
2 0.07734375 0.040625 0.0765625 0.08125
0 0.34609375 0.30625 0.0734375 0.046875
0 0.43125 0.878125 0.04609375 0.08359375
0 0.3390625 0.6734375 0.065625 0.06953125
3 0.30078125 0.58203125 0.0875 0.0671875
4 0.2640625 0.4375 0.071875 0.08359375
2 0.0125 0.8640625 0.02421875 0.071875
2 0.03515625 0.98125 0.04921875 0.03671875