1 0.9 0.16328125 0.07578125 0.0875
1 0.77265625 0.3640625 0.08125 0.071875
1 0.63515625 0.2828125 0.0640625 0.0671875
1 0.64765625 0.190625 0.065625 0.0671875
1 0.3375 0.0671875 0.06953125 0.0671875
1 0.0390625 0.3046875 0.06953125 0.07421875
1 0.025 0.2359375 0.05 0.103125
1 0.11484375 0.0359375 0.07578125 0.05390625
1 0.0484375 0.61328125 0.08125 0.0765625
1 0.1453125 0.94296875 0.06953125 0.0875
1 0.43984375 0.82890625 0.06953125 0.08515625
1 0.50078125 0.7265625 0.04921875 0.065625
1 0.6734375 0.7796875 0.0671875 0.071875
1 0.7375 0.85078125 0.084375 0.07890625
1 0.8078125 0.83125 0.0421875 0.0765625
1 0.86640625 0.84375 0.0421875 0.0515625
1 0.95078125 0.32109375 0.05546875 0.08125
1 0.35078125 0.44609375 0.05546875 0.05625
1 0.4171875 0.17890625 0.05703125 0.065625
1 0.23359375 0.46640625 0.05390625 0.065625
1 0.7421875 0.6078125 0.05234375 0.07421875
2 0.86015625 0.51328125 0.0796875 0.0515625
2 0.446875 0.23359375 0.04921875 0.06328125
2 0.47265625 0.06171875 0.04375 0.07421875
2 0.51015625 0.10703125 0.05703125 0.04296875
2 0.88828125 0.0640625 0.07265625 0.04296875
2 0.7890625 0.2046875 0.0625 0.08515625
2 0.71875 0.24921875 0.0609375 0.08125
2 0.684375 0.32578125 0.05234375 0.0671875
2 0.23828125 0.17890625 0.059375 0.0609375
2 0.14609375 0.17421875 0.05390625 0.0875
2 0.128125 0.1125 0.06953125 0.0671875
4 0.20234375 0.0484375 0.06953125 0.08359375
0 0.90546875 0.34921875 0.05546875 0.07421875
2 0.45703125 0.49453125 0.0625 0.103125
2 0.54296875 0.528125 0.05546875 0.0765625
2 0.365625 0.296875 0.04921875 0.08515625
2 0.5859375 0.08984375 0.0875 0.0671875
2 0.14296875 0.75703125 0.046875 0.0765625
2 0.18359375 0.8234375 0.0671875 0.07421875
2 0.30390625 0.81640625 0.0625 0.05625
2 0.52265625 0.83046875 0.07265625 0.07421875
2 0.5703125 0.72890625 0.059375 0.07421875
2 0.69375 0.5515625 0.05703125 0.065625
2 0.74609375 0.52734375 0.0671875 0.07421875
2 0.60625 0.21328125 0.046875 0.040625
2 0.70234375 0.040625 0.0640625 0.08125
2 0.78984375 0.02265625 0.07109375 0.0453125
2 0.24609375 0.28203125 0.0859375 0.0515625
2 0.30078125 0.359375 0.0640625 0.05390625
2 0.85703125 0.6984375 0.065625 0.07734375
2 0.89765625 0.55859375 0.05546875 0.0796875
2 0.9671875 0.48203125 0.03515625 0.0734375
2 0.7921875 0.95859375 0.065625 0.0828125
2 0.28515625 0.90390625 0.04453125 0.07578125
2 0.4078125 0.9765625 0.078125 0.04609375
2 0.246875 0.9625 0.075 0.0734375
2 0.38828125 0.57109375 0.04921875 0.07578125
2 0.38359375 0.4875 0.0625 0.04296875
2 0.38671875 0.3984375 0.04296875 0.0859375
2 0.43359375 0.4390625 0.04765625 0.0734375
1 0.3546875 0.5984375 0.04609375 0.07734375
0 0.84609375 0.55546875 0.084375 0.04921875
0 0.30390625 0.61328125 0.071875 0.053125
0 0.39765625 0.69296875 0.05234375 0.0734375
0 0.07578125 0.72109375 0.0859375 0.0453125
2 0.08203125 0.5546875 0.0734375 0.059375
2 0.021875 0.53828125 0.04375 0.08359375
2 0.290625 0.11640625 0.04296875 0.0734375
2 0.20078125 0.159375 0.065625 0.08203125
2 0.30390625 0.65546875 0.03828125 0.0328125
2 0.36953125 0.73671875 0.04453125 0.04296875
2 0.446875 0.7546875 0.0703125 0.05078125
2 0.515625 0.60703125 0.05546875 0.04921875
2 0.58828125 0.62734375 0.05390625 0.05703125
2 0.72265625 0.6765625 0.05859375 0.0734375
2 0.671875 0.60078125 0.0703125 0.04921875
2 0.66953125 0.70625 0.0625 0.05078125
2 0.6703125 0.653125 0.05859375 0.046875
2 0.4984375 0.66796875 0.04765625 0.053125
2 0.5578125 0.5921875 0.05390625 0.065625
2 0.91171875 0.85625 0.071875 0.053125
2 0.90234375 0.79765625 0.059375 0.07578125
2 0.84375 0.77109375 0.0640625 0.07578125
2 0.971875 0.58125 0.05625 0.065625
2 0.97734375 0.6578125 0.0453125 0.0625
2 0.8890625 0.66484375 0.04765625 0.05546875
2 0.97265625 0.7734375 0.0546875 0.053125
2 0.06796875 0.83125 0.0625 0.065625
2 0.06640625 0.903125 0.071875 0.06953125
2 0.07734375 0.959375 0.0765625 0.08125
0 0.34609375 0.69375 0.0734375 0.046875
0 0.43125 0.121875 0.04609375 0.08359375
0 0.3390625 0.3265625 0.065625 0.06953125
3 0.30078125 0.41796875 0.0875 0.0671875
4 0.2640625 0.5625 0.071875 0.08359375
2 0.0125 0.1359375 0.02421875 0.071875
2 0.03515625 0.01875 0.04921875 0.03671875