1 0.1 0.83671875 0.07578125 0.0875
1 0.22734375 0.6359375 0.08125 0.071875
1 0.36484375 0.7171875 0.0640625 0.0671875
1 0.35234375 0.809375 0.065625 0.0671875
1 0.6625 0.9328125 0.06953125 0.0671875
1 0.9609375 0.6953125 0.06953125 0.07421875
1 0.975 0.7640625 0.05 0.103125
1 0.88515625 0.9640625 0.07578125 0.05390625
1 0.9515625 0.38671875 0.08125 0.0765625
1 0.8546875 0.05703125 0.06953125 0.0875
1 0.56015625 0.17109375 0.06953125 0.08515625
1 0.49921875 0.2734375 0.04921875 0.065625
1 0.3265625 0.2203125 0.0671875 0.071875
1 0.2625 0.14921875 0.084375 0.07890625
1 0.1921875 0.16875 0.0421875 0.0765625
1 0.13359375 0.15625 0.0421875 0.0515625
1 0.04921875 0.67890625 0.05546875 0.08125
1 0.64921875 0.55390625 0.05546875 0.05625
1 0.5828125 0.82109375 0.05703125 0.065625
1 0.76640625 0.53359375 0.05390625 0.065625
1 0.2578125 0.3921875 0.05234375 0.07421875
2 0.13984375 0.48671875 0.0796875 0.0515625
2 0.553125 0.76640625 0.04921875 0.06328125
2 0.52734375 0.93828125 0.04375 0.07421875
2 0.48984375 0.89296875 0.05703125 0.04296875
2 0.11171875 0.9359375 0.07265625 0.04296875
2 0.2109375 0.7953125 0.0625 0.08515625
2 0.28125 0.75078125 0.0609375 0.08125
2 0.315625 0.67421875 0.05234375 0.0671875
2 0.76171875 0.82109375 0.059375 0.0609375
2 0.85390625 0.82578125 0.05390625 0.0875
2 0.871875 0.8875 0.06953125 0.0671875
4 0.79765625 0.9515625 0.06953125 0.08359375
0 0.09453125 0.65078125 0.05546875 0.07421875
2 0.54296875 0.50546875 0.0625 0.103125
2 0.45703125 0.471875 0.05546875 0.0765625
2 0.634375 0.703125 0.04921875 0.08515625
2 0.4140625 0.91015625 0.0875 0.0671875
2 0.85703125 0.24296875 0.046875 0.0765625
2 0.81640625 0.1765625 0.0671875 0.07421875
2 0.69609375 0.18359375 0.0625 0.05625
2 0.47734375 0.16953125 0.07265625 0.07421875
2 0.4296875 0.27109375 0.059375 0.07421875
2 0.30625 0.4484375 0.05703125 0.065625
2 0.25390625 0.47265625 0.0671875 0.07421875
2 0.39375 0.78671875 0.046875 0.040625
2 0.29765625 0.959375 0.0640625 0.08125
2 0.21015625 0.97734375 0.07109375 0.0453125
2 0.75390625 0.71796875 0.0859375 0.0515625
2 0.69921875 0.640625 0.0640625 0.05390625
2 0.14296875 0.3015625 0.065625 0.07734375
2 0.10234375 0.44140625 0.05546875 0.0796875
2 0.0328125 0.51796875 0.03515625 0.0734375
2 0.2078125 0.04140625 0.065625 0.0828125
2 0.71484375 0.09609375 0.04453125 0.07578125
2 0.5921875 0.0234375 0.078125 0.04609375
2 0.753125 0.0375 0.075 0.0734375
2 0.61171875 0.42890625 0.04921875 0.07578125
2 0.61640625 0.5125 0.0625 0.04296875
2 0.61328125 0.6015625 0.04296875 0.0859375
2 0.56640625 0.5609375 0.04765625 0.0734375
1 0.6453125 0.4015625 0.04609375 0.07734375
0 0.15390625 0.44453125 0.084375 0.04921875
0 0.69609375 0.38671875 0.071875 0.053125
0 0.60234375 0.30703125 0.05234375 0.0734375
0 0.92421875 0.27890625 0.0859375 0.0453125
2 0.91796875 0.4453125 0.0734375 0.059375
2 0.978125 0.46171875 0.04375 0.08359375
2 0.709375 0.88359375 0.04296875 0.0734375
2 0.79921875 0.840625 0.065625 0.08203125
2 0.69609375 0.34453125 0.03828125 0.0328125
2 0.63046875 0.26328125 0.04453125 0.04296875
2 0.553125 0.2453125 0.0703125 0.05078125
2 0.484375 0.39296875 0.05546875 0.04921875
2 0.41171875 0.37265625 0.05390625 0.05703125
2 0.27734375 0.3234375 0.05859375 0.0734375
2 0.328125 0.39921875 0.0703125 0.04921875
2 0.33046875 0.29375 0.0625 0.05078125
2 0.3296875 0.346875 0.05859375 0.046875
2 0.5015625 0.33203125 0.04765625 0.053125
2 0.4421875 0.4078125 0.05390625 0.065625
2 0.08828125 0.14375 0.071875 0.053125
2 0.09765625 0.20234375 0.059375 0.07578125
2 0.15625 0.22890625 0.0640625 0.07578125
2 0.028125 0.41875 0.05625 0.065625
2 0.02265625 0.3421875 0.0453125 0.0625
2 0.1109375 0.33515625 0.04765625 0.05546875
2 0.02734375 0.2265625 0.0546875 0.053125
2 0.93203125 0.16875 0.0625 0.065625
2 0.93359375 0.096875 0.071875 0.06953125
2 0.92265625 0.040625 0.0765625 0.08125
0 0.65390625 0.30625 0.0734375 0.046875
0 0.56875 0.878125 0.04609375 0.08359375
0 0.6609375 0.6734375 0.065625 0.06953125
3 0.69921875 0.58203125 0.0875 0.0671875
4 0.7359375 0.4375 0.071875 0.08359375
2 0.9875 0.8640625 0.02421875 0.071875
2 0.96484375 0.98125 0.04921875 0.03671875