1 0.12734375 0.753125 0.08125 0.05859375
1 0.2984375 0.74921875 0.07578125 0.07890625
1 0.43359375 0.484375 0.065625 0.06953125
1 0.928125 0.540625 0.046875 0.06953125
1 0.93046875 0.38203125 0.06015625 0.0921875
1 0.88828125 0.31328125 0.05546875 0.08359375
1 0.95703125 0.7609375 0.07734375 0.08359375
1 0.67265625 0.5875 0.059375 0.08359375
1 0.62578125 0.48671875 0.04921875 0.07421875
1 0.55859375 0.48046875 0.05234375 0.05390625
1 0.86640625 0.9078125 0.059375 0.071875
1 0.3453125 0.8609375 0.04375 0.05859375
1 0.15 0.3921875 0.05234375 0.0921875
1 0.23515625 0.4171875 0.046875 0.0921875
1 0.78046875 0.12109375 0.065625 0.071875
1 0.7546875 0.6640625 0.04375 0.0875
1 0.84296875 0.68203125 0.059375 0.0609375
1 0.89765625 0.60546875 0.08125 0.08359375
1 0.97890625 0.69453125 0.04140625 0.08125
1 0.171875 0.31484375 0.0625 0.09453125
3 0.92734375 0.8671875 0.08984375 0.05859375
3 0.0421875 0.0953125 0.06953125 0.04296875
3 0.54609375 0.3796875 0.09609375 0.08984375
0 0.6609375 0.646875 0.0828125 0.05390625
0 0.56875 0.553125 0.07734375 0.0453125
0 0.2359375 0.95625 0.0828125 0.07421875
0 0.08046875 0.15625 0.090625 0.065625
0 0.89765625 0.12734375 0.07421875 0.0921875
3 0.8359375 0.64921875 0.10625 0.0453125
2 0.740625 0.96953125 0.07109375 0.0609375
2 0.54921875 0.66953125 0.10078125 0.0765625
2 0.64140625 0.796875 0.0640625 0.07890625
2 0.625 0.89921875 0.08125 0.08984375
2 0.35390625 0.6 0.0625 0.06328125
2 0.2 0.58203125 0.07734375 0.08515625
2 0.825 0.396875 0.05390625 0.0609375
2 0.78828125 0.82265625 0.0609375 0.08125
2 0.48046875 0.8125 0.0390625 0.05625
2 0.57265625 0.840625 0.05078125 0.08515625
2 0.446875 0.96875 0.05234375 0.0453125
2 0.525 0.946875 0.0640625 0.08359375
2 0.5140625 0.8796875 0.06953125 0.08359375
2 0.56640625 0.93125 0.03515625 0.08359375
2 0.3671875 0.91015625 0.05703125 0.071875
2 0.4109375 0.82734375 0.04375 0.0671875
2 0.36796875 0.80234375 0.03515625 0.0765625
2 0.31171875 0.82578125 0.05234375 0.065625
2 0.1484375 0.9328125 0.0390625 0.09453125
1 0.05703125 0.90703125 0.05390625 0.0875
1 0.4703125 0.37109375 0.06953125 0.103125
1 0.97890625 0.59140625 0.04140625 0.071875
1 0.3203125 0.1 0.05234375 0.07421875
1 0.16640625 0.1953125 0.0640625 0.0765625
1 0.18359375 0.1171875 0.04921875 0.0671875
4 0.74765625 0.8921875 0.084375 0.0765625
4 0.828125 0.32578125 0.05546875 0.09921875
1 0.340625 0.6921875 0.065625 0.06328125
2 0.284375 0.51328125 0.08125 0.07890625
2 0.36796875 0.3796875 0.0421875 0.04921875
2 0.39140625 0.32109375 0.0421875 0.0671875
2 0.25234375 0.21953125 0.0640625 0.08359375
2 0.4953125 0.13359375 0.05390625 0.06953125
2 0.62421875 0.05078125 0.05546875 0.0875
2 0.703125 0.25546875 0.065625 0.07890625
2 0.75703125 0.26171875 0.05234375 0.06953125
2 0.990625 0.4515625 0.01796875 0.05859375
2 0.63671875 0.253125 0.0640625 0.07890625
2 0.7328125 0.53515625 0.05078125 0.0671875
2 0.80234375 0.54375 0.07578125 0.09921875
2 0.0984375 0.6921875 0.0640625 0.08984375
2 0.02265625 0.4765625 0.0453125 0.103125
2 0.078125 0.33359375 0.059375 0.08359375
2 0.040625 0.26171875 0.04921875 0.07421875
2 0.1140625 0.23359375 0.05703125 0.0671875
2 0.10703125 0.5015625 0.07109375 0.0765625
2 0.134375 0.4328125 0.07734375 0.06953125
2 0.45078125 0.67890625 0.08125 0.08125
2 0.43515625 0.58515625 0.07578125 0.0875
2 0.740625 0.81328125 0.05390625 0.08515625
2 0.73046875 0.74296875 0.07109375 0.07421875
2 0.65859375 0.3796875 0.04375 0.05390625
2 0.696875 0.35078125 0.04375 0.05859375
2 0.7359375 0.375 0.0609375 0.05859375
0 0.39453125 0.646875 0.065625 0.071875
2 0.5765625 0.2765625 0.05234375 0.09453125
2 0.60859375 0.15859375 0.06953125 0.065625
2 0.4359375 0.07109375 0.05703125 0.06953125
2 0.3890625 0.075 0.046875 0.0609375
2 0.31328125 0.2171875 0.0609375 0.07421875
4 0.29453125 0.42578125 0.05703125 0.07421875
2 0.203125 0.36640625 0.046875 0.0671875
2 0.3515625 0.24921875 0.046875 0.071875
2 0.65234375 0.13515625 0.05234375 0.071875
2 0.90703125 0.47421875 0.05234375 0.0671875
2 0.42578125 0.90078125 0.05390625 0.0671875
2 0.13671875 0.653125 0.04921875 0.0609375
2 0.23203125 0.06328125 0.07421875 0.0765625
2 0.54453125 0.1046875 0.04921875 0.0921875
2 0.7671875 0.484375 0.05234375 0.05625
2 0.1046875 0.88984375 0.05703125 0.09375
2 0.30390625 0.57734375 0.078125 0.07734375
2 0.9828125 0.4515625 0.034375 0.078125
1 0.36953125 0.01484375 0.05546875 0.0296875
2 0.86640625 0.23828125 0.06875 0.0734375
2 0.86328125 0.03671875 0.05078125 0.07265625
2 0.96328125 0.09453125 0.0734375 0.0875
2 0.9234375 0.05 0.0671875 0.09765625
2 0.97421875 0.03515625 0.0515625 0.0703125