1 0.87265625 0.753125 0.08125 0.05859375
1 0.7015625 0.74921875 0.07578125 0.07890625
1 0.56640625 0.484375 0.065625 0.06953125
1 0.071875 0.540625 0.046875 0.06953125
1 0.06953125 0.38203125 0.06015625 0.0921875
1 0.11171875 0.31328125 0.05546875 0.08359375
1 0.04296875 0.7609375 0.07734375 0.08359375
1 0.32734375 0.5875 0.059375 0.08359375
1 0.37421875 0.48671875 0.04921875 0.07421875
1 0.44140625 0.48046875 0.05234375 0.05390625
1 0.13359375 0.9078125 0.059375 0.071875
1 0.6546875 0.8609375 0.04375 0.05859375
1 0.85 0.3921875 0.05234375 0.0921875
1 0.76484375 0.4171875 0.046875 0.0921875
1 0.21953125 0.12109375 0.065625 0.071875
1 0.2453125 0.6640625 0.04375 0.0875
1 0.15703125 0.68203125 0.059375 0.0609375
1 0.10234375 0.60546875 0.08125 0.08359375
1 0.02109375 0.69453125 0.04140625 0.08125
1 0.828125 0.31484375 0.0625 0.09453125
3 0.07265625 0.8671875 0.08984375 0.05859375
3 0.9578125 0.0953125 0.06953125 0.04296875
3 0.45390625 0.3796875 0.09609375 0.08984375
0 0.3390625 0.646875 0.0828125 0.05390625
0 0.43125 0.553125 0.07734375 0.0453125
0 0.7640625 0.95625 0.0828125 0.07421875
0 0.91953125 0.15625 0.090625 0.065625
0 0.10234375 0.12734375 0.07421875 0.0921875
3 0.1640625 0.64921875 0.10625 0.0453125
2 0.259375 0.96953125 0.07109375 0.0609375
2 0.45078125 0.66953125 0.10078125 0.0765625
2 0.35859375 0.796875 0.0640625 0.07890625
2 0.375 0.89921875 0.08125 0.08984375
2 0.64609375 0.6 0.0625 0.06328125
2 0.8 0.58203125 0.07734375 0.08515625
2 0.175 0.396875 0.05390625 0.0609375
2 0.21171875 0.82265625 0.0609375 0.08125
2 0.51953125 0.8125 0.0390625 0.05625
2 0.42734375 0.840625 0.05078125 0.08515625
2 0.553125 0.96875 0.05234375 0.0453125
2 0.475 0.946875 0.0640625 0.08359375
2 0.4859375 0.8796875 0.06953125 0.08359375
2 0.43359375 0.93125 0.03515625 0.08359375
2 0.6328125 0.91015625 0.05703125 0.071875
2 0.5890625 0.82734375 0.04375 0.0671875
2 0.63203125 0.80234375 0.03515625 0.0765625
2 0.68828125 0.82578125 0.05234375 0.065625
2 0.8515625 0.9328125 0.0390625 0.09453125
1 0.94296875 0.90703125 0.05390625 0.0875
1 0.5296875 0.37109375 0.06953125 0.103125
1 0.02109375 0.59140625 0.04140625 0.071875
1 0.6796875 0.1 0.05234375 0.07421875
1 0.83359375 0.1953125 0.0640625 0.0765625
1 0.81640625 0.1171875 0.04921875 0.0671875
4 0.25234375 0.8921875 0.084375 0.0765625
4 0.171875 0.32578125 0.05546875 0.09921875
1 0.659375 0.6921875 0.065625 0.06328125
2 0.715625 0.51328125 0.08125 0.07890625
2 0.63203125 0.3796875 0.0421875 0.04921875
2 0.60859375 0.32109375 0.0421875 0.0671875
2 0.74765625 0.21953125 0.0640625 0.08359375
2 0.5046875 0.13359375 0.05390625 0.06953125
2 0.37578125 0.05078125 0.05546875 0.0875
2 0.296875 0.25546875 0.065625 0.07890625
2 0.24296875 0.26171875 0.05234375 0.06953125
2 0.009375 0.4515625 0.01796875 0.05859375
2 0.36328125 0.253125 0.0640625 0.07890625
2 0.2671875 0.53515625 0.05078125 0.0671875
2 0.19765625 0.54375 0.07578125 0.09921875
2 0.9015625 0.6921875 0.0640625 0.08984375
2 0.97734375 0.4765625 0.0453125 0.103125
2 0.921875 0.33359375 0.059375 0.08359375
2 0.959375 0.26171875 0.04921875 0.07421875
2 0.8859375 0.23359375 0.05703125 0.0671875
2 0.89296875 0.5015625 0.07109375 0.0765625
2 0.865625 0.4328125 0.07734375 0.06953125
2 0.54921875 0.67890625 0.08125 0.08125
2 0.56484375 0.58515625 0.07578125 0.0875
2 0.259375 0.81328125 0.05390625 0.08515625
2 0.26953125 0.74296875 0.07109375 0.07421875
2 0.34140625 0.3796875 0.04375 0.05390625
2 0.303125 0.35078125 0.04375 0.05859375
2 0.2640625 0.375 0.0609375 0.05859375
0 0.60546875 0.646875 0.065625 0.071875
2 0.4234375 0.2765625 0.05234375 0.09453125
2 0.39140625 0.15859375 0.06953125 0.065625
2 0.5640625 0.07109375 0.05703125 0.06953125
2 0.6109375 0.075 0.046875 0.0609375
2 0.68671875 0.2171875 0.0609375 0.07421875
4 0.70546875 0.42578125 0.05703125 0.07421875
2 0.796875 0.36640625 0.046875 0.0671875
2 0.6484375 0.24921875 0.046875 0.071875
2 0.34765625 0.13515625 0.05234375 0.071875
2 0.09296875 0.47421875 0.05234375 0.0671875
2 0.57421875 0.90078125 0.05390625 0.0671875
2 0.86328125 0.653125 0.04921875 0.0609375
2 0.76796875 0.06328125 0.07421875 0.0765625
2 0.45546875 0.1046875 0.04921875 0.0921875
2 0.2328125 0.484375 0.05234375 0.05625
2 0.8953125 0.88984375 0.05703125 0.09375
2 0.69609375 0.57734375 0.078125 0.07734375
2 0.0171875 0.4515625 0.034375 0.078125
1 0.63046875 0.01484375 0.05546875 0.0296875
2 0.13359375 0.23828125 0.06875 0.0734375
2 0.13671875 0.03671875 0.05078125 0.07265625
2 0.03671875 0.09453125 0.0734375 0.0875
2 0.0765625 0.05 0.0671875 0.09765625
2 0.02578125 0.03515625 0.0515625 0.0703125