1 0.2765625 0.18203125 0.059375 0.071875
1 0.3234375 0.32265625 0.0609375 0.08359375
1 0.346875 0.63515625 0.0671875 0.10546875
1 0.40078125 0.675 0.0609375 0.096875
1 0.48203125 0.7609375 0.07265625 0.07890625
1 0.075 0.3890625 0.040625 0.071875
1 0.6421875 0.31015625 0.05546875 0.08984375
1 0.62109375 0.4953125 0.084375 0.0875
1 0.56796875 0.44453125 0.0625 0.071875
1 0.43671875 0.428125 0.05546875 0.07421875
1 0.72734375 0.12109375 0.0609375 0.08125
1 0.778125 0.5328125 0.090625 0.1171875
1 0.82578125 0.81796875 0.07265625 0.09921875
1 0.790625 0.94375 0.0625 0.0671875
1 0.103125 0.56875 0.05546875 0.1078125
1 0.1765625 0.89296875 0.05078125 0.0609375
2 0.371875 0.26640625 0.084375 0.07421875
2 0.12578125 0.11875 0.09765625 0.08515625
2 0.346875 0.1203125 0.090625 0.07890625
2 0.49140625 0.09453125 0.07421875 0.0765625
2 0.53828125 0.15703125 0.07578125 0.08125
2 0.5953125 0.0328125 0.07578125 0.065625
2 0.475 0.309375 0.07734375 0.07890625
2 0.1578125 0.4171875 0.0875 0.0515625
2 0.24375 0.33828125 0.084375 0.08359375
2 0.284375 0.41015625 0.05703125 0.08359375
2 0.3015625 0.55703125 0.05546875 0.08125
2 0.34375 0.43125 0.06953125 0.09453125
2 0.38203125 0.4921875 0.0671875 0.08125
4 0.86484375 0.56640625 0.07578125 0.09453125
4 0.240625 0.84921875 0.0609375 0.08515625
2 0.89765625 0.0453125 0.0609375 0.08984375
2 0.88125 0.1390625 0.0875 0.08515625
2 0.8046875 0.28046875 0.0671875 0.05390625
2 0.2671875 0.640625 0.07421875 0.08984375
2 0.209375 0.7796875 0.0625 0.08515625
2 0.11484375 0.78203125 0.05546875 0.0765625
2 0.0546875 0.90546875 0.08125 0.09453125
2 0.70625 0.62578125 0.0625 0.07421875
2 0.97109375 0.1609375 0.04921875 0.0875
2 0.95234375 0.0921875 0.0859375 0.08125
2 0.66875 0.2390625 0.1046875 0.05625
2 0.75859375 0.36171875 0.0859375 0.0671875
2 0.44921875 0.23125 0.05703125 0.05390625
2 0.56875 0.27890625 0.07109375 0.08125
2 0.584375 0.9390625 0.07421875 0.04921875
2 0.53203125 0.8671875 0.05703125 0.0671875
2 0.49296875 0.82734375 0.084375 0.071875
2 0.35234375 0.86875 0.05234375 0.06953125
2 0.340625 0.7734375 0.059375 0.103125
2 0.42734375 0.75625 0.04375 0.06953125
2 0.69375 0.84296875 0.07109375 0.05859375
2 0.74375 0.8671875 0.0453125 0.08984375
2 0.7265625 0.725 0.065625 0.065625
2 0.73828125 0.66171875 0.07265625 0.0609375
2 0.9171875 0.40546875 0.07578125 0.1015625
2 0.98203125 0.34921875 0.0359375 0.1015625
2 0.65859375 0.0796875 0.05703125 0.07890625
0 0.22265625 0.48515625 0.04921875 0.103125
3 0.02890625 0.2765625 0.0578125 0.04375
0 0.83125 0.62890625 0.06953125 0.0765625
0 0.46171875 0.88203125 0.09921875 0.065625
0 0.82578125 0.36328125 0.02890625 0.10546875
0 0.64296875 0.15390625 0.03671875 0.07421875
0 0.7375 0.2921875 0.03671875 0.08125
0 0.70078125 0.30546875 0.03046875 0.08984375
0 0.03984375 0.196875 0.0796875 0.059375
2 0.96015625 0.69296875 0.0640625 0.0875
2 0.975 0.84140625 0.05 0.07421875
2 0.91796875 0.92578125 0.0640625 0.0765625
2 0.86328125 0.76875 0.059375 0.08125
2 0.8359375 0.69765625 0.07265625 0.065625
2 0.90703125 0.803125 0.065625 0.065625
2 0.95859375 0.7765625 0.0609375 0.06953125
2 0.87109375 0.36484375 0.0671875 0.0875
2 0.71875 0.47265625 0.0640625 0.05625
2 0.696875 0.5328125 0.0671875 0.1125
2 0.75703125 0.44921875 0.0453125 0.09921875
1 0.15625 0.7515625 0.0609375 0.0921875
2 0.03046875 0.53203125 0.0609375 0.0890625
1 0.0359375 0.346875 0.071875 0.0515625
1 0.01328125 0.459375 0.0265625 0.07421875
2 0.60625 0.2046875 0.0671875 0.1125
2 0.23515625 0.971875 0.071875 0.05625
2 0.23515625 0.9296875 0.04765625 0.0609375
0 0.11015625 0.971875 0.0890625 0.05625
2 0.04375 0.10234375 0.0859375 0.09375
2 0.02578125 0.6625 0.0515625 0.12421875