1 0.2765625 0.81796875 0.059375 0.071875
1 0.3234375 0.67734375 0.0609375 0.08359375
1 0.346875 0.36484375 0.0671875 0.10546875
1 0.40078125 0.325 0.0609375 0.096875
1 0.48203125 0.2390625 0.07265625 0.07890625
1 0.075 0.6109375 0.040625 0.071875
1 0.6421875 0.68984375 0.05546875 0.08984375
1 0.62109375 0.5046875 0.084375 0.0875
1 0.56796875 0.55546875 0.0625 0.071875
1 0.43671875 0.571875 0.05546875 0.07421875
1 0.72734375 0.87890625 0.0609375 0.08125
1 0.778125 0.4671875 0.090625 0.1171875
1 0.82578125 0.18203125 0.07265625 0.09921875
1 0.790625 0.05625 0.0625 0.0671875
1 0.103125 0.43125 0.05546875 0.1078125
1 0.1765625 0.10703125 0.05078125 0.0609375
2 0.371875 0.73359375 0.084375 0.07421875
2 0.12578125 0.88125 0.09765625 0.08515625
2 0.346875 0.8796875 0.090625 0.07890625
2 0.49140625 0.90546875 0.07421875 0.0765625
2 0.53828125 0.84296875 0.07578125 0.08125
2 0.5953125 0.9671875 0.07578125 0.065625
2 0.475 0.690625 0.07734375 0.07890625
2 0.1578125 0.5828125 0.0875 0.0515625
2 0.24375 0.66171875 0.084375 0.08359375
2 0.284375 0.58984375 0.05703125 0.08359375
2 0.3015625 0.44296875 0.05546875 0.08125
2 0.34375 0.56875 0.06953125 0.09453125
2 0.38203125 0.5078125 0.0671875 0.08125
4 0.86484375 0.43359375 0.07578125 0.09453125
4 0.240625 0.15078125 0.0609375 0.08515625
2 0.89765625 0.9546875 0.0609375 0.08984375
2 0.88125 0.8609375 0.0875 0.08515625
2 0.8046875 0.71953125 0.0671875 0.05390625
2 0.2671875 0.359375 0.07421875 0.08984375
2 0.209375 0.2203125 0.0625 0.08515625
2 0.11484375 0.21796875 0.05546875 0.0765625
2 0.0546875 0.09453125 0.08125 0.09453125
2 0.70625 0.37421875 0.0625 0.07421875
2 0.97109375 0.8390625 0.04921875 0.0875
2 0.95234375 0.9078125 0.0859375 0.08125
2 0.66875 0.7609375 0.1046875 0.05625
2 0.75859375 0.63828125 0.0859375 0.0671875
2 0.44921875 0.76875 0.05703125 0.05390625
2 0.56875 0.72109375 0.07109375 0.08125
2 0.584375 0.0609375 0.07421875 0.04921875
2 0.53203125 0.1328125 0.05703125 0.0671875
2 0.49296875 0.17265625 0.084375 0.071875
2 0.35234375 0.13125 0.05234375 0.06953125
2 0.340625 0.2265625 0.059375 0.103125
2 0.42734375 0.24375 0.04375 0.06953125
2 0.69375 0.15703125 0.07109375 0.05859375
2 0.74375 0.1328125 0.0453125 0.08984375
2 0.7265625 0.275 0.065625 0.065625
2 0.73828125 0.33828125 0.07265625 0.0609375
2 0.9171875 0.59453125 0.07578125 0.1015625
2 0.98203125 0.65078125 0.0359375 0.1015625
2 0.65859375 0.9203125 0.05703125 0.07890625
0 0.22265625 0.51484375 0.04921875 0.103125
3 0.02890625 0.7234375 0.0578125 0.04375
0 0.83125 0.37109375 0.06953125 0.0765625
0 0.46171875 0.11796875 0.09921875 0.065625
0 0.82578125 0.63671875 0.02890625 0.10546875
0 0.64296875 0.84609375 0.03671875 0.07421875
0 0.7375 0.7078125 0.03671875 0.08125
0 0.70078125 0.69453125 0.03046875 0.08984375
0 0.03984375 0.803125 0.0796875 0.059375
2 0.96015625 0.30703125 0.0640625 0.0875
2 0.975 0.15859375 0.05 0.07421875
2 0.91796875 0.07421875 0.0640625 0.0765625
2 0.86328125 0.23125 0.059375 0.08125
2 0.8359375 0.30234375 0.07265625 0.065625
2 0.90703125 0.196875 0.065625 0.065625
2 0.95859375 0.2234375 0.0609375 0.06953125
2 0.87109375 0.63515625 0.0671875 0.0875
2 0.71875 0.52734375 0.0640625 0.05625
2 0.696875 0.4671875 0.0671875 0.1125
2 0.75703125 0.55078125 0.0453125 0.09921875
1 0.15625 0.2484375 0.0609375 0.0921875
2 0.03046875 0.46796875 0.0609375 0.0890625
1 0.0359375 0.653125 0.071875 0.0515625
1 0.01328125 0.540625 0.0265625 0.07421875
2 0.60625 0.7953125 0.0671875 0.1125
2 0.23515625 0.028125 0.071875 0.05625
2 0.23515625 0.0703125 0.04765625 0.0609375
0 0.11015625 0.028125 0.0890625 0.05625
2 0.04375 0.89765625 0.0859375 0.09375
2 0.02578125 0.3375 0.0515625 0.12421875