1 0.7234375 0.18203125 0.059375 0.071875
1 0.6765625 0.32265625 0.0609375 0.08359375
1 0.653125 0.63515625 0.0671875 0.10546875
1 0.59921875 0.675 0.0609375 0.096875
1 0.51796875 0.7609375 0.07265625 0.07890625
1 0.925 0.3890625 0.040625 0.071875
1 0.3578125 0.31015625 0.05546875 0.08984375
1 0.37890625 0.4953125 0.084375 0.0875
1 0.43203125 0.44453125 0.0625 0.071875
1 0.56328125 0.428125 0.05546875 0.07421875
1 0.27265625 0.12109375 0.0609375 0.08125
1 0.221875 0.5328125 0.090625 0.1171875
1 0.17421875 0.81796875 0.07265625 0.09921875
1 0.209375 0.94375 0.0625 0.0671875
1 0.896875 0.56875 0.05546875 0.1078125
1 0.8234375 0.89296875 0.05078125 0.0609375
2 0.628125 0.26640625 0.084375 0.07421875
2 0.87421875 0.11875 0.09765625 0.08515625
2 0.653125 0.1203125 0.090625 0.07890625
2 0.50859375 0.09453125 0.07421875 0.0765625
2 0.46171875 0.15703125 0.07578125 0.08125
2 0.4046875 0.0328125 0.07578125 0.065625
2 0.525 0.309375 0.07734375 0.07890625
2 0.8421875 0.4171875 0.0875 0.0515625
2 0.75625 0.33828125 0.084375 0.08359375
2 0.715625 0.41015625 0.05703125 0.08359375
2 0.6984375 0.55703125 0.05546875 0.08125
2 0.65625 0.43125 0.06953125 0.09453125
2 0.61796875 0.4921875 0.0671875 0.08125
4 0.13515625 0.56640625 0.07578125 0.09453125
4 0.759375 0.84921875 0.0609375 0.08515625
2 0.10234375 0.0453125 0.0609375 0.08984375
2 0.11875 0.1390625 0.0875 0.08515625
2 0.1953125 0.28046875 0.0671875 0.05390625
2 0.7328125 0.640625 0.07421875 0.08984375
2 0.790625 0.7796875 0.0625 0.08515625
2 0.88515625 0.78203125 0.05546875 0.0765625
2 0.9453125 0.90546875 0.08125 0.09453125
2 0.29375 0.62578125 0.0625 0.07421875
2 0.02890625 0.1609375 0.04921875 0.0875
2 0.04765625 0.0921875 0.0859375 0.08125
2 0.33125 0.2390625 0.1046875 0.05625
2 0.24140625 0.36171875 0.0859375 0.0671875
2 0.55078125 0.23125 0.05703125 0.05390625
2 0.43125 0.27890625 0.07109375 0.08125
2 0.415625 0.9390625 0.07421875 0.04921875
2 0.46796875 0.8671875 0.05703125 0.0671875
2 0.50703125 0.82734375 0.084375 0.071875
2 0.64765625 0.86875 0.05234375 0.06953125
2 0.659375 0.7734375 0.059375 0.103125
2 0.57265625 0.75625 0.04375 0.06953125
2 0.30625 0.84296875 0.07109375 0.05859375
2 0.25625 0.8671875 0.0453125 0.08984375
2 0.2734375 0.725 0.065625 0.065625
2 0.26171875 0.66171875 0.07265625 0.0609375
2 0.0828125 0.40546875 0.07578125 0.1015625
2 0.01796875 0.34921875 0.0359375 0.1015625
2 0.34140625 0.0796875 0.05703125 0.07890625
0 0.77734375 0.48515625 0.04921875 0.103125
3 0.97109375 0.2765625 0.0578125 0.04375
0 0.16875 0.62890625 0.06953125 0.0765625
0 0.53828125 0.88203125 0.09921875 0.065625
0 0.17421875 0.36328125 0.02890625 0.10546875
0 0.35703125 0.15390625 0.03671875 0.07421875
0 0.2625 0.2921875 0.03671875 0.08125
0 0.29921875 0.30546875 0.03046875 0.08984375
0 0.96015625 0.196875 0.0796875 0.059375
2 0.03984375 0.69296875 0.0640625 0.0875
2 0.025 0.84140625 0.05 0.07421875
2 0.08203125 0.92578125 0.0640625 0.0765625
2 0.13671875 0.76875 0.059375 0.08125
2 0.1640625 0.69765625 0.07265625 0.065625
2 0.09296875 0.803125 0.065625 0.065625
2 0.04140625 0.7765625 0.0609375 0.06953125
2 0.12890625 0.36484375 0.0671875 0.0875
2 0.28125 0.47265625 0.0640625 0.05625
2 0.303125 0.5328125 0.0671875 0.1125
2 0.24296875 0.44921875 0.0453125 0.09921875
1 0.84375 0.7515625 0.0609375 0.0921875
2 0.96953125 0.53203125 0.0609375 0.0890625
1 0.9640625 0.346875 0.071875 0.0515625
1 0.98671875 0.459375 0.0265625 0.07421875
2 0.39375 0.2046875 0.0671875 0.1125
2 0.76484375 0.971875 0.071875 0.05625
2 0.76484375 0.9296875 0.04765625 0.0609375
0 0.88984375 0.971875 0.0890625 0.05625
2 0.95625 0.10234375 0.0859375 0.09375
2 0.97421875 0.6625 0.0515625 0.12421875