1 0.61953125 0.0875 0.07734375 0.05859375
1 0.18984375 0.12109375 0.05390625 0.08125
1 0.12734375 0.52734375 0.0640625 0.0875
1 0.18359375 0.45078125 0.05078125 0.07421875
1 0.2453125 0.5390625 0.0671875 0.09921875
1 0.28828125 0.603125 0.065625 0.0875
1 0.1296875 0.85625 0.059375 0.08984375
1 0.08671875 0.925 0.07109375 0.0609375
1 0.06640625 0.8515625 0.0625 0.0671875
1 0.603125 0.67265625 0.0671875 0.07421875
1 0.278125 0.47890625 0.05546875 0.0765625
1 0.465625 0.26875 0.0453125 0.0609375
1 0.375 0.60703125 0.0640625 0.06328125
1 0.1375 0.375 0.0640625 0.08984375
1 0.0640625 0.30546875 0.06953125 0.09921875
2 0.31875 0.309375 0.0828125 0.065625
2 0.27890625 0.36953125 0.0671875 0.06953125
2 0.70703125 0.21484375 0.084375 0.07421875
2 0.7 0.39765625 0.05546875 0.08125
2 0.80078125 0.346875 0.07265625 0.0875
2 0.8140625 0.43046875 0.065625 0.07421875
2 0.84765625 0.4828125 0.0390625 0.06328125
2 0.88984375 0.40859375 0.09296875 0.071875
2 0.7171875 0.46171875 0.0671875 0.05625
2 0.84609375 0.56328125 0.0796875 0.08359375
2 0.7625 0.725 0.08125 0.05625
2 0.696875 0.87421875 0.08125 0.09453125
2 0.6546875 0.7625 0.05703125 0.07421875
2 0.38671875 0.82890625 0.07421875 0.071875
2 0.1640625 0.71953125 0.065625 0.0765625
2 0.09609375 0.6546875 0.05546875 0.07890625
2 0.92421875 0.0890625 0.07578125 0.04765625
2 0.97109375 0.47578125 0.0578125 0.0640625
2 0.8953125 0.665625 0.05546875 0.0765625
2 0.48515625 0.73828125 0.05390625 0.07421875
2 0.5109375 0.640625 0.065625 0.071875
2 0.37890625 0.19921875 0.040625 0.08359375
2 0.4546875 0.10078125 0.05703125 0.1078125
2 0.428125 0.04921875 0.04921875 0.05390625
2 0.81015625 0.16953125 0.04375 0.07890625
2 0.84375 0.07421875 0.04375 0.08125
2 0.7796875 0.0890625 0.0671875 0.07890625
2 0.76953125 0.03828125 0.0671875 0.071875
2 0.63515625 0.02890625 0.0515625 0.0578125
2 0.98203125 0.33671875 0.0359375 0.0359375
2 0.96796875 0.40703125 0.06328125 0.0671875
2 0.95546875 0.63046875 0.0671875 0.0921875
2 0.9640625 0.85078125 0.065625 0.065625
2 0.7453125 0.58515625 0.04921875 0.0921875
2 0.7703125 0.52265625 0.04921875 0.065625
2 0.525 0.42890625 0.0609375 0.103125
2 0.49375 0.20859375 0.065625 0.08984375
2 0.3796875 0.3921875 0.04921875 0.06953125
2 0.19765625 0.31875 0.05234375 0.04921875
2 0.27421875 0.7734375 0.0609375 0.0671875
2 0.23984375 0.88515625 0.0453125 0.08984375
2 0.025 0.76875 0.05 0.08125
1 0.02421875 0.828125 0.0421875 0.0875
1 0.13203125 0.1203125 0.05234375 0.07890625
3 0.54609375 0.54609375 0.05234375 0.09921875
3 0.3453125 0.725 0.05390625 0.11015625
3 0.528125 0.75390625 0.0390625 0.11953125
3 0.73359375 0.5078125 0.0625 0.09921875
3 0.85234375 0.1640625 0.03359375 0.1390625
3 0.97265625 0.9578125 0.0390625 0.084375
0 0.52421875 0.33359375 0.05234375 0.10546875
0 0.4359375 0.34375 0.05703125 0.0671875
0 0.4640625 0.43828125 0.05234375 0.05390625
0 0.47109375 0.359375 0.0609375 0.0765625
0 0.26953125 0.15078125 0.0625 0.071875
0 0.15390625 0.0515625 0.059375 0.04921875
0 0.2203125 0.02265625 0.05703125 0.0453125
0 0.23984375 0.0890625 0.05234375 0.0609375
0 0.44453125 0.5328125 0.046875 0.09921875
0 0.371875 0.52265625 0.05078125 0.11015625
0 0.4171875 0.62734375 0.03359375 0.0765625
0 0.41796875 0.903125 0.0796875 0.071875
0 0.4875 0.91328125 0.0859375 0.08359375
0 0.225 0.7375 0.05390625 0.071875
0 0.20703125 0.825 0.05078125 0.1078125
0 0.3 0.86953125 0.05546875 0.0671875
0 0.26953125 0.93046875 0.05390625 0.0671875
0 0.30703125 0.978125 0.0859375 0.04375
0 0.6703125 0.53515625 0.0609375 0.08984375
0 0.19140625 0.3890625 0.05703125 0.08515625
0 0.703125 0.67421875 0.0625 0.0671875
0 0.77265625 0.6453125 0.0671875 0.06328125
0 0.428125 0.75625 0.05546875 0.065625
2 0.81953125 0.81875 0.065625 0.096875
2 0.93203125 0.96484375 0.0421875 0.06953125
2 0.8390625 0.9796875 0.0671875 0.040625
2 0.7890625 0.97265625 0.06953125 0.05390625
2 0.57109375 0.95078125 0.040625 0.0671875
4 0.61953125 0.84140625 0.07421875 0.096875
2 0.62734375 0.35625 0.07578125 0.06953125
2 0.96640625 0.1453125 0.06640625 0.10546875
2 0.08359375 0.4 0.05859375 0.10234375
2 0.05390625 0.4796875 0.065625 0.10234375
2 0.021875 0.278125 0.04375 0.125
1 0.5015625 0.9828125 0.0875 0.03359375