1 0.5765625 0.05703125 0.059375 0.0875
1 0.85 0.46484375 0.05234375 0.0765625
1 0.89296875 0.2328125 0.0671875 0.10546875
1 0.9171875 0.35390625 0.0453125 0.065625
1 0.9109375 0.45859375 0.05078125 0.08125
1 0.88125 0.853125 0.0671875 0.065625
1 0.8421875 0.73125 0.046875 0.0875
1 0.64453125 0.603125 0.0625 0.065625
1 0.68046875 0.871875 0.0875 0.06328125
4 0.30625 0.18203125 0.084375 0.071875
1 0.34921875 0.58515625 0.09296875 0.07890625
1 0.42578125 0.759375 0.05703125 0.09453125
1 0.05078125 0.5203125 0.059375 0.0875
1 0.0359375 0.3890625 0.0390625 0.103125
1 0.11171875 0.31328125 0.05546875 0.065625
1 0.11484375 0.2359375 0.09609375 0.04921875
1 0.17421875 0.03046875 0.07578125 0.0609375
4 0.29921875 0.78046875 0.084375 0.0875
2 0.51484375 0.26171875 0.0640625 0.07890625
2 0.7375 0.5765625 0.09765625 0.0921875
2 0.8140625 0.42109375 0.065625 0.06953125
2 0.83046875 0.20546875 0.0609375 0.065625
2 0.6859375 0.3484375 0.04921875 0.09921875
2 0.58984375 0.459375 0.07265625 0.11484375
2 0.40546875 0.48515625 0.04375 0.08984375
2 0.4703125 0.63125 0.0625 0.05859375
2 0.58359375 0.60234375 0.04921875 0.08125
2 0.49921875 0.5234375 0.059375 0.0671875
2 0.5109375 0.46484375 0.09296875 0.0765625
2 0.38671875 0.325 0.05078125 0.06953125
2 0.4046875 0.253125 0.059375 0.06953125
2 0.41953125 0.07421875 0.04921875 0.08125
2 0.3859375 0.11875 0.05546875 0.1078125
2 0.24296875 0.1359375 0.04921875 0.04765625
2 0.04296875 0.15390625 0.0609375 0.0609375
2 0.02734375 0.03828125 0.05234375 0.0765625
2 0.10859375 0.0375 0.05390625 0.07421875
2 0.0171875 0.29765625 0.034375 0.1328125
2 0.6484375 0.753125 0.05390625 0.0671875
2 0.42890625 0.67890625 0.0640625 0.0765625
2 0.775 0.0234375 0.06875 0.046875
2 0.28828125 0.37265625 0.0625 0.0765625
2 0.51171875 0.34375 0.0640625 0.08125
2 0.228125 0.3453125 0.059375 0.08359375
2 0.22421875 0.2796875 0.059375 0.065625
2 0.16171875 0.31640625 0.03515625 0.09921875
2 0.1984375 0.559375 0.07734375 0.103125
2 0.04609375 0.7796875 0.0390625 0.08515625
2 0.09453125 0.7609375 0.0453125 0.07890625
2 0.1015625 0.84375 0.05234375 0.06953125
2 0.06015625 0.846875 0.046875 0.071875
2 0.15859375 0.96640625 0.059375 0.0671875
1 0.20703125 0.90703125 0.05703125 0.07890625
2 0.26796875 0.8359375 0.0859375 0.071875
2 0.26171875 0.9109375 0.08984375 0.0921875
2 0.5171875 0.915625 0.0609375 0.07421875
2 0.51953125 0.8390625 0.065625 0.0609375
2 0.49921875 0.71796875 0.04921875 0.0921875
2 0.58125 0.77421875 0.05703125 0.065625
2 0.628125 0.9359375 0.0640625 0.07890625
2 0.76875 0.9828125 0.0625 0.03359375
2 0.728125 0.95625 0.05234375 0.0875
2 0.96796875 0.284375 0.059375 0.1015625
2 0.5640625 0.3453125 0.03359375 0.0609375
2 0.49140625 0.9671875 0.07421875 0.065625
3 0.77734375 0.08671875 0.06953125 0.07421875
3 0.634375 0.13828125 0.03515625 0.10546875
3 0.59765625 0.32265625 0.0671875 0.11015625
3 0.85078125 0.6484375 0.07734375 0.11015625
3 0.69609375 0.8125 0.0859375 0.065625
3 0.359375 0.96640625 0.065625 0.0671875
3 0.9203125 0.1046875 0.0828125 0.07890625
3 0.8125 0.1390625 0.05234375 0.071875
0 0.96953125 0.42890625 0.05546875 0.103125
0 0.9703125 0.728125 0.059375 0.0875
0 0.325 0.040625 0.03671875 0.08125
0 0.25078125 0.20546875 0.07421875 0.096875
0 0.38125 0.76171875 0.03203125 0.103125
0 0.87265625 0.390625 0.04375 0.08515625
2 0.27578125 0.475 0.084375 0.0875
2 0.3625 0.66875 0.065625 0.0609375
2 0.2796875 0.58671875 0.03515625 0.1078125
2 0.44140625 0.53125 0.02578125 0.0875
2 0.5921875 0.8640625 0.0421875 0.0609375
2 0.61328125 0.82265625 0.046875 0.071875
2 0.046875 0.959375 0.04375 0.08125
2 0.01484375 0.79765625 0.02734375 0.09921875
2 0.02890625 0.8921875 0.0421875 0.1078125
3 0.63984375 0.046875 0.05390625 0.09375
2 0.8921875 0.0265625 0.065625 0.053125
2 0.95703125 0.0453125 0.0796875 0.05703125
2 0.97421875 0.11640625 0.0515625 0.08984375
2 0.98671875 0.59453125 0.0265625 0.0609375
2 0.68515625 0.971875 0.059375 0.05625