1 0.4234375 0.05703125 0.059375 0.0875
1 0.15 0.46484375 0.05234375 0.0765625
1 0.10703125 0.2328125 0.0671875 0.10546875
1 0.0828125 0.35390625 0.0453125 0.065625
1 0.0890625 0.45859375 0.05078125 0.08125
1 0.11875 0.853125 0.0671875 0.065625
1 0.1578125 0.73125 0.046875 0.0875
1 0.35546875 0.603125 0.0625 0.065625
1 0.31953125 0.871875 0.0875 0.06328125
4 0.69375 0.18203125 0.084375 0.071875
1 0.65078125 0.58515625 0.09296875 0.07890625
1 0.57421875 0.759375 0.05703125 0.09453125
1 0.94921875 0.5203125 0.059375 0.0875
1 0.9640625 0.3890625 0.0390625 0.103125
1 0.88828125 0.31328125 0.05546875 0.065625
1 0.88515625 0.2359375 0.09609375 0.04921875
1 0.82578125 0.03046875 0.07578125 0.0609375
4 0.70078125 0.78046875 0.084375 0.0875
2 0.48515625 0.26171875 0.0640625 0.07890625
2 0.2625 0.5765625 0.09765625 0.0921875
2 0.1859375 0.42109375 0.065625 0.06953125
2 0.16953125 0.20546875 0.0609375 0.065625
2 0.3140625 0.3484375 0.04921875 0.09921875
2 0.41015625 0.459375 0.07265625 0.11484375
2 0.59453125 0.48515625 0.04375 0.08984375
2 0.5296875 0.63125 0.0625 0.05859375
2 0.41640625 0.60234375 0.04921875 0.08125
2 0.50078125 0.5234375 0.059375 0.0671875
2 0.4890625 0.46484375 0.09296875 0.0765625
2 0.61328125 0.325 0.05078125 0.06953125
2 0.5953125 0.253125 0.059375 0.06953125
2 0.58046875 0.07421875 0.04921875 0.08125
2 0.6140625 0.11875 0.05546875 0.1078125
2 0.75703125 0.1359375 0.04921875 0.04765625
2 0.95703125 0.15390625 0.0609375 0.0609375
2 0.97265625 0.03828125 0.05234375 0.0765625
2 0.89140625 0.0375 0.05390625 0.07421875
2 0.9828125 0.29765625 0.034375 0.1328125
2 0.3515625 0.753125 0.05390625 0.0671875
2 0.57109375 0.67890625 0.0640625 0.0765625
2 0.225 0.0234375 0.06875 0.046875
2 0.71171875 0.37265625 0.0625 0.0765625
2 0.48828125 0.34375 0.0640625 0.08125
2 0.771875 0.3453125 0.059375 0.08359375
2 0.77578125 0.2796875 0.059375 0.065625
2 0.83828125 0.31640625 0.03515625 0.09921875
2 0.8015625 0.559375 0.07734375 0.103125
2 0.95390625 0.7796875 0.0390625 0.08515625
2 0.90546875 0.7609375 0.0453125 0.07890625
2 0.8984375 0.84375 0.05234375 0.06953125
2 0.93984375 0.846875 0.046875 0.071875
2 0.84140625 0.96640625 0.059375 0.0671875
1 0.79296875 0.90703125 0.05703125 0.07890625
2 0.73203125 0.8359375 0.0859375 0.071875
2 0.73828125 0.9109375 0.08984375 0.0921875
2 0.4828125 0.915625 0.0609375 0.07421875
2 0.48046875 0.8390625 0.065625 0.0609375
2 0.50078125 0.71796875 0.04921875 0.0921875
2 0.41875 0.77421875 0.05703125 0.065625
2 0.371875 0.9359375 0.0640625 0.07890625
2 0.23125 0.9828125 0.0625 0.03359375
2 0.271875 0.95625 0.05234375 0.0875
2 0.03203125 0.284375 0.059375 0.1015625
2 0.4359375 0.3453125 0.03359375 0.0609375
2 0.50859375 0.9671875 0.07421875 0.065625
3 0.22265625 0.08671875 0.06953125 0.07421875
3 0.365625 0.13828125 0.03515625 0.10546875
3 0.40234375 0.32265625 0.0671875 0.11015625
3 0.14921875 0.6484375 0.07734375 0.11015625
3 0.30390625 0.8125 0.0859375 0.065625
3 0.640625 0.96640625 0.065625 0.0671875
3 0.0796875 0.1046875 0.0828125 0.07890625
3 0.1875 0.1390625 0.05234375 0.071875
0 0.03046875 0.42890625 0.05546875 0.103125
0 0.0296875 0.728125 0.059375 0.0875
0 0.675 0.040625 0.03671875 0.08125
0 0.74921875 0.20546875 0.07421875 0.096875
0 0.61875 0.76171875 0.03203125 0.103125
0 0.12734375 0.390625 0.04375 0.08515625
2 0.72421875 0.475 0.084375 0.0875
2 0.6375 0.66875 0.065625 0.0609375
2 0.7203125 0.58671875 0.03515625 0.1078125
2 0.55859375 0.53125 0.02578125 0.0875
2 0.4078125 0.8640625 0.0421875 0.0609375
2 0.38671875 0.82265625 0.046875 0.071875
2 0.953125 0.959375 0.04375 0.08125
2 0.98515625 0.79765625 0.02734375 0.09921875
2 0.97109375 0.8921875 0.0421875 0.1078125
3 0.36015625 0.046875 0.05390625 0.09375
2 0.1078125 0.0265625 0.065625 0.053125
2 0.04296875 0.0453125 0.0796875 0.05703125
2 0.02578125 0.11640625 0.0515625 0.08984375
2 0.01328125 0.59453125 0.0265625 0.0609375
2 0.31484375 0.971875 0.059375 0.05625