1 0.6046875 0.32890625 0.07734375 0.06953125
1 0.328125 0.58125 0.07734375 0.0875
1 0.071875 0.23046875 0.0671875 0.0921875
1 0.33125 0.1953125 0.07109375 0.08984375
1 0.775 0.57421875 0.05703125 0.07890625
1 0.8109375 0.4234375 0.06953125 0.0875
1 0.63984375 0.2 0.08125 0.08515625
1 0.25703125 0.7203125 0.05390625 0.096875
1 0.48828125 0.0828125 0.05078125 0.071875
1 0.28671875 0.03203125 0.0703125 0.0640625
1 0.5328125 0.49765625 0.059375 0.065625
1 0.80859375 0.7796875 0.05078125 0.0765625
1 0.9515625 0.5890625 0.0609375 0.071875
1 0.0109375 0.88671875 0.02109375 0.096875
1 0.42578125 0.025 0.05703125 0.04921875
1 0.47109375 0.5171875 0.0609375 0.08984375
2 0.425 0.44375 0.05546875 0.0875
2 0.1953125 0.5640625 0.05078125 0.06328125
2 0.05 0.4484375 0.0671875 0.0875
2 0.16171875 0.75390625 0.0421875 0.065625
2 0.14921875 0.828125 0.0640625 0.0609375
2 0.1921875 0.896875 0.059375 0.06328125
2 0.2078125 0.8046875 0.05234375 0.0671875
2 0.30078125 0.8328125 0.0609375 0.07890625
2 0.4140625 0.88125 0.03671875 0.09453125
2 0.39453125 0.80703125 0.03203125 0.0765625
2 0.328125 0.93359375 0.0640625 0.04296875
2 0.34921875 0.81015625 0.02890625 0.0921875
2 0.40703125 0.71953125 0.0671875 0.05859375
2 0.6078125 0.59296875 0.084375 0.05859375
2 0.91640625 0.80703125 0.05703125 0.0671875
2 0.94375 0.86875 0.0625 0.0609375
2 0.8734375 0.96484375 0.0796875 0.06953125
2 0.8078125 0.9203125 0.059375 0.08359375
2 0.78828125 0.84140625 0.05703125 0.04765625
2 0.8671875 0.84921875 0.04375 0.071875
2 0.6515625 0.9046875 0.05703125 0.07421875
2 0.47734375 0.6765625 0.065625 0.05859375
2 0.19921875 0.32578125 0.059375 0.05390625
2 0.1484375 0.36484375 0.0625 0.06953125
2 0.14375 0.43671875 0.05234375 0.0515625
2 0.10625 0.5015625 0.03515625 0.05859375
2 0.09375 0.646875 0.040625 0.05859375
2 0.09140625 0.5890625 0.0625 0.04921875
2 0.0640625 0.69296875 0.0453125 0.06953125
2 0.034375 0.59453125 0.0421875 0.0875
2 0.0796875 0.828125 0.059375 0.07890625
2 0.81484375 0.2734375 0.0671875 0.0875
2 0.55703125 0.19453125 0.05078125 0.07421875
2 0.5046875 0.3109375 0.0671875 0.0921875
2 0.52734375 0.41875 0.0640625 0.07421875
2 0.45390625 0.15390625 0.04921875 0.06953125
2 0.47890625 0.2046875 0.059375 0.071875
2 0.20859375 0.15078125 0.05390625 0.0671875
2 0.25390625 0.14140625 0.040625 0.04921875
2 0.26953125 0.08984375 0.0640625 0.06328125
2 0.02265625 0.08203125 0.0453125 0.08359375
2 0.85546875 0.109375 0.07109375 0.07421875
2 0.746875 0.2796875 0.0453125 0.06953125
2 0.884375 0.03203125 0.059375 0.0640625
2 0.96171875 0.67421875 0.0609375 0.071875
2 0.57109375 0.8453125 0.05703125 0.071875
2 0.52421875 0.84375 0.05546875 0.07421875
2 0.4859375 0.9515625 0.04921875 0.03828125
2 0.38125 0.98046875 0.07265625 0.03828125
2 0.26171875 0.975 0.09921875 0.04921875
2 0.1140625 0.975 0.0875 0.04921875
2 0.67265625 0.51796875 0.05546875 0.07421875
2 0.675 0.13046875 0.084375 0.0671875
2 0.94296875 0.35078125 0.04375 0.08515625
2 0.978125 0.33046875 0.04296875 0.103125
2 0.953125 0.040625 0.0609375 0.0765625
2 0.5546875 0.071875 0.059375 0.0765625
2 0.20234375 0.39921875 0.0625 0.096875
2 0.16484375 0.5171875 0.05390625 0.06328125
2 0.6328125 0.84375 0.03671875 0.065625
2 0.7796875 0.97265625 0.05703125 0.040625
2 0.66171875 0.984375 0.0671875 0.03125
2 0.94375 0.49765625 0.07578125 0.065625
2 0.3953125 0.665625 0.090625 0.08125
2 0.3046875 0.7375 0.0609375 0.1078125
0 0.66796875 0.5765625 0.07265625 0.03828125
0 0.60859375 0.665625 0.059375 0.09921875
0 0.5453125 0.68515625 0.05390625 0.08359375
0 0.8328125 0.68203125 0.0828125 0.0515625
0 0.25390625 0.82109375 0.05078125 0.128125
0 0.3109375 0.88984375 0.09453125 0.05390625
3 0.30078125 0.44921875 0.05390625 0.12109375
3 0.8765625 0.3546875 0.0625 0.1171875
0 0.9609375 0.20546875 0.05234375 0.096875
0 0.9 0.175 0.04921875 0.1078125
0 0.82265625 0.34375 0.05546875 0.09453125
0 0.59921875 0.5109375 0.07109375 0.04296875
1 0.93359375 0.446875 0.0796875 0.08125
2 0.44609375 0.61484375 0.05703125 0.1
2 0.390625 0.16796875 0.0703125 0.0921875
2 0.45859375 0.90625 0.075 0.10234375
2 0.06484375 0.890625 0.078125 0.0875