1 0.6046875 0.67109375 0.07734375 0.06953125
1 0.328125 0.41875 0.07734375 0.0875
1 0.071875 0.76953125 0.0671875 0.0921875
1 0.33125 0.8046875 0.07109375 0.08984375
1 0.775 0.42578125 0.05703125 0.07890625
1 0.8109375 0.5765625 0.06953125 0.0875
1 0.63984375 0.8 0.08125 0.08515625
1 0.25703125 0.2796875 0.05390625 0.096875
1 0.48828125 0.9171875 0.05078125 0.071875
1 0.28671875 0.96796875 0.0703125 0.0640625
1 0.5328125 0.50234375 0.059375 0.065625
1 0.80859375 0.2203125 0.05078125 0.0765625
1 0.9515625 0.4109375 0.0609375 0.071875
1 0.0109375 0.11328125 0.02109375 0.096875
1 0.42578125 0.975 0.05703125 0.04921875
1 0.47109375 0.4828125 0.0609375 0.08984375
2 0.425 0.55625 0.05546875 0.0875
2 0.1953125 0.4359375 0.05078125 0.06328125
2 0.05 0.5515625 0.0671875 0.0875
2 0.16171875 0.24609375 0.0421875 0.065625
2 0.14921875 0.171875 0.0640625 0.0609375
2 0.1921875 0.103125 0.059375 0.06328125
2 0.2078125 0.1953125 0.05234375 0.0671875
2 0.30078125 0.1671875 0.0609375 0.07890625
2 0.4140625 0.11875 0.03671875 0.09453125
2 0.39453125 0.19296875 0.03203125 0.0765625
2 0.328125 0.06640625 0.0640625 0.04296875
2 0.34921875 0.18984375 0.02890625 0.0921875
2 0.40703125 0.28046875 0.0671875 0.05859375
2 0.6078125 0.40703125 0.084375 0.05859375
2 0.91640625 0.19296875 0.05703125 0.0671875
2 0.94375 0.13125 0.0625 0.0609375
2 0.8734375 0.03515625 0.0796875 0.06953125
2 0.8078125 0.0796875 0.059375 0.08359375
2 0.78828125 0.15859375 0.05703125 0.04765625
2 0.8671875 0.15078125 0.04375 0.071875
2 0.6515625 0.0953125 0.05703125 0.07421875
2 0.47734375 0.3234375 0.065625 0.05859375
2 0.19921875 0.67421875 0.059375 0.05390625
2 0.1484375 0.63515625 0.0625 0.06953125
2 0.14375 0.56328125 0.05234375 0.0515625
2 0.10625 0.4984375 0.03515625 0.05859375
2 0.09375 0.353125 0.040625 0.05859375
2 0.09140625 0.4109375 0.0625 0.04921875
2 0.0640625 0.30703125 0.0453125 0.06953125
2 0.034375 0.40546875 0.0421875 0.0875
2 0.0796875 0.171875 0.059375 0.07890625
2 0.81484375 0.7265625 0.0671875 0.0875
2 0.55703125 0.80546875 0.05078125 0.07421875
2 0.5046875 0.6890625 0.0671875 0.0921875
2 0.52734375 0.58125 0.0640625 0.07421875
2 0.45390625 0.84609375 0.04921875 0.06953125
2 0.47890625 0.7953125 0.059375 0.071875
2 0.20859375 0.84921875 0.05390625 0.0671875
2 0.25390625 0.85859375 0.040625 0.04921875
2 0.26953125 0.91015625 0.0640625 0.06328125
2 0.02265625 0.91796875 0.0453125 0.08359375
2 0.85546875 0.890625 0.07109375 0.07421875
2 0.746875 0.7203125 0.0453125 0.06953125
2 0.884375 0.96796875 0.059375 0.0640625
2 0.96171875 0.32578125 0.0609375 0.071875
2 0.57109375 0.1546875 0.05703125 0.071875
2 0.52421875 0.15625 0.05546875 0.07421875
2 0.4859375 0.0484375 0.04921875 0.03828125
2 0.38125 0.01953125 0.07265625 0.03828125
2 0.26171875 0.025 0.09921875 0.04921875
2 0.1140625 0.025 0.0875 0.04921875
2 0.67265625 0.48203125 0.05546875 0.07421875
2 0.675 0.86953125 0.084375 0.0671875
2 0.94296875 0.64921875 0.04375 0.08515625
2 0.978125 0.66953125 0.04296875 0.103125
2 0.953125 0.959375 0.0609375 0.0765625
2 0.5546875 0.928125 0.059375 0.0765625
2 0.20234375 0.60078125 0.0625 0.096875
2 0.16484375 0.4828125 0.05390625 0.06328125
2 0.6328125 0.15625 0.03671875 0.065625
2 0.7796875 0.02734375 0.05703125 0.040625
2 0.66171875 0.015625 0.0671875 0.03125
2 0.94375 0.50234375 0.07578125 0.065625
2 0.3953125 0.334375 0.090625 0.08125
2 0.3046875 0.2625 0.0609375 0.1078125
0 0.66796875 0.4234375 0.07265625 0.03828125
0 0.60859375 0.334375 0.059375 0.09921875
0 0.5453125 0.31484375 0.05390625 0.08359375
0 0.8328125 0.31796875 0.0828125 0.0515625
0 0.25390625 0.17890625 0.05078125 0.128125
0 0.3109375 0.11015625 0.09453125 0.05390625
3 0.30078125 0.55078125 0.05390625 0.12109375
3 0.8765625 0.6453125 0.0625 0.1171875
0 0.9609375 0.79453125 0.05234375 0.096875
0 0.9 0.825 0.04921875 0.1078125
0 0.82265625 0.65625 0.05546875 0.09453125
0 0.59921875 0.4890625 0.07109375 0.04296875
1 0.93359375 0.553125 0.0796875 0.08125
2 0.44609375 0.38515625 0.05703125 0.1
2 0.390625 0.83203125 0.0703125 0.0921875
2 0.45859375 0.09375 0.075 0.10234375
2 0.06484375 0.109375 0.078125 0.0875