1 0.48359375 0.65625 0.065625 0.08515625
1 0.20078125 0.24453125 0.059375 0.08515625
1 0.1640625 0.16328125 0.07578125 0.0609375
1 0.31015625 0.17734375 0.06953125 0.09453125
1 0.31875 0.54375 0.05546875 0.0671875
1 0.35390625 0.62109375 0.07265625 0.0921875
1 0.2359375 0.6484375 0.0625 0.0875
1 0.246875 0.5453125 0.0671875 0.0921875
1 0.2609375 0.44140625 0.07109375 0.0921875
1 0.66953125 0.34140625 0.07578125 0.0671875
1 0.76484375 0.25390625 0.07109375 0.06328125
1 0.5109375 0.03046875 0.07578125 0.0609375
1 0.87890625 0.77890625 0.07109375 0.096875
1 0.89140625 0.93125 0.0609375 0.07421875
1 0.28515625 0.81875 0.05234375 0.1015625
1 0.78515625 0.1359375 0.07109375 0.08359375
1 0.81953125 0.2109375 0.07578125 0.08125
1 0.578125 0.43828125 0.059375 0.05859375
1 0.553125 0.63671875 0.05234375 0.07890625
1 0.840625 0.51015625 0.0671875 0.0765625
1 0.828125 0.58203125 0.0625 0.0671875
4 0.421875 0.3359375 0.0625 0.096875
2 0.7109375 0.12109375 0.0640625 0.08515625
2 0.59921875 0.084375 0.07734375 0.0875
2 0.61640625 0.19921875 0.0671875 0.0609375
2 0.51875 0.28671875 0.046875 0.05625
2 0.50078125 0.32578125 0.05234375 0.1078125
0 0.3453125 0.0359375 0.0671875 0.071875
2 0.1765625 0.1109375 0.07109375 0.065625
2 0.06015625 0.30703125 0.05078125 0.065625
2 0.09140625 0.359375 0.05234375 0.0671875
2 0.09453125 0.640625 0.065625 0.08515625
2 0.03671875 0.76875 0.0734375 0.09453125
2 0.06640625 0.49453125 0.05234375 0.08515625
2 0.6734375 0.52578125 0.07109375 0.1078125
2 0.85859375 0.38203125 0.08125 0.0765625
2 0.7765625 0.4609375 0.05078125 0.0765625
2 0.725 0.43359375 0.0453125 0.09921875
2 0.8046875 0.69296875 0.0671875 0.07421875
2 0.865625 0.7109375 0.08125 0.07421875
2 0.75859375 0.8203125 0.07578125 0.0765625
2 0.67578125 0.72578125 0.07265625 0.05859375
2 0.59609375 0.57421875 0.07109375 0.07890625
1 0.13359375 0.51953125 0.06953125 0.12109375
1 0.39296875 0.4046875 0.06953125 0.09921875
1 0.5484375 0.8921875 0.06953125 0.071875
1 0.63671875 0.95078125 0.05078125 0.08125
1 0.6921875 0.96796875 0.05625 0.0640625
1 0.078125 0.92578125 0.05234375 0.1078125
1 0.96171875 0.27109375 0.0671875 0.07890625
1 0.9703125 0.384375 0.059375 0.075
1 0.88125 0.21328125 0.05078125 0.08515625
1 0.82890625 0.31875 0.07109375 0.08125
1 0.8734375 0.03046875 0.0625 0.0609375
1 0.44765625 0.84375 0.046875 0.07421875
2 0.9671875 0.5171875 0.065625 0.09453125
1 0.95625 0.4515625 0.0828125 0.05390625
1 0.89453125 0.56640625 0.046875 0.06328125
2 0.89765625 0.62578125 0.05390625 0.05625
2 0.67421875 0.26640625 0.0625 0.08359375
2 0.96796875 0.8390625 0.059375 0.0921875
2 0.93203125 0.671875 0.065625 0.0765625
2 0.96953125 0.62578125 0.0421875 0.065625
2 0.95078125 0.14140625 0.065625 0.08515625
2 0.88359375 0.06640625 0.07265625 0.0609375
2 0.78125 0.053125 0.05390625 0.065625
2 0.84765625 0.12734375 0.05546875 0.11015625
2 0.671875 0.0234375 0.059375 0.046875
2 0.66328125 0.84375 0.07109375 0.065625
2 0.671875 0.8046875 0.07734375 0.040625
2 0.765625 0.959375 0.04921875 0.0765625
2 0.41875 0.946875 0.0640625 0.07421875
2 0.3640625 0.9171875 0.06953125 0.06328125
2 0.41015625 0.75703125 0.0453125 0.05390625
2 0.39921875 0.81328125 0.05390625 0.05390625
2 0.3140625 0.72890625 0.0859375 0.07421875
2 0.19765625 0.75859375 0.065625 0.0875
2 0.1890625 0.84375 0.05546875 0.0875
2 0.21015625 0.88671875 0.05703125 0.07421875
2 0.21953125 0.95625 0.07578125 0.06953125
2 0.13984375 0.940625 0.0453125 0.05625
2 0.0234375 0.87109375 0.046875 0.06953125
0 0.50390625 0.4265625 0.059375 0.12578125
0 0.05703125 0.246875 0.090625 0.0359375
0 0.6 0.3109375 0.05234375 0.08359375
2 0.728125 0.625 0.05234375 0.071875
0 0.77421875 0.56875 0.0828125 0.08125
2 0.01640625 0.4 0.0328125 0.05859375
2 0.02734375 0.9484375 0.0421875 0.05859375
2 0.2890625 0.9671875 0.065625 0.065625
2 0.5953125 0.7765625 0.0421875 0.096875
2 0.46953125 0.77109375 0.0640625 0.05390625
2 0.53828125 0.8 0.07578125 0.0671875
0 0.5203125 0.76875 0.040625 0.08984375
0 0.6390625 0.71796875 0.05234375 0.10546875
0 0.0328125 0.5453125 0.03671875 0.0921875
2 0.0484375 0.60703125 0.05078125 0.08984375
2 0.62421875 0.453125 0.065625 0.1015625
3 0.68125 0.484375 0.04921875 0.1015625
3 0.90859375 0.86875 0.04140625 0.09609375
2 0.56171875 0.9546875 0.0765625 0.07578125
2 0.13984375 0.67578125 0.084375 0.10234375
2 0.009375 0.60859375 0.01796875 0.08203125
2 0.02265625 0.171875 0.04296875 0.0734375
2 0.01015625 0.05703125 0.01953125 0.0609375
2 0.02421875 0.10703125 0.0484375 0.046875
2 0.13359375 0.978125 0.075 0.04375
2 0.0375 0.715625 0.0625 0.0921875
3 0.84453125 0.95703125 0.0328125 0.0859375
0 0.31015625 0.4015625 0.04453125 0.0921875
2 0.34453125 0.45859375 0.05859375 0.10390625
2 0.5828125 0.26875 0.05390625 0.059375
2 0.02578125 0.46953125 0.0515625 0.0859375
2 0.89609375 0.58828125 0.11015625 0.08203125