1 0.48359375 0.34375 0.065625 0.08515625
1 0.20078125 0.75546875 0.059375 0.08515625
1 0.1640625 0.83671875 0.07578125 0.0609375
1 0.31015625 0.82265625 0.06953125 0.09453125
1 0.31875 0.45625 0.05546875 0.0671875
1 0.35390625 0.37890625 0.07265625 0.0921875
1 0.2359375 0.3515625 0.0625 0.0875
1 0.246875 0.4546875 0.0671875 0.0921875
1 0.2609375 0.55859375 0.07109375 0.0921875
1 0.66953125 0.65859375 0.07578125 0.0671875
1 0.76484375 0.74609375 0.07109375 0.06328125
1 0.5109375 0.96953125 0.07578125 0.0609375
1 0.87890625 0.22109375 0.07109375 0.096875
1 0.89140625 0.06875 0.0609375 0.07421875
1 0.28515625 0.18125 0.05234375 0.1015625
1 0.78515625 0.8640625 0.07109375 0.08359375
1 0.81953125 0.7890625 0.07578125 0.08125
1 0.578125 0.56171875 0.059375 0.05859375
1 0.553125 0.36328125 0.05234375 0.07890625
1 0.840625 0.48984375 0.0671875 0.0765625
1 0.828125 0.41796875 0.0625 0.0671875
4 0.421875 0.6640625 0.0625 0.096875
2 0.7109375 0.87890625 0.0640625 0.08515625
2 0.59921875 0.915625 0.07734375 0.0875
2 0.61640625 0.80078125 0.0671875 0.0609375
2 0.51875 0.71328125 0.046875 0.05625
2 0.50078125 0.67421875 0.05234375 0.1078125
0 0.3453125 0.9640625 0.0671875 0.071875
2 0.1765625 0.8890625 0.07109375 0.065625
2 0.06015625 0.69296875 0.05078125 0.065625
2 0.09140625 0.640625 0.05234375 0.0671875
2 0.09453125 0.359375 0.065625 0.08515625
2 0.03671875 0.23125 0.0734375 0.09453125
2 0.06640625 0.50546875 0.05234375 0.08515625
2 0.6734375 0.47421875 0.07109375 0.1078125
2 0.85859375 0.61796875 0.08125 0.0765625
2 0.7765625 0.5390625 0.05078125 0.0765625
2 0.725 0.56640625 0.0453125 0.09921875
2 0.8046875 0.30703125 0.0671875 0.07421875
2 0.865625 0.2890625 0.08125 0.07421875
2 0.75859375 0.1796875 0.07578125 0.0765625
2 0.67578125 0.27421875 0.07265625 0.05859375
2 0.59609375 0.42578125 0.07109375 0.07890625
1 0.13359375 0.48046875 0.06953125 0.12109375
1 0.39296875 0.5953125 0.06953125 0.09921875
1 0.5484375 0.1078125 0.06953125 0.071875
1 0.63671875 0.04921875 0.05078125 0.08125
1 0.6921875 0.03203125 0.05625 0.0640625
1 0.078125 0.07421875 0.05234375 0.1078125
1 0.96171875 0.72890625 0.0671875 0.07890625
1 0.9703125 0.615625 0.059375 0.075
1 0.88125 0.78671875 0.05078125 0.08515625
1 0.82890625 0.68125 0.07109375 0.08125
1 0.8734375 0.96953125 0.0625 0.0609375
1 0.44765625 0.15625 0.046875 0.07421875
2 0.9671875 0.4828125 0.065625 0.09453125
1 0.95625 0.5484375 0.0828125 0.05390625
1 0.89453125 0.43359375 0.046875 0.06328125
2 0.89765625 0.37421875 0.05390625 0.05625
2 0.67421875 0.73359375 0.0625 0.08359375
2 0.96796875 0.1609375 0.059375 0.0921875
2 0.93203125 0.328125 0.065625 0.0765625
2 0.96953125 0.37421875 0.0421875 0.065625
2 0.95078125 0.85859375 0.065625 0.08515625
2 0.88359375 0.93359375 0.07265625 0.0609375
2 0.78125 0.946875 0.05390625 0.065625
2 0.84765625 0.87265625 0.05546875 0.11015625
2 0.671875 0.9765625 0.059375 0.046875
2 0.66328125 0.15625 0.07109375 0.065625
2 0.671875 0.1953125 0.07734375 0.040625
2 0.765625 0.040625 0.04921875 0.0765625
2 0.41875 0.053125 0.0640625 0.07421875
2 0.3640625 0.0828125 0.06953125 0.06328125
2 0.41015625 0.24296875 0.0453125 0.05390625
2 0.39921875 0.18671875 0.05390625 0.05390625
2 0.3140625 0.27109375 0.0859375 0.07421875
2 0.19765625 0.24140625 0.065625 0.0875
2 0.1890625 0.15625 0.05546875 0.0875
2 0.21015625 0.11328125 0.05703125 0.07421875
2 0.21953125 0.04375 0.07578125 0.06953125
2 0.13984375 0.059375 0.0453125 0.05625
2 0.0234375 0.12890625 0.046875 0.06953125
0 0.50390625 0.5734375 0.059375 0.12578125
0 0.05703125 0.753125 0.090625 0.0359375
0 0.6 0.6890625 0.05234375 0.08359375
2 0.728125 0.375 0.05234375 0.071875
0 0.77421875 0.43125 0.0828125 0.08125
2 0.01640625 0.6 0.0328125 0.05859375
2 0.02734375 0.0515625 0.0421875 0.05859375
2 0.2890625 0.0328125 0.065625 0.065625
2 0.5953125 0.2234375 0.0421875 0.096875
2 0.46953125 0.22890625 0.0640625 0.05390625
2 0.53828125 0.2 0.07578125 0.0671875
0 0.5203125 0.23125 0.040625 0.08984375
0 0.6390625 0.28203125 0.05234375 0.10546875
0 0.0328125 0.4546875 0.03671875 0.0921875
2 0.0484375 0.39296875 0.05078125 0.08984375
2 0.62421875 0.546875 0.065625 0.1015625
3 0.68125 0.515625 0.04921875 0.1015625
3 0.90859375 0.13125 0.04140625 0.09609375
2 0.56171875 0.0453125 0.0765625 0.07578125
2 0.13984375 0.32421875 0.084375 0.10234375
2 0.009375 0.39140625 0.01796875 0.08203125
2 0.02265625 0.828125 0.04296875 0.0734375
2 0.01015625 0.94296875 0.01953125 0.0609375
2 0.02421875 0.89296875 0.0484375 0.046875
2 0.13359375 0.021875 0.075 0.04375
2 0.0375 0.284375 0.0625 0.0921875
3 0.84453125 0.04296875 0.0328125 0.0859375
0 0.31015625 0.5984375 0.04453125 0.0921875
2 0.34453125 0.54140625 0.05859375 0.10390625
2 0.5828125 0.73125 0.05390625 0.059375
2 0.02578125 0.53046875 0.0515625 0.0859375
2 0.89609375 0.41171875 0.11015625 0.08203125