1 0.51640625 0.65625 0.065625 0.08515625
1 0.79921875 0.24453125 0.059375 0.08515625
1 0.8359375 0.16328125 0.07578125 0.0609375
1 0.68984375 0.17734375 0.06953125 0.09453125
1 0.68125 0.54375 0.05546875 0.0671875
1 0.64609375 0.62109375 0.07265625 0.0921875
1 0.7640625 0.6484375 0.0625 0.0875
1 0.753125 0.5453125 0.0671875 0.0921875
1 0.7390625 0.44140625 0.07109375 0.0921875
1 0.33046875 0.34140625 0.07578125 0.0671875
1 0.23515625 0.25390625 0.07109375 0.06328125
1 0.4890625 0.03046875 0.07578125 0.0609375
1 0.12109375 0.77890625 0.07109375 0.096875
1 0.10859375 0.93125 0.0609375 0.07421875
1 0.71484375 0.81875 0.05234375 0.1015625
1 0.21484375 0.1359375 0.07109375 0.08359375
1 0.18046875 0.2109375 0.07578125 0.08125
1 0.421875 0.43828125 0.059375 0.05859375
1 0.446875 0.63671875 0.05234375 0.07890625
1 0.159375 0.51015625 0.0671875 0.0765625
1 0.171875 0.58203125 0.0625 0.0671875
4 0.578125 0.3359375 0.0625 0.096875
2 0.2890625 0.12109375 0.0640625 0.08515625
2 0.40078125 0.084375 0.07734375 0.0875
2 0.38359375 0.19921875 0.0671875 0.0609375
2 0.48125 0.28671875 0.046875 0.05625
2 0.49921875 0.32578125 0.05234375 0.1078125
0 0.6546875 0.0359375 0.0671875 0.071875
2 0.8234375 0.1109375 0.07109375 0.065625
2 0.93984375 0.30703125 0.05078125 0.065625
2 0.90859375 0.359375 0.05234375 0.0671875
2 0.90546875 0.640625 0.065625 0.08515625
2 0.96328125 0.76875 0.0734375 0.09453125
2 0.93359375 0.49453125 0.05234375 0.08515625
2 0.3265625 0.52578125 0.07109375 0.1078125
2 0.14140625 0.38203125 0.08125 0.0765625
2 0.2234375 0.4609375 0.05078125 0.0765625
2 0.275 0.43359375 0.0453125 0.09921875
2 0.1953125 0.69296875 0.0671875 0.07421875
2 0.134375 0.7109375 0.08125 0.07421875
2 0.24140625 0.8203125 0.07578125 0.0765625
2 0.32421875 0.72578125 0.07265625 0.05859375
2 0.40390625 0.57421875 0.07109375 0.07890625
1 0.86640625 0.51953125 0.06953125 0.12109375
1 0.60703125 0.4046875 0.06953125 0.09921875
1 0.4515625 0.8921875 0.06953125 0.071875
1 0.36328125 0.95078125 0.05078125 0.08125
1 0.3078125 0.96796875 0.05625 0.0640625
1 0.921875 0.92578125 0.05234375 0.1078125
1 0.03828125 0.27109375 0.0671875 0.07890625
1 0.0296875 0.384375 0.059375 0.075
1 0.11875 0.21328125 0.05078125 0.08515625
1 0.17109375 0.31875 0.07109375 0.08125
1 0.1265625 0.03046875 0.0625 0.0609375
1 0.55234375 0.84375 0.046875 0.07421875
2 0.0328125 0.5171875 0.065625 0.09453125
1 0.04375 0.4515625 0.0828125 0.05390625
1 0.10546875 0.56640625 0.046875 0.06328125
2 0.10234375 0.62578125 0.05390625 0.05625
2 0.32578125 0.26640625 0.0625 0.08359375
2 0.03203125 0.8390625 0.059375 0.0921875
2 0.06796875 0.671875 0.065625 0.0765625
2 0.03046875 0.62578125 0.0421875 0.065625
2 0.04921875 0.14140625 0.065625 0.08515625
2 0.11640625 0.06640625 0.07265625 0.0609375
2 0.21875 0.053125 0.05390625 0.065625
2 0.15234375 0.12734375 0.05546875 0.11015625
2 0.328125 0.0234375 0.059375 0.046875
2 0.33671875 0.84375 0.07109375 0.065625
2 0.328125 0.8046875 0.07734375 0.040625
2 0.234375 0.959375 0.04921875 0.0765625
2 0.58125 0.946875 0.0640625 0.07421875
2 0.6359375 0.9171875 0.06953125 0.06328125
2 0.58984375 0.75703125 0.0453125 0.05390625
2 0.60078125 0.81328125 0.05390625 0.05390625
2 0.6859375 0.72890625 0.0859375 0.07421875
2 0.80234375 0.75859375 0.065625 0.0875
2 0.8109375 0.84375 0.05546875 0.0875
2 0.78984375 0.88671875 0.05703125 0.07421875
2 0.78046875 0.95625 0.07578125 0.06953125
2 0.86015625 0.940625 0.0453125 0.05625
2 0.9765625 0.87109375 0.046875 0.06953125
0 0.49609375 0.4265625 0.059375 0.12578125
0 0.94296875 0.246875 0.090625 0.0359375
0 0.4 0.3109375 0.05234375 0.08359375
2 0.271875 0.625 0.05234375 0.071875
0 0.22578125 0.56875 0.0828125 0.08125
2 0.98359375 0.4 0.0328125 0.05859375
2 0.97265625 0.9484375 0.0421875 0.05859375
2 0.7109375 0.9671875 0.065625 0.065625
2 0.4046875 0.7765625 0.0421875 0.096875
2 0.53046875 0.77109375 0.0640625 0.05390625
2 0.46171875 0.8 0.07578125 0.0671875
0 0.4796875 0.76875 0.040625 0.08984375
0 0.3609375 0.71796875 0.05234375 0.10546875
0 0.9671875 0.5453125 0.03671875 0.0921875
2 0.9515625 0.60703125 0.05078125 0.08984375
2 0.37578125 0.453125 0.065625 0.1015625
3 0.31875 0.484375 0.04921875 0.1015625
3 0.09140625 0.86875 0.04140625 0.09609375
2 0.43828125 0.9546875 0.0765625 0.07578125
2 0.86015625 0.67578125 0.084375 0.10234375
2 0.990625 0.60859375 0.01796875 0.08203125
2 0.97734375 0.171875 0.04296875 0.0734375
2 0.98984375 0.05703125 0.01953125 0.0609375
2 0.97578125 0.10703125 0.0484375 0.046875
2 0.86640625 0.978125 0.075 0.04375
2 0.9625 0.715625 0.0625 0.0921875
3 0.15546875 0.95703125 0.0328125 0.0859375
0 0.68984375 0.4015625 0.04453125 0.0921875
2 0.65546875 0.45859375 0.05859375 0.10390625
2 0.4171875 0.26875 0.05390625 0.059375
2 0.97421875 0.46953125 0.0515625 0.0859375
2 0.10390625 0.58828125 0.11015625 0.08203125