1 0.4109375 0.0828125 0.0671875 0.1078125
1 0.46328125 0.68125 0.05703125 0.12109375
1 0.6171875 0.725 0.05546875 0.06953125
1 0.6390625 0.609375 0.05234375 0.08125
1 0.68203125 0.2828125 0.0609375 0.08515625
1 0.7203125 0.215625 0.059375 0.0671875
1 0.72578125 0.36640625 0.05078125 0.071875
1 0.76796875 0.175 0.05078125 0.06328125
1 0.80625 0.13828125 0.059375 0.065625
1 0.83828125 0.0328125 0.05234375 0.05625
1 0.921875 0.1609375 0.05546875 0.0609375
1 0.80859375 0.34296875 0.05703125 0.06953125
1 0.525 0.39453125 0.05078125 0.07421875
1 0.16796875 0.784375 0.05703125 0.0765625
1 0.153125 0.6765625 0.05390625 0.08515625
1 0.14609375 0.57421875 0.0640625 0.0921875
1 0.14375 0.31796875 0.0796875 0.07421875
1 0.0421875 0.28984375 0.0625 0.08515625
1 0.2140625 0.1765625 0.065625 0.06953125
1 0.27421875 0.6921875 0.0640625 0.0765625
1 0.90546875 0.88515625 0.0625 0.0671875
1 0.38671875 0.5375 0.046875 0.0671875
1 0.54609375 0.65625 0.04921875 0.071875
1 0.51875 0.56171875 0.0609375 0.0765625
1 0.72265625 0.59296875 0.07109375 0.08125
1 0.65859375 0.49765625 0.07109375 0.1015625
1 0.03203125 0.05078125 0.06328125 0.096875
1 0.47265625 0.05390625 0.05078125 0.08125
1 0.3625 0.028125 0.059375 0.05625
1 0.53046875 0.0359375 0.0640625 0.071875
1 0.38203125 0.38984375 0.07734375 0.08359375
1 0.4046875 0.2984375 0.0421875 0.0671875
1 0.94375 0.828125 0.0625 0.07890625
1 0.95078125 0.096875 0.09609375 0.08125
1 0.128125 0.165625 0.0796875 0.0609375
3 0.26484375 0.46875 0.109375 0.05625
3 0.89296875 0.303125 0.03046875 0.16640625
3 0.8203125 0.5453125 0.03671875 0.11484375
1 0.39375 0.171875 0.0671875 0.0609375
1 0.5546875 0.24140625 0.05546875 0.0515625
1 0.884375 0.71328125 0.0609375 0.04765625
1 0.42265625 0.484375 0.07421875 0.05625
1 0.63203125 0.12578125 0.07265625 0.08125
1 0.2953125 0.13359375 0.065625 0.07421875
1 0.1921875 0.04609375 0.0828125 0.08359375
1 0.171875 0.91796875 0.07265625 0.0921875
1 0.91484375 0.59921875 0.04375 0.08359375
2 0.96953125 0.50234375 0.0609375 0.0546875
2 0.96875 0.44453125 0.06171875 0.071875
2 0.9625 0.3328125 0.065625 0.0671875
2 0.57734375 0.3390625 0.0609375 0.08515625
2 0.49609375 0.25078125 0.04921875 0.0875
2 0.54296875 0.1875 0.08984375 0.06953125
2 0.5859375 0.13515625 0.0671875 0.04921875
2 0.446875 0.271875 0.05234375 0.08515625
2 0.33828125 0.24921875 0.07421875 0.0765625
2 0.26953125 0.35625 0.08125 0.06953125
2 0.284375 0.2109375 0.05078125 0.08125
2 0.03984375 0.77109375 0.0640625 0.0671875
2 0.0578125 0.6921875 0.0796875 0.071875
4 0.08125 0.61796875 0.07578125 0.0671875
2 0.34609375 0.59140625 0.0421875 0.08515625
2 0.23984375 0.58203125 0.07578125 0.09453125
2 0.2921875 0.54921875 0.0796875 0.04765625
2 0.7078125 0.8453125 0.065625 0.06328125
2 0.7359375 0.75703125 0.05078125 0.08984375
2 0.67578125 0.64609375 0.0453125 0.065625
2 0.59375 0.6078125 0.0421875 0.07421875
2 0.796875 0.69453125 0.046875 0.0765625
2 0.784375 0.46171875 0.0421875 0.07421875
2 0.84296875 0.4640625 0.059375 0.065625
2 0.68359375 0.4484375 0.05703125 0.096875
2 0.38125 0.8640625 0.0796875 0.0921875
2 0.228125 0.7640625 0.07265625 0.05390625
2 0.06640625 0.903125 0.065625 0.071875
2 0.2328125 0.83125 0.0421875 0.0765625
2 0.2796875 0.89921875 0.0453125 0.0765625
2 0.278125 0.98515625 0.0625 0.0296875
2 0.47578125 0.93671875 0.0453125 0.0671875
2 0.58125 0.95625 0.0609375 0.08359375
2 0.64296875 0.94140625 0.05703125 0.071875
2 0.81328125 0.88203125 0.040625 0.08359375
0 0.87890625 0.79296875 0.046875 0.08984375
2 0.74609375 0.93671875 0.05390625 0.08984375
2 0.8359375 0.95078125 0.059375 0.0671875
2 0.1328125 0.09765625 0.07734375 0.065625
2 0.08671875 0.2265625 0.05390625 0.06328125
2 0.69296875 0.11328125 0.05546875 0.0875
2 0.76171875 0.040625 0.06953125 0.08125
2 0.46484375 0.83203125 0.075 0.06328125
2 0.85078125 0.34609375 0.04453125 0.12421875
0 0.29609375 0.5078125 0.05078125 0.08359375
2 0.36875 0.98203125 0.04140625 0.0359375
2 0.4125 0.98046875 0.04375 0.0390625
2 0.45078125 0.978125 0.05078125 0.04375
2 0.8546875 0.6578125 0.04921875 0.0734375
2 0.86953125 0.59453125 0.05078125 0.0859375
2 0.01328125 0.359375 0.02578125 0.065625
2 0.7046875 0.51953125 0.03984375 0.08359375
2 0.7328125 0.48125 0.05703125 0.0796875