1 0.5890625 0.0828125 0.0671875 0.1078125
1 0.53671875 0.68125 0.05703125 0.12109375
1 0.3828125 0.725 0.05546875 0.06953125
1 0.3609375 0.609375 0.05234375 0.08125
1 0.31796875 0.2828125 0.0609375 0.08515625
1 0.2796875 0.215625 0.059375 0.0671875
1 0.27421875 0.36640625 0.05078125 0.071875
1 0.23203125 0.175 0.05078125 0.06328125
1 0.19375 0.13828125 0.059375 0.065625
1 0.16171875 0.0328125 0.05234375 0.05625
1 0.078125 0.1609375 0.05546875 0.0609375
1 0.19140625 0.34296875 0.05703125 0.06953125
1 0.475 0.39453125 0.05078125 0.07421875
1 0.83203125 0.784375 0.05703125 0.0765625
1 0.846875 0.6765625 0.05390625 0.08515625
1 0.85390625 0.57421875 0.0640625 0.0921875
1 0.85625 0.31796875 0.0796875 0.07421875
1 0.9578125 0.28984375 0.0625 0.08515625
1 0.7859375 0.1765625 0.065625 0.06953125
1 0.72578125 0.6921875 0.0640625 0.0765625
1 0.09453125 0.88515625 0.0625 0.0671875
1 0.61328125 0.5375 0.046875 0.0671875
1 0.45390625 0.65625 0.04921875 0.071875
1 0.48125 0.56171875 0.0609375 0.0765625
1 0.27734375 0.59296875 0.07109375 0.08125
1 0.34140625 0.49765625 0.07109375 0.1015625
1 0.96796875 0.05078125 0.06328125 0.096875
1 0.52734375 0.05390625 0.05078125 0.08125
1 0.6375 0.028125 0.059375 0.05625
1 0.46953125 0.0359375 0.0640625 0.071875
1 0.61796875 0.38984375 0.07734375 0.08359375
1 0.5953125 0.2984375 0.0421875 0.0671875
1 0.05625 0.828125 0.0625 0.07890625
1 0.04921875 0.096875 0.09609375 0.08125
1 0.871875 0.165625 0.0796875 0.0609375
3 0.73515625 0.46875 0.109375 0.05625
3 0.10703125 0.303125 0.03046875 0.16640625
3 0.1796875 0.5453125 0.03671875 0.11484375
1 0.60625 0.171875 0.0671875 0.0609375
1 0.4453125 0.24140625 0.05546875 0.0515625
1 0.115625 0.71328125 0.0609375 0.04765625
1 0.57734375 0.484375 0.07421875 0.05625
1 0.36796875 0.12578125 0.07265625 0.08125
1 0.7046875 0.13359375 0.065625 0.07421875
1 0.8078125 0.04609375 0.0828125 0.08359375
1 0.828125 0.91796875 0.07265625 0.0921875
1 0.08515625 0.59921875 0.04375 0.08359375
2 0.03046875 0.50234375 0.0609375 0.0546875
2 0.03125 0.44453125 0.06171875 0.071875
2 0.0375 0.3328125 0.065625 0.0671875
2 0.42265625 0.3390625 0.0609375 0.08515625
2 0.50390625 0.25078125 0.04921875 0.0875
2 0.45703125 0.1875 0.08984375 0.06953125
2 0.4140625 0.13515625 0.0671875 0.04921875
2 0.553125 0.271875 0.05234375 0.08515625
2 0.66171875 0.24921875 0.07421875 0.0765625
2 0.73046875 0.35625 0.08125 0.06953125
2 0.715625 0.2109375 0.05078125 0.08125
2 0.96015625 0.77109375 0.0640625 0.0671875
2 0.9421875 0.6921875 0.0796875 0.071875
4 0.91875 0.61796875 0.07578125 0.0671875
2 0.65390625 0.59140625 0.0421875 0.08515625
2 0.76015625 0.58203125 0.07578125 0.09453125
2 0.7078125 0.54921875 0.0796875 0.04765625
2 0.2921875 0.8453125 0.065625 0.06328125
2 0.2640625 0.75703125 0.05078125 0.08984375
2 0.32421875 0.64609375 0.0453125 0.065625
2 0.40625 0.6078125 0.0421875 0.07421875
2 0.203125 0.69453125 0.046875 0.0765625
2 0.215625 0.46171875 0.0421875 0.07421875
2 0.15703125 0.4640625 0.059375 0.065625
2 0.31640625 0.4484375 0.05703125 0.096875
2 0.61875 0.8640625 0.0796875 0.0921875
2 0.771875 0.7640625 0.07265625 0.05390625
2 0.93359375 0.903125 0.065625 0.071875
2 0.7671875 0.83125 0.0421875 0.0765625
2 0.7203125 0.89921875 0.0453125 0.0765625
2 0.721875 0.98515625 0.0625 0.0296875
2 0.52421875 0.93671875 0.0453125 0.0671875
2 0.41875 0.95625 0.0609375 0.08359375
2 0.35703125 0.94140625 0.05703125 0.071875
2 0.18671875 0.88203125 0.040625 0.08359375
0 0.12109375 0.79296875 0.046875 0.08984375
2 0.25390625 0.93671875 0.05390625 0.08984375
2 0.1640625 0.95078125 0.059375 0.0671875
2 0.8671875 0.09765625 0.07734375 0.065625
2 0.91328125 0.2265625 0.05390625 0.06328125
2 0.30703125 0.11328125 0.05546875 0.0875
2 0.23828125 0.040625 0.06953125 0.08125
2 0.53515625 0.83203125 0.075 0.06328125
2 0.14921875 0.34609375 0.04453125 0.12421875
0 0.70390625 0.5078125 0.05078125 0.08359375
2 0.63125 0.98203125 0.04140625 0.0359375
2 0.5875 0.98046875 0.04375 0.0390625
2 0.54921875 0.978125 0.05078125 0.04375
2 0.1453125 0.6578125 0.04921875 0.0734375
2 0.13046875 0.59453125 0.05078125 0.0859375
2 0.98671875 0.359375 0.02578125 0.065625
2 0.2953125 0.51953125 0.03984375 0.08359375
2 0.2671875 0.48125 0.05703125 0.0796875