1 0.43828125 0.159375 0.06953125 0.071875
1 0.553125 0.4171875 0.06953125 0.0875
1 0.53515625 0.19296875 0.06953125 0.0953125
1 0.8359375 0.1078125 0.05546875 0.08125
1 0.35546875 0.75546875 0.05546875 0.071875
1 0.6484375 0.86875 0.0609375 0.06953125
1 0.65625 0.9515625 0.09296875 0.07890625
1 0.29140625 0.24921875 0.07109375 0.08125
1 0.128125 0.6609375 0.05234375 0.0765625
1 0.084375 0.5796875 0.07265625 0.0671875
1 0.0484375 0.45625 0.05390625 0.09453125
3 0.80625 0.4546875 0.06953125 0.07890625
3 0.83203125 0.6796875 0.07109375 0.1015625
1 0.34765625 0.8546875 0.0625 0.07890625
1 0.73984375 0.56171875 0.07578125 0.08125
1 0.76640625 0.3390625 0.05390625 0.08125
1 0.8921875 0.05390625 0.06015625 0.06328125
1 0.19375 0.6671875 0.05234375 0.0671875
1 0.15 0.9234375 0.059375 0.071875
1 0.7125 0.32578125 0.05703125 0.06328125
1 0.80625 0.18984375 0.06953125 0.06953125
1 0.64296875 0.06328125 0.0640625 0.08515625
1 0.91328125 0.63046875 0.0609375 0.07421875
1 0.93359375 0.2890625 0.0625 0.0875
1 0.603125 0.56328125 0.05390625 0.07421875
1 0.06015625 0.03828125 0.07421875 0.0765625
2 0.63203125 0.20546875 0.05234375 0.07421875
2 0.58828125 0.64921875 0.05546875 0.08125
2 0.5234375 0.74140625 0.08125 0.1078125
2 0.4296875 0.784375 0.059375 0.09921875
2 0.44921875 0.43359375 0.07109375 0.08125
2 0.31328125 0.45390625 0.09765625 0.12109375
2 0.1671875 0.37890625 0.07578125 0.06953125
2 0.159375 0.28984375 0.08125 0.08125
2 0.13125 0.22265625 0.07421875 0.0671875
2 0.1296875 0.140625 0.059375 0.07890625
2 0.1453125 0.07109375 0.05546875 0.07421875
2 0.18828125 0.075 0.04375 0.1015625
2 0.240625 0.915625 0.046875 0.10546875
2 0.23984375 0.825 0.04921875 0.09453125
2 0.7859375 0.77890625 0.0390625 0.10546875
1 0.4796875 0.6390625 0.07734375 0.05625
2 0.3171875 0.59609375 0.08125 0.08671875
1 0.48984375 0.31484375 0.05078125 0.08515625
1 0.80625 0.26875 0.0453125 0.07890625
1 0.31171875 0.78984375 0.04921875 0.06953125
1 0.29296875 0.846875 0.04375 0.13515625
2 0.93203125 0.17890625 0.0625 0.11953125
2 0.871875 0.91328125 0.04921875 0.1015625
2 0.93828125 0.7921875 0.05703125 0.07421875
2 0.94296875 0.86953125 0.03671875 0.08125
2 0.909375 0.90078125 0.03046875 0.0921875
2 0.8453125 0.97265625 0.0609375 0.05390625
2 0.57734375 0.91015625 0.0671875 0.08125
2 0.03046875 0.8640625 0.0453125 0.0921875
2 0.02109375 0.81015625 0.04140625 0.07890625
2 0.04765625 0.63046875 0.05234375 0.07421875
2 0.071875 0.68984375 0.05703125 0.06328125
2 0.015625 0.259375 0.03125 0.08359375
2 0.01484375 0.05859375 0.0296875 0.1171875
2 0.42578125 0.0203125 0.09453125 0.040625
2 0.5234375 0.03046875 0.05703125 0.0609375
2 0.36484375 0.64140625 0.05703125 0.07890625
2 0.425 0.65703125 0.05234375 0.0875
2 0.28828125 0.65078125 0.05546875 0.08359375
4 0.778125 0.65625 0.08125 0.08515625
2 0.640625 0.628125 0.04921875 0.10546875
2 0.54921875 0.5609375 0.05390625 0.0609375
2 0.50703125 0.453125 0.05078125 0.08359375
2 0.396875 0.37734375 0.0609375 0.08515625
2 0.40703125 0.29453125 0.05390625 0.08515625
2 0.37734375 0.240625 0.07109375 0.09453125
2 0.33515625 0.17734375 0.05390625 0.09921875
1 0.28359375 0.05390625 0.059375 0.08125
0 0.73046875 0.81015625 0.0609375 0.06953125
2 0.759375 0.43671875 0.0640625 0.0515625
2 0.89609375 0.3765625 0.05703125 0.096875
2 0.92734375 0.5796875 0.0453125 0.0765625
2 0.834375 0.78671875 0.04921875 0.08515625
0 0.0359375 0.3484375 0.0421875 0.09453125
0 0.7203125 0.16328125 0.065625 0.07421875
0 0.66953125 0.2109375 0.03515625 0.08984375
0 0.67109375 0.13671875 0.065625 0.08984375
0 0.778125 0.09296875 0.03671875 0.0875
1 0.69375 0.06484375 0.05703125 0.0765625
1 0.8625 0.6046875 0.05078125 0.0671875
2 0.9109375 0.47421875 0.0671875 0.06328125
2 0.821875 0.5078125 0.046875 0.0765625
2 0.95234375 0.328125 0.0421875 0.08515625
2 0.946875 0.73828125 0.0640625 0.0515625
2 0.97890625 0.63359375 0.04140625 0.071875
2 0.9875 0.5640625 0.025 0.07734375
2 0.46875 0.70859375 0.05234375 0.07890625
2 0.03125 0.41015625 0.05703125 0.08359375
1 0.72890625 0.48359375 0.084375 0.07109375
1 0.85 0.31328125 0.06015625 0.075
1 0.85703125 0.2296875 0.0625 0.075
2 0.99140625 0.309375 0.01640625 0.06015625
2 0.85859375 0.475 0.04609375 0.0859375
2 0.98671875 0.2109375 0.0265625 0.096875
2 0.25078125 0.11484375 0.05 0.08203125
2 0.328125 0.03515625 0.05234375 0.0703125
2 0.3375 0.05078125 0.00703125 0.0109375
4 0.3296875 0.0453125 0.059375 0.090625
0 0.88828125 0.728125 0.0453125 0.06640625
2 0.89375 0.68359375 0.0359375 0.05546875
2 0.91953125 0.69140625 0.0375 0.0640625
2 0.98671875 0.8484375 0.0265625 0.053125
2 0.01015625 0.3046875 0.0203125 0.09765625
0 0.1203125 0.046875 0.06328125 0.06484375
2 0.12890625 0.025 0.04765625 0.03828125
2 0.01328125 0.728125 0.0265625 0.08671875
2 0.0125 0.64453125 0.02421875 0.0734375
2 0.0234375 0.97578125 0.046875 0.0484375
2 0.08828125 0.98125 0.04609375 0.03671875
1 0.14609375 0.98125 0.071875 0.03671875
2 0.98515625 0.715625 0.0296875 0.0953125
2 0.73125 0.025 0.03046875 0.04921875
2 0.78203125 0.02421875 0.05234375 0.0484375
2 0.8984375 0.9671875 0.0421875 0.0625
2 0.59921875 0.11640625 0.06328125 0.08984375
2 0.89375 0.53984375 0.05390625 0.0734375
2 0.840625 0.73671875 0.05390625 0.07734375