1 0.609375 0.446875 0.08125 0.08984375
1 0.55703125 0.3796875 0.07109375 0.071875
1 0.64453125 0.66953125 0.09609375 0.0765625
1 0.6703125 0.7921875 0.05390625 0.1015625
1 0.78515625 0.6390625 0.08125 0.096875
1 0.25546875 0.08125 0.08125 0.06328125
1 0.428125 0.31640625 0.07578125 0.08515625
1 0.903125 0.21796875 0.07109375 0.071875
1 0.9375 0.31484375 0.059375 0.071875
1 0.8984375 0.8765625 0.05234375 0.0765625
1 0.46328125 0.225 0.0671875 0.0671875
1 0.18984375 0.18515625 0.0609375 0.0921875
1 0.24453125 0.37421875 0.05546875 0.07421875
1 0.240625 0.2671875 0.04375 0.071875
1 0.4578125 0.50234375 0.07421875 0.06953125
1 0.33515625 0.38984375 0.0609375 0.07421875
1 0.14921875 0.4359375 0.05703125 0.06328125
1 0.1546875 0.7359375 0.05703125 0.065625
1 0.66484375 0.109375 0.05390625 0.0921875
1 0.853125 0.81484375 0.05234375 0.07890625
2 0.03125 0.54296875 0.06171875 0.07421875
2 0.034375 0.728125 0.0390625 0.12578125
2 0.134375 0.88515625 0.05390625 0.071875
2 0.096875 0.65078125 0.05390625 0.07421875
2 0.090625 0.471875 0.07421875 0.08984375
2 0.121875 0.3515625 0.0390625 0.1015625
2 0.1015625 0.23125 0.05546875 0.0765625
0 0.63515625 0.55078125 0.0671875 0.08515625
2 0.72734375 0.47734375 0.05390625 0.10546875
2 0.82890625 0.4984375 0.05390625 0.08125
2 0.48046875 0.89765625 0.0828125 0.07890625
2 0.45 0.8359375 0.05234375 0.05859375
2 0.5921875 0.90859375 0.0625 0.096875
2 0.75546875 0.94375 0.07578125 0.08125
2 0.8046875 0.97421875 0.07734375 0.0515625
2 0.9265625 0.75546875 0.0671875 0.06328125
0 0.8546875 0.57734375 0.07265625 0.0765625
2 0.87734375 0.4984375 0.05390625 0.08984375
2 0.409375 0.64921875 0.0609375 0.08515625
2 0.32421875 0.62265625 0.059375 0.08125
2 0.79140625 0.21796875 0.08125 0.06328125
2 0.52421875 0.13671875 0.09609375 0.05859375
2 0.54140625 0.06171875 0.06953125 0.07890625
2 0.5953125 0.1203125 0.06953125 0.096875
2 0.053125 0.09453125 0.07421875 0.08984375
2 0.2 0.0390625 0.0640625 0.07421875
2 0.33125 0.05859375 0.05390625 0.08125
2 0.3859375 0.73125 0.05546875 0.07890625
2 0.76796875 0.87109375 0.08125 0.07890625
2 0.95546875 0.89921875 0.0609375 0.0671875
2 0.94140625 0.40546875 0.05703125 0.0609375
2 0.85546875 0.32734375 0.05390625 0.06953125
2 0.87109375 0.39296875 0.03671875 0.0671875
0 0.965625 0.1890625 0.05703125 0.08515625
2 0.91953125 0.05703125 0.0640625 0.06953125
2 0.878125 0.03125 0.059375 0.0453125
2 0.8796875 0.10546875 0.05234375 0.04921875
2 0.80078125 0.071875 0.06953125 0.071875
2 0.53046875 0.59296875 0.05078125 0.0671875
2 0.32421875 0.9328125 0.059375 0.05390625
2 0.403125 0.87890625 0.065625 0.08125
2 0.3859375 0.5609375 0.06953125 0.07421875
2 0.59921875 0.740625 0.046875 0.07890625
2 0.62890625 0.215625 0.065625 0.08125
2 0.47734375 0.28671875 0.04921875 0.05625
2 0.1890625 0.79296875 0.07578125 0.08125
2 0.07890625 0.7265625 0.05390625 0.0875
2 0.19296875 0.48984375 0.0640625 0.05859375
2 0.33828125 0.25703125 0.0609375 0.0609375
4 0.3609375 0.171875 0.059375 0.0875
2 0.315625 0.4546875 0.09296875 0.06953125
2 0.6578125 0.884375 0.0625 0.06953125
2 0.6859375 0.98046875 0.065625 0.03828125
2 0.91953125 0.471875 0.05390625 0.05859375
2 0.83359375 0.284375 0.07734375 0.065625
2 0.96015625 0.253125 0.0609375 0.07421875
2 0.9890625 0.0453125 0.02109375 0.08984375
2 0.67578125 0.02578125 0.065625 0.0515625
2 0.68828125 0.153125 0.0453125 0.05390625
0 0.67109375 0.20703125 0.08984375 0.08984375
0 0.3140625 0.7890625 0.059375 0.08125
0 0.46875 0.69921875 0.0453125 0.071875
0 0.5734375 0.2640625 0.0625 0.096875
0 0.03203125 0.83828125 0.04921875 0.1171875
3 0.940625 0.52265625 0.05234375 0.096875
3 0.228125 0.5453125 0.04921875 0.11484375
3 0.30078125 0.5375 0.05703125 0.09453125
3 0.2328125 0.8125 0.05546875 0.1015625
0 0.19296875 0.25859375 0.040625 0.13515625
4 0.51640625 0.8203125 0.06953125 0.0765625
2 0.5703125 0.82890625 0.059375 0.08515625
1 0.2953125 0.85390625 0.05546875 0.08984375
1 0.81328125 0.71015625 0.0671875 0.13046875
2 0.37890625 0.81875 0.05703125 0.04765625
2 0.05703125 0.19765625 0.0640625 0.0765625
4 0.83828125 0.12890625 0.0625 0.0609375
2 0.94140625 0.83125 0.05703125 0.08359375
2 0.98671875 0.82421875 0.02578125 0.09375
2 0.165625 0.534375 0.075 0.08203125
2 0.7828125 0.4859375 0.04609375 0.0875
2 0.3265625 0.984375 0.075 0.03046875
2 0.13984375 0.0203125 0.05078125 0.03984375
2 0.0640625 0.01484375 0.05859375 0.0296875
2 0.0109375 0.4453125 0.02109375 0.08359375
2 0.81484375 0.01953125 0.0671875 0.0390625
2 0.40859375 0.034375 0.05546875 0.06875
2 0.36875 0.0328125 0.03984375 0.059375