1 0.390625 0.553125 0.08125 0.08984375
1 0.44296875 0.6203125 0.07109375 0.071875
1 0.35546875 0.33046875 0.09609375 0.0765625
1 0.3296875 0.2078125 0.05390625 0.1015625
1 0.21484375 0.3609375 0.08125 0.096875
1 0.74453125 0.91875 0.08125 0.06328125
1 0.571875 0.68359375 0.07578125 0.08515625
1 0.096875 0.78203125 0.07109375 0.071875
1 0.0625 0.68515625 0.059375 0.071875
1 0.1015625 0.1234375 0.05234375 0.0765625
1 0.53671875 0.775 0.0671875 0.0671875
1 0.81015625 0.81484375 0.0609375 0.0921875
1 0.75546875 0.62578125 0.05546875 0.07421875
1 0.759375 0.7328125 0.04375 0.071875
1 0.5421875 0.49765625 0.07421875 0.06953125
1 0.66484375 0.61015625 0.0609375 0.07421875
1 0.85078125 0.5640625 0.05703125 0.06328125
1 0.8453125 0.2640625 0.05703125 0.065625
1 0.33515625 0.890625 0.05390625 0.0921875
1 0.146875 0.18515625 0.05234375 0.07890625
2 0.96875 0.45703125 0.06171875 0.07421875
2 0.965625 0.271875 0.0390625 0.12578125
2 0.865625 0.11484375 0.05390625 0.071875
2 0.903125 0.34921875 0.05390625 0.07421875
2 0.909375 0.528125 0.07421875 0.08984375
2 0.878125 0.6484375 0.0390625 0.1015625
2 0.8984375 0.76875 0.05546875 0.0765625
0 0.36484375 0.44921875 0.0671875 0.08515625
2 0.27265625 0.52265625 0.05390625 0.10546875
2 0.17109375 0.5015625 0.05390625 0.08125
2 0.51953125 0.10234375 0.0828125 0.07890625
2 0.55 0.1640625 0.05234375 0.05859375
2 0.4078125 0.09140625 0.0625 0.096875
2 0.24453125 0.05625 0.07578125 0.08125
2 0.1953125 0.02578125 0.07734375 0.0515625
2 0.0734375 0.24453125 0.0671875 0.06328125
0 0.1453125 0.42265625 0.07265625 0.0765625
2 0.12265625 0.5015625 0.05390625 0.08984375
2 0.590625 0.35078125 0.0609375 0.08515625
2 0.67578125 0.37734375 0.059375 0.08125
2 0.20859375 0.78203125 0.08125 0.06328125
2 0.47578125 0.86328125 0.09609375 0.05859375
2 0.45859375 0.93828125 0.06953125 0.07890625
2 0.4046875 0.8796875 0.06953125 0.096875
2 0.946875 0.90546875 0.07421875 0.08984375
2 0.8 0.9609375 0.0640625 0.07421875
2 0.66875 0.94140625 0.05390625 0.08125
2 0.6140625 0.26875 0.05546875 0.07890625
2 0.23203125 0.12890625 0.08125 0.07890625
2 0.04453125 0.10078125 0.0609375 0.0671875
2 0.05859375 0.59453125 0.05703125 0.0609375
2 0.14453125 0.67265625 0.05390625 0.06953125
2 0.12890625 0.60703125 0.03671875 0.0671875
0 0.034375 0.8109375 0.05703125 0.08515625
2 0.08046875 0.94296875 0.0640625 0.06953125
2 0.121875 0.96875 0.059375 0.0453125
2 0.1203125 0.89453125 0.05234375 0.04921875
2 0.19921875 0.928125 0.06953125 0.071875
2 0.46953125 0.40703125 0.05078125 0.0671875
2 0.67578125 0.0671875 0.059375 0.05390625
2 0.596875 0.12109375 0.065625 0.08125
2 0.6140625 0.4390625 0.06953125 0.07421875
2 0.40078125 0.259375 0.046875 0.07890625
2 0.37109375 0.784375 0.065625 0.08125
2 0.52265625 0.71328125 0.04921875 0.05625
2 0.8109375 0.20703125 0.07578125 0.08125
2 0.92109375 0.2734375 0.05390625 0.0875
2 0.80703125 0.51015625 0.0640625 0.05859375
2 0.66171875 0.74296875 0.0609375 0.0609375
4 0.6390625 0.828125 0.059375 0.0875
2 0.684375 0.5453125 0.09296875 0.06953125
2 0.3421875 0.115625 0.0625 0.06953125
2 0.3140625 0.01953125 0.065625 0.03828125
2 0.08046875 0.528125 0.05390625 0.05859375
2 0.16640625 0.715625 0.07734375 0.065625
2 0.03984375 0.746875 0.0609375 0.07421875
2 0.0109375 0.9546875 0.02109375 0.08984375
2 0.32421875 0.97421875 0.065625 0.0515625
2 0.31171875 0.846875 0.0453125 0.05390625
0 0.32890625 0.79296875 0.08984375 0.08984375
0 0.6859375 0.2109375 0.059375 0.08125
0 0.53125 0.30078125 0.0453125 0.071875
0 0.4265625 0.7359375 0.0625 0.096875
0 0.96796875 0.16171875 0.04921875 0.1171875
3 0.059375 0.47734375 0.05234375 0.096875
3 0.771875 0.4546875 0.04921875 0.11484375
3 0.69921875 0.4625 0.05703125 0.09453125
3 0.7671875 0.1875 0.05546875 0.1015625
0 0.80703125 0.74140625 0.040625 0.13515625
4 0.48359375 0.1796875 0.06953125 0.0765625
2 0.4296875 0.17109375 0.059375 0.08515625
1 0.7046875 0.14609375 0.05546875 0.08984375
1 0.18671875 0.28984375 0.0671875 0.13046875
2 0.62109375 0.18125 0.05703125 0.04765625
2 0.94296875 0.80234375 0.0640625 0.0765625
4 0.16171875 0.87109375 0.0625 0.0609375
2 0.05859375 0.16875 0.05703125 0.08359375
2 0.01328125 0.17578125 0.02578125 0.09375
2 0.834375 0.465625 0.075 0.08203125
2 0.2171875 0.5140625 0.04609375 0.0875
2 0.6734375 0.015625 0.075 0.03046875
2 0.86015625 0.9796875 0.05078125 0.03984375
2 0.9359375 0.98515625 0.05859375 0.0296875
2 0.9890625 0.5546875 0.02109375 0.08359375
2 0.18515625 0.98046875 0.0671875 0.0390625
2 0.59140625 0.965625 0.05546875 0.06875
2 0.63125 0.9671875 0.03984375 0.059375