1 0.7125 0.33359375 0.0671875 0.07890625
1 0.634375 0.39921875 0.065625 0.07421875
1 0.35390625 0.82578125 0.059375 0.08359375
1 0.4453125 0.26171875 0.065625 0.06953125
1 0.16328125 0.3078125 0.07109375 0.05390625
1 0.97734375 0.7484375 0.0453125 0.09921875
2 0.81484375 0.37265625 0.05390625 0.09921875
2 0.459375 0.0953125 0.05703125 0.096875
2 0.4265625 0.18203125 0.06953125 0.08125
2 0.38671875 0.23515625 0.0671875 0.07421875
2 0.52890625 0.27890625 0.05703125 0.08125
2 0.590625 0.29296875 0.05703125 0.07421875
2 0.64296875 0.14609375 0.0671875 0.0671875
2 0.35078125 0.42890625 0.065625 0.08515625
2 0.4921875 0.671875 0.06953125 0.08515625
2 0.45625 0.803125 0.05703125 0.07421875
2 0.52890625 0.7890625 0.0671875 0.08125
2 0.67265625 0.690625 0.07578125 0.0921875
2 0.69296875 0.53125 0.0453125 0.0875
2 0.96484375 0.50703125 0.0609375 0.07421875
2 0.8921875 0.4953125 0.059375 0.0921875
2 0.8484375 0.51015625 0.04375 0.08515625
2 0.8046875 0.5203125 0.05390625 0.06953125
2 0.9609375 0.58984375 0.0625 0.0875
2 0.90859375 0.6046875 0.059375 0.08515625
2 0.8921875 0.9640625 0.07578125 0.071875
2 0.1921875 0.60234375 0.065625 0.1078125
2 0.1265625 0.62265625 0.059375 0.08515625
2 0.0703125 0.64140625 0.046875 0.03828125
2 0.08046875 0.73515625 0.05703125 0.08984375
2 0.146875 0.74453125 0.05546875 0.10546875
2 0.6265625 0.0828125 0.0640625 0.0765625
2 0.11171875 0.184375 0.07578125 0.09921875
2 0.1078125 0.2890625 0.05546875 0.1015625
2 0.1984375 0.1640625 0.0609375 0.09453125
2 0.171875 0.23359375 0.06953125 0.0765625
2 0.959375 0.32734375 0.06953125 0.06953125
2 0.878125 0.30234375 0.07265625 0.08359375
2 0.78671875 0.11796875 0.0671875 0.0875
2 0.7828125 0.2890625 0.0609375 0.0609375
2 0.82578125 0.6234375 0.05546875 0.07421875
2 0.91484375 0.68359375 0.0640625 0.06328125
2 0.78828125 0.6921875 0.05703125 0.06328125
2 0.7703125 0.76171875 0.05234375 0.0765625
2 0.5703125 0.903125 0.05234375 0.08984375
2 0.315625 0.90703125 0.0796875 0.07890625
2 0.3484375 0.64921875 0.0640625 0.1171875
2 0.571875 0.51953125 0.0453125 0.0765625
2 0.55859375 0.5953125 0.040625 0.09453125
2 0.5 0.47265625 0.046875 0.0515625
2 0.5125 0.52578125 0.059375 0.0765625
1 0.8828125 0.05078125 0.07734375 0.07890625
0 0.51640625 0.4203125 0.0390625 0.1125
0 0.253125 0.46015625 0.04921875 0.0875
0 0.82578125 0.79453125 0.04921875 0.11484375
0 0.765625 0.62109375 0.0625 0.07890625
0 0.70234375 0.12734375 0.040625 0.06953125
0 0.46484375 0.43125 0.05703125 0.09921875
0 0.43671875 0.59453125 0.05234375 0.1015625
0 0.56328125 0.4203125 0.04921875 0.1078125
2 0.6375 0.525 0.05546875 0.07421875
2 0.62578125 0.46875 0.07265625 0.07890625
2 0.8390625 0.12578125 0.07421875 0.08515625
2 0.740625 0.19453125 0.05703125 0.07421875
2 0.70390625 0.22578125 0.07734375 0.07890625
2 0.96640625 0.2484375 0.06640625 0.08359375
2 0.98359375 0.15625 0.0328125 0.08359375
2 0.27578125 0.7890625 0.07421875 0.09453125
2 0.2 0.7203125 0.09453125 0.0875
2 0.21015625 0.9 0.0640625 0.1015625
2 0.1484375 0.8640625 0.0796875 0.07890625
2 0.5015625 0.88203125 0.090625 0.0921875
2 0.62578125 0.88125 0.05234375 0.0671875
2 0.740625 0.8921875 0.0640625 0.06328125
2 0.77578125 0.96640625 0.09296875 0.0671875
2 0.7421875 0.809375 0.05234375 0.0671875
2 0.296875 0.4828125 0.05546875 0.103125
4 0.0375 0.55390625 0.053125 0.08984375
4 0.31484375 0.97578125 0.1140625 0.0484375
0 0.38046875 0.37109375 0.05390625 0.103125
4 0.1484375 0.94921875 0.07578125 0.06953125
2 0.4109375 0.490625 0.08125 0.0875
2 0.621875 0.79453125 0.0796875 0.0609375
2 0.01484375 0.859375 0.0296875 0.0921875
2 0.80859375 0.03359375 0.046875 0.05859375
2 0.971875 0.025 0.040625 0.04921875
0 0.0421875 0.05625 0.03515625 0.08984375
0 0.73046875 0.67109375 0.03671875 0.11953125
2 0.96953125 0.9828125 0.0609375 0.03359375
2 0.728125 0.9828125 0.075 0.03359375
2 0.09765625 0.978125 0.059375 0.04375
2 0.3984375 0.6046875 0.0671875 0.0859375
0 0.78125 0.57421875 0.0828125 0.0859375