1 0.2875 0.33359375 0.0671875 0.07890625
1 0.365625 0.39921875 0.065625 0.07421875
1 0.64609375 0.82578125 0.059375 0.08359375
1 0.5546875 0.26171875 0.065625 0.06953125
1 0.83671875 0.3078125 0.07109375 0.05390625
1 0.02265625 0.7484375 0.0453125 0.09921875
2 0.18515625 0.37265625 0.05390625 0.09921875
2 0.540625 0.0953125 0.05703125 0.096875
2 0.5734375 0.18203125 0.06953125 0.08125
2 0.61328125 0.23515625 0.0671875 0.07421875
2 0.47109375 0.27890625 0.05703125 0.08125
2 0.409375 0.29296875 0.05703125 0.07421875
2 0.35703125 0.14609375 0.0671875 0.0671875
2 0.64921875 0.42890625 0.065625 0.08515625
2 0.5078125 0.671875 0.06953125 0.08515625
2 0.54375 0.803125 0.05703125 0.07421875
2 0.47109375 0.7890625 0.0671875 0.08125
2 0.32734375 0.690625 0.07578125 0.0921875
2 0.30703125 0.53125 0.0453125 0.0875
2 0.03515625 0.50703125 0.0609375 0.07421875
2 0.1078125 0.4953125 0.059375 0.0921875
2 0.1515625 0.51015625 0.04375 0.08515625
2 0.1953125 0.5203125 0.05390625 0.06953125
2 0.0390625 0.58984375 0.0625 0.0875
2 0.09140625 0.6046875 0.059375 0.08515625
2 0.1078125 0.9640625 0.07578125 0.071875
2 0.8078125 0.60234375 0.065625 0.1078125
2 0.8734375 0.62265625 0.059375 0.08515625
2 0.9296875 0.64140625 0.046875 0.03828125
2 0.91953125 0.73515625 0.05703125 0.08984375
2 0.853125 0.74453125 0.05546875 0.10546875
2 0.3734375 0.0828125 0.0640625 0.0765625
2 0.88828125 0.184375 0.07578125 0.09921875
2 0.8921875 0.2890625 0.05546875 0.1015625
2 0.8015625 0.1640625 0.0609375 0.09453125
2 0.828125 0.23359375 0.06953125 0.0765625
2 0.040625 0.32734375 0.06953125 0.06953125
2 0.121875 0.30234375 0.07265625 0.08359375
2 0.21328125 0.11796875 0.0671875 0.0875
2 0.2171875 0.2890625 0.0609375 0.0609375
2 0.17421875 0.6234375 0.05546875 0.07421875
2 0.08515625 0.68359375 0.0640625 0.06328125
2 0.21171875 0.6921875 0.05703125 0.06328125
2 0.2296875 0.76171875 0.05234375 0.0765625
2 0.4296875 0.903125 0.05234375 0.08984375
2 0.684375 0.90703125 0.0796875 0.07890625
2 0.6515625 0.64921875 0.0640625 0.1171875
2 0.428125 0.51953125 0.0453125 0.0765625
2 0.44140625 0.5953125 0.040625 0.09453125
2 0.5 0.47265625 0.046875 0.0515625
2 0.4875 0.52578125 0.059375 0.0765625
1 0.1171875 0.05078125 0.07734375 0.07890625
0 0.48359375 0.4203125 0.0390625 0.1125
0 0.746875 0.46015625 0.04921875 0.0875
0 0.17421875 0.79453125 0.04921875 0.11484375
0 0.234375 0.62109375 0.0625 0.07890625
0 0.29765625 0.12734375 0.040625 0.06953125
0 0.53515625 0.43125 0.05703125 0.09921875
0 0.56328125 0.59453125 0.05234375 0.1015625
0 0.43671875 0.4203125 0.04921875 0.1078125
2 0.3625 0.525 0.05546875 0.07421875
2 0.37421875 0.46875 0.07265625 0.07890625
2 0.1609375 0.12578125 0.07421875 0.08515625
2 0.259375 0.19453125 0.05703125 0.07421875
2 0.29609375 0.22578125 0.07734375 0.07890625
2 0.03359375 0.2484375 0.06640625 0.08359375
2 0.01640625 0.15625 0.0328125 0.08359375
2 0.72421875 0.7890625 0.07421875 0.09453125
2 0.8 0.7203125 0.09453125 0.0875
2 0.78984375 0.9 0.0640625 0.1015625
2 0.8515625 0.8640625 0.0796875 0.07890625
2 0.4984375 0.88203125 0.090625 0.0921875
2 0.37421875 0.88125 0.05234375 0.0671875
2 0.259375 0.8921875 0.0640625 0.06328125
2 0.22421875 0.96640625 0.09296875 0.0671875
2 0.2578125 0.809375 0.05234375 0.0671875
2 0.703125 0.4828125 0.05546875 0.103125
4 0.9625 0.55390625 0.053125 0.08984375
4 0.68515625 0.97578125 0.1140625 0.0484375
0 0.61953125 0.37109375 0.05390625 0.103125
4 0.8515625 0.94921875 0.07578125 0.06953125
2 0.5890625 0.490625 0.08125 0.0875
2 0.378125 0.79453125 0.0796875 0.0609375
2 0.98515625 0.859375 0.0296875 0.0921875
2 0.19140625 0.03359375 0.046875 0.05859375
2 0.028125 0.025 0.040625 0.04921875
0 0.9578125 0.05625 0.03515625 0.08984375
0 0.26953125 0.67109375 0.03671875 0.11953125
2 0.03046875 0.9828125 0.0609375 0.03359375
2 0.271875 0.9828125 0.075 0.03359375
2 0.90234375 0.978125 0.059375 0.04375
2 0.6015625 0.6046875 0.0671875 0.0859375
0 0.21875 0.57421875 0.0828125 0.0859375