1 0.7125 0.66640625 0.0671875 0.07890625
1 0.634375 0.60078125 0.065625 0.07421875
1 0.35390625 0.17421875 0.059375 0.08359375
1 0.4453125 0.73828125 0.065625 0.06953125
1 0.16328125 0.6921875 0.07109375 0.05390625
1 0.97734375 0.2515625 0.0453125 0.09921875
2 0.81484375 0.62734375 0.05390625 0.09921875
2 0.459375 0.9046875 0.05703125 0.096875
2 0.4265625 0.81796875 0.06953125 0.08125
2 0.38671875 0.76484375 0.0671875 0.07421875
2 0.52890625 0.72109375 0.05703125 0.08125
2 0.590625 0.70703125 0.05703125 0.07421875
2 0.64296875 0.85390625 0.0671875 0.0671875
2 0.35078125 0.57109375 0.065625 0.08515625
2 0.4921875 0.328125 0.06953125 0.08515625
2 0.45625 0.196875 0.05703125 0.07421875
2 0.52890625 0.2109375 0.0671875 0.08125
2 0.67265625 0.309375 0.07578125 0.0921875
2 0.69296875 0.46875 0.0453125 0.0875
2 0.96484375 0.49296875 0.0609375 0.07421875
2 0.8921875 0.5046875 0.059375 0.0921875
2 0.8484375 0.48984375 0.04375 0.08515625
2 0.8046875 0.4796875 0.05390625 0.06953125
2 0.9609375 0.41015625 0.0625 0.0875
2 0.90859375 0.3953125 0.059375 0.08515625
2 0.8921875 0.0359375 0.07578125 0.071875
2 0.1921875 0.39765625 0.065625 0.1078125
2 0.1265625 0.37734375 0.059375 0.08515625
2 0.0703125 0.35859375 0.046875 0.03828125
2 0.08046875 0.26484375 0.05703125 0.08984375
2 0.146875 0.25546875 0.05546875 0.10546875
2 0.6265625 0.9171875 0.0640625 0.0765625
2 0.11171875 0.815625 0.07578125 0.09921875
2 0.1078125 0.7109375 0.05546875 0.1015625
2 0.1984375 0.8359375 0.0609375 0.09453125
2 0.171875 0.76640625 0.06953125 0.0765625
2 0.959375 0.67265625 0.06953125 0.06953125
2 0.878125 0.69765625 0.07265625 0.08359375
2 0.78671875 0.88203125 0.0671875 0.0875
2 0.7828125 0.7109375 0.0609375 0.0609375
2 0.82578125 0.3765625 0.05546875 0.07421875
2 0.91484375 0.31640625 0.0640625 0.06328125
2 0.78828125 0.3078125 0.05703125 0.06328125
2 0.7703125 0.23828125 0.05234375 0.0765625
2 0.5703125 0.096875 0.05234375 0.08984375
2 0.315625 0.09296875 0.0796875 0.07890625
2 0.3484375 0.35078125 0.0640625 0.1171875
2 0.571875 0.48046875 0.0453125 0.0765625
2 0.55859375 0.4046875 0.040625 0.09453125
2 0.5 0.52734375 0.046875 0.0515625
2 0.5125 0.47421875 0.059375 0.0765625
1 0.8828125 0.94921875 0.07734375 0.07890625
0 0.51640625 0.5796875 0.0390625 0.1125
0 0.253125 0.53984375 0.04921875 0.0875
0 0.82578125 0.20546875 0.04921875 0.11484375
0 0.765625 0.37890625 0.0625 0.07890625
0 0.70234375 0.87265625 0.040625 0.06953125
0 0.46484375 0.56875 0.05703125 0.09921875
0 0.43671875 0.40546875 0.05234375 0.1015625
0 0.56328125 0.5796875 0.04921875 0.1078125
2 0.6375 0.475 0.05546875 0.07421875
2 0.62578125 0.53125 0.07265625 0.07890625
2 0.8390625 0.87421875 0.07421875 0.08515625
2 0.740625 0.80546875 0.05703125 0.07421875
2 0.70390625 0.77421875 0.07734375 0.07890625
2 0.96640625 0.7515625 0.06640625 0.08359375
2 0.98359375 0.84375 0.0328125 0.08359375
2 0.27578125 0.2109375 0.07421875 0.09453125
2 0.2 0.2796875 0.09453125 0.0875
2 0.21015625 0.1 0.0640625 0.1015625
2 0.1484375 0.1359375 0.0796875 0.07890625
2 0.5015625 0.11796875 0.090625 0.0921875
2 0.62578125 0.11875 0.05234375 0.0671875
2 0.740625 0.1078125 0.0640625 0.06328125
2 0.77578125 0.03359375 0.09296875 0.0671875
2 0.7421875 0.190625 0.05234375 0.0671875
2 0.296875 0.5171875 0.05546875 0.103125
4 0.0375 0.44609375 0.053125 0.08984375
4 0.31484375 0.02421875 0.1140625 0.0484375
0 0.38046875 0.62890625 0.05390625 0.103125
4 0.1484375 0.05078125 0.07578125 0.06953125
2 0.4109375 0.509375 0.08125 0.0875
2 0.621875 0.20546875 0.0796875 0.0609375
2 0.01484375 0.140625 0.0296875 0.0921875
2 0.80859375 0.96640625 0.046875 0.05859375
2 0.971875 0.975 0.040625 0.04921875
0 0.0421875 0.94375 0.03515625 0.08984375
0 0.73046875 0.32890625 0.03671875 0.11953125
2 0.96953125 0.0171875 0.0609375 0.03359375
2 0.728125 0.0171875 0.075 0.03359375
2 0.09765625 0.021875 0.059375 0.04375
2 0.3984375 0.3953125 0.0671875 0.0859375
0 0.78125 0.42578125 0.0828125 0.0859375