1 0.63515625 0.1203125 0.0640625 0.065625
1 0.446875 0.18671875 0.059375 0.0765625
2 0.30546875 0.1515625 0.059375 0.06953125
1 0.19140625 0.11875 0.05703125 0.08125
1 0.09609375 0.0375 0.0796875 0.065625
1 0.0625 0.17265625 0.05234375 0.08515625
1 0.04140625 0.41015625 0.07109375 0.06953125
1 0.153125 0.46875 0.05078125 0.07890625
1 0.14375 0.66328125 0.05234375 0.08125
1 0.171875 0.7890625 0.06953125 0.06328125
1 0.2390625 0.8921875 0.084375 0.06328125
1 0.3015625 0.83828125 0.0828125 0.05859375
1 0.3375 0.890625 0.065625 0.05625
1 0.5984375 0.56640625 0.059375 0.071875
1 0.825 0.228125 0.046875 0.05625
1 0.809375 0.09765625 0.07265625 0.07421875
1 0.76171875 0.85703125 0.0625 0.07421875
1 0.715625 0.89765625 0.04375 0.05625
1 0.2984375 0.47265625 0.04921875 0.07421875
1 0.11796875 0.24453125 0.0625 0.08125
1 0.0421875 0.7484375 0.0625 0.06328125
1 0.74296875 0.2640625 0.0671875 0.05625
1 0.896875 0.6234375 0.04921875 0.07890625
1 0.925 0.70234375 0.0609375 0.05625
1 0.8828125 0.753125 0.05078125 0.08984375
1 0.88125 0.8890625 0.04375 0.07890625
1 0.9 0.97109375 0.04921875 0.05390625
1 0.6703125 0.925 0.0640625 0.04765625
1 0.528125 0.19453125 0.06953125 0.05625
1 0.85078125 0.978125 0.0609375 0.04375
1 0.6984375 0.43125 0.0859375 0.0671875
1 0.29609375 0.06640625 0.084375 0.07421875
1 0.7859375 0.315625 0.04921875 0.06953125
3 0.9625 0.334375 0.05859375 0.10546875
1 0.06640625 0.796875 0.0671875 0.0609375
3 0.47109375 0.27734375 0.07421875 0.06953125
3 0.04765625 0.309375 0.08671875 0.06171875
3 0.54921875 0.8109375 0.07421875 0.05859375
3 0.26953125 0.7828125 0.07421875 0.06953125
3 0.3828125 0.2359375 0.0421875 0.05859375
3 0.79140625 0.4765625 0.0609375 0.08125
3 0.87109375 0.165625 0.040625 0.07421875
3 0.178125 0.059375 0.05390625 0.065625
2 0.66640625 0.4546875 0.059375 0.0875
3 0.4796875 0.4484375 0.0640625 0.08359375
2 0.23359375 0.415625 0.07265625 0.09921875
2 0.22421875 0.6 0.059375 0.0765625
2 0.44140625 0.584375 0.0421875 0.05390625
2 0.3921875 0.6765625 0.05390625 0.08125
2 0.3515625 0.6046875 0.040625 0.07734375
2 0.3796875 0.4984375 0.0625 0.06328125
2 0.3796875 0.309375 0.05234375 0.07421875
2 0.46640625 0.1078125 0.05390625 0.0765625
2 0.46796875 0.02734375 0.084375 0.05390625
2 0.80703125 0.040625 0.0640625 0.05859375
2 0.92578125 0.26171875 0.0390625 0.08359375
2 0.87265625 0.2828125 0.08125 0.04921875
2 0.953125 0.63046875 0.0609375 0.06953125
0 0.29765625 0.32578125 0.0671875 0.0671875
0 0.04453125 0.1203125 0.07421875 0.0609375
3 0.7125 0.0484375 0.0875 0.04296875
3 0.54609375 0.68125 0.0421875 0.071875
4 0.8546875 0.4234375 0.0796875 0.0875
4 0.5890625 0.64375 0.05703125 0.07890625
1 0.4515625 0.64609375 0.07265625 0.08359375
1 0.3953125 0.96171875 0.0671875 0.0765625
2 0.5234375 0.915625 0.0875 0.08359375
1 0.75859375 0.9484375 0.05234375 0.071875
1 0.55859375 0.446875 0.0390625 0.08984375
1 0.590625 0.47265625 0.04375 0.0609375
1 0.63125 0.46640625 0.03046875 0.0875
1 0.56484375 0.30546875 0.04921875 0.040625
1 0.659375 0.31875 0.0390625 0.05390625
0 0.43359375 0.40859375 0.0640625 0.05390625
1 0.40234375 0.55546875 0.05703125 0.0671875
1 0.0984375 0.57421875 0.05703125 0.0875
1 0.103125 0.5203125 0.0625 0.03828125
1 0.1859375 0.25703125 0.0421875 0.0796875
1 0.1296875 0.11484375 0.04921875 0.0671875
1 0.096875 0.9796875 0.07109375 0.040625
1 0.23515625 0.490625 0.05703125 0.07421875
1 0.746875 0.65625 0.06953125 0.08125
1 0.76640625 0.7375 0.0640625 0.08515625
1 0.80625 0.746875 0.0625 0.0921875
2 0.42890625 0.81484375 0.05390625 0.06953125
1 0.475 0.7828125 0.05390625 0.065625
1 0.4953125 0.859375 0.07421875 0.05625
1 0.59609375 0.3890625 0.0640625 0.0359375
0 0.59765625 0.340625 0.04375 0.065625
2 0.6984375 0.16328125 0.04921875 0.0609375
2 0.76015625 0.18125 0.05234375 0.0515625
2 0.678125 0.84140625 0.05703125 0.05625
2 0.93984375 0.9109375 0.046875 0.065625
2 0.96484375 0.96796875 0.0546875 0.0640625
2 0.5265625 0.26953125 0.04921875 0.04921875
2 0.69453125 0.11875 0.05234375 0.04921875
2 0.95703125 0.04140625 0.08515625 0.05625
2 0.97109375 0.15390625 0.05234375 0.065625
2 0.30703125 0.01796875 0.07578125 0.02734375
2 0.2375 0.96953125 0.0671875 0.06015625
2 0.2796875 0.3046875 0.04609375 0.0734375
2 0.9765625 0.71171875 0.03515625 0.071875
2 0.98515625 0.6515625 0.02890625 0.10234375
2 0.6671875 0.975 0.0703125 0.05
0 0.046875 0.696875 0.06328125 0.04609375
2 0.67109375 0.3765625 0.059375 0.0671875
1 0.17265625 0.54296875 0.05546875 0.08203125
2 0.21796875 0.54453125 0.0625 0.07578125
0 0.23671875 0.040625 0.0546875 0.08125
1 0.75078125 0.02890625 0.06875 0.05703125
2 0.1953125 0.6578125 0.075 0.08203125
2 0.02578125 0.0203125 0.0515625 0.040625
2 0.3453125 0.94765625 0.059375 0.0734375
1 0.01171875 0.96015625 0.02265625 0.07734375
2 0.021875 0.8203125 0.04375 0.09375
2 0.1484375 0.2015625 0.05078125 0.05703125
1 0.54609375 0.98046875 0.05390625 0.0390625