1 0.209375 0.609375 0.05546875 0.0765625
1 0.1609375 0.19296875 0.0609375 0.08125
1 0.16484375 0.3203125 0.046875 0.065625
1 0.10234375 0.55625 0.05703125 0.065625
1 0.21171875 0.51484375 0.0671875 0.08125
1 0.31171875 0.55078125 0.0453125 0.0609375
1 0.27421875 0.7109375 0.046875 0.07890625
1 0.33671875 0.8640625 0.0609375 0.065625
1 0.10078125 0.69921875 0.05703125 0.08515625
1 0.078125 0.784375 0.065625 0.0765625
1 0.69453125 0.38828125 0.0625 0.0671875
1 0.671875 0.2921875 0.06015625 0.08125
1 0.90625 0.45078125 0.0609375 0.08359375
1 0.23203125 0.371875 0.05078125 0.065625
1 0.43828125 0.59296875 0.059375 0.0671875
1 0.45390625 0.525 0.059375 0.06953125
1 0.56796875 0.75078125 0.05546875 0.06328125
1 0.8484375 0.71796875 0.07109375 0.05625
1 0.75078125 0.48984375 0.0640625 0.08515625
1 0.46328125 0.1546875 0.05703125 0.0765625
1 0.49921875 0.240625 0.0625 0.06328125
1 0.30703125 0.11875 0.059375 0.071875
1 0.06328125 0.49453125 0.05390625 0.05859375
1 0.37421875 0.67734375 0.05546875 0.06953125
1 0.97421875 0.74140625 0.0515625 0.05859375
1 0.98046875 0.56328125 0.03828125 0.11015625
1 0.50078125 0.47421875 0.06953125 0.08984375
1 0.315625 0.32578125 0.0625 0.071875
1 0.46171875 0.28046875 0.05546875 0.0765625
1 0.60859375 0.06953125 0.07421875 0.06484375
2 0.68984375 0.2234375 0.0703125 0.071875
1 0.9453125 0.15078125 0.05703125 0.05390625
1 0.8703125 0.334375 0.05546875 0.08515625
2 0.45546875 0.42109375 0.0671875 0.08125
2 0.25 0.18203125 0.0421875 0.05859375
2 0.49609375 0.084375 0.0453125 0.0921875
2 0.59453125 0.128125 0.07109375 0.09453125
2 0.7078125 0.0515625 0.07265625 0.06015625
2 0.8296875 0.0734375 0.04921875 0.0609375
2 0.7609375 0.15078125 0.04375 0.09453125
2 0.6796875 0.1390625 0.0390625 0.071875
2 0.42734375 0.05625 0.03359375 0.0765625
2 0.16015625 0.07734375 0.0421875 0.0875
2 0.02109375 0.20859375 0.04140625 0.09453125
2 0.021875 0.103125 0.04296875 0.09453125
2 0.1484375 0.40078125 0.0453125 0.0609375
2 0.5390625 0.56484375 0.0609375 0.05625
2 0.5515625 0.66171875 0.0625 0.0515625
2 0.5640625 0.41953125 0.05546875 0.06328125
3 0.5234375 0.4109375 0.05390625 0.0765625
2 0.84375 0.2078125 0.02734375 0.065625
3 0.86484375 0.13359375 0.04921875 0.07890625
3 0.83984375 0.29453125 0.065625 0.071875
3 0.8875 0.2625 0.046875 0.08125
3 0.2671875 0.10078125 0.03359375 0.103125
0 0.83125 0.44921875 0.03203125 0.12578125
0 0.71015625 0.55625 0.0390625 0.11484375
0 0.90859375 0.77890625 0.059375 0.07421875
3 0.1203125 0.90859375 0.059375 0.0921875
2 0.25078125 0.453125 0.09453125 0.05625
2 0.36015625 0.09453125 0.05703125 0.08984375
2 0.31875 0.053125 0.05546875 0.0515625
2 0.94140625 0.2078125 0.05078125 0.0921875
2 0.634375 0.67734375 0.059375 0.0875
2 0.6421875 0.59140625 0.05546875 0.08515625
2 0.19921875 0.9109375 0.0625 0.07890625
2 0.44921875 0.78984375 0.02734375 0.03828125
2 0.478125 0.6890625 0.040625 0.05625
2 0.46875 0.6453125 0.05234375 0.06328125
2 0.52109375 0.625 0.0625 0.0765625
2 0.50625 0.828125 0.0390625 0.07890625
2 0.54921875 0.82578125 0.040625 0.04765625
2 0.57421875 0.92578125 0.05703125 0.09453125
2 0.67890625 0.78046875 0.05078125 0.0515625
2 0.76484375 0.69765625 0.0609375 0.05625
2 0.7890625 0.76640625 0.05546875 0.071875
2 0.39921875 0.253125 0.040625 0.04765625
2 0.42109375 0.225 0.05078125 0.06328125
0 0.60859375 0.2328125 0.0453125 0.0875
0 0.81015625 0.971875 0.05703125 0.05625
0 0.88125 0.971875 0.046875 0.05625
2 0.10078125 0.36171875 0.04375 0.071875
2 0.0328125 0.43046875 0.040625 0.07421875
2 0.03515625 0.371875 0.05078125 0.08359375
2 0.2875 0.8953125 0.05390625 0.0609375
2 0.3015625 0.9671875 0.059375 0.065625
2 0.421875 0.9625 0.059375 0.07421875
2 0.7546875 0.94609375 0.046875 0.071875
2 0.9453125 0.959375 0.0609375 0.08125
2 0.97578125 0.875 0.0484375 0.06953125
2 0.771875 0.38671875 0.059375 0.0671875
2 0.61328125 0.60234375 0.04375 0.071875
2 0.696875 0.890625 0.03359375 0.0875
1 0.65078125 0.9078125 0.0390625 0.08125
2 0.75625 0.81328125 0.05078125 0.08984375
2 0.3328125 0.69453125 0.02734375 0.08515625
2 0.95234375 0.41015625 0.04921875 0.06953125
2 0.98359375 0.24296875 0.0328125 0.0765625
2 0.9453125 0.31328125 0.03671875 0.08359375
2 0.25 0.0390625 0.05234375 0.05625
2 0.2234375 0.12265625 0.05078125 0.0609375
2 0.79296875 0.01953125 0.05703125 0.03828125
4 0.965625 0.0234375 0.06875 0.046875
1 0.01953125 0.77890625 0.0390625 0.0734375
2 0.03671875 0.821875 0.0390625 0.08046875
2 0.16796875 0.4609375 0.040625 0.053125
2 0.7234375 0.09296875 0.04921875 0.06796875
2 0.9875 0.6703125 0.025 0.0625
2 0.52734375 0.7 0.05390625 0.0734375
2 0.5078125 0.73671875 0.053125 0.0515625
2 0.5484375 0.89296875 0.046875 0.0734375
2 0.9828125 0.9203125 0.034375 0.04921875
2 0.9921875 0.97265625 0.015625 0.0546875
2 0.08984375 0.94375 0.05546875 0.06796875
2 0.16875 0.95234375 0.0453125 0.06953125
2 0.01484375 0.93515625 0.0296875 0.08203125
2 0.0296875 0.978125 0.059375 0.04375
2 0.33359375 0.63125 0.06015625 0.0640625
2 0.47734375 0.7765625 0.04375 0.075
2 0.67578125 0.6921875 0.0640625 0.08828125
2 0.853125 0.4828125 0.0453125 0.09375
2 0.1609375 0.03671875 0.04765625 0.0734375
2 0.29296875 0.02265625 0.06640625 0.0453125
2 0.45390625 0.02109375 0.06328125 0.0421875
2 0.12109375 0.459375 0.046875 0.0828125
1 0.4546875 0.978125 0.0375 0.04375
1 0.8078125 0.7875 0.06328125 0.075