1 0.790625 0.609375 0.05546875 0.0765625
1 0.8390625 0.19296875 0.0609375 0.08125
1 0.83515625 0.3203125 0.046875 0.065625
1 0.89765625 0.55625 0.05703125 0.065625
1 0.78828125 0.51484375 0.0671875 0.08125
1 0.68828125 0.55078125 0.0453125 0.0609375
1 0.72578125 0.7109375 0.046875 0.07890625
1 0.66328125 0.8640625 0.0609375 0.065625
1 0.89921875 0.69921875 0.05703125 0.08515625
1 0.921875 0.784375 0.065625 0.0765625
1 0.30546875 0.38828125 0.0625 0.0671875
1 0.328125 0.2921875 0.06015625 0.08125
1 0.09375 0.45078125 0.0609375 0.08359375
1 0.76796875 0.371875 0.05078125 0.065625
1 0.56171875 0.59296875 0.059375 0.0671875
1 0.54609375 0.525 0.059375 0.06953125
1 0.43203125 0.75078125 0.05546875 0.06328125
1 0.1515625 0.71796875 0.07109375 0.05625
1 0.24921875 0.48984375 0.0640625 0.08515625
1 0.53671875 0.1546875 0.05703125 0.0765625
1 0.50078125 0.240625 0.0625 0.06328125
1 0.69296875 0.11875 0.059375 0.071875
1 0.93671875 0.49453125 0.05390625 0.05859375
1 0.62578125 0.67734375 0.05546875 0.06953125
1 0.02578125 0.74140625 0.0515625 0.05859375
1 0.01953125 0.56328125 0.03828125 0.11015625
1 0.49921875 0.47421875 0.06953125 0.08984375
1 0.684375 0.32578125 0.0625 0.071875
1 0.53828125 0.28046875 0.05546875 0.0765625
1 0.39140625 0.06953125 0.07421875 0.06484375
2 0.31015625 0.2234375 0.0703125 0.071875
1 0.0546875 0.15078125 0.05703125 0.05390625
1 0.1296875 0.334375 0.05546875 0.08515625
2 0.54453125 0.42109375 0.0671875 0.08125
2 0.75 0.18203125 0.0421875 0.05859375
2 0.50390625 0.084375 0.0453125 0.0921875
2 0.40546875 0.128125 0.07109375 0.09453125
2 0.2921875 0.0515625 0.07265625 0.06015625
2 0.1703125 0.0734375 0.04921875 0.0609375
2 0.2390625 0.15078125 0.04375 0.09453125
2 0.3203125 0.1390625 0.0390625 0.071875
2 0.57265625 0.05625 0.03359375 0.0765625
2 0.83984375 0.07734375 0.0421875 0.0875
2 0.97890625 0.20859375 0.04140625 0.09453125
2 0.978125 0.103125 0.04296875 0.09453125
2 0.8515625 0.40078125 0.0453125 0.0609375
2 0.4609375 0.56484375 0.0609375 0.05625
2 0.4484375 0.66171875 0.0625 0.0515625
2 0.4359375 0.41953125 0.05546875 0.06328125
3 0.4765625 0.4109375 0.05390625 0.0765625
2 0.15625 0.2078125 0.02734375 0.065625
3 0.13515625 0.13359375 0.04921875 0.07890625
3 0.16015625 0.29453125 0.065625 0.071875
3 0.1125 0.2625 0.046875 0.08125
3 0.7328125 0.10078125 0.03359375 0.103125
0 0.16875 0.44921875 0.03203125 0.12578125
0 0.28984375 0.55625 0.0390625 0.11484375
0 0.09140625 0.77890625 0.059375 0.07421875
3 0.8796875 0.90859375 0.059375 0.0921875
2 0.74921875 0.453125 0.09453125 0.05625
2 0.63984375 0.09453125 0.05703125 0.08984375
2 0.68125 0.053125 0.05546875 0.0515625
2 0.05859375 0.2078125 0.05078125 0.0921875
2 0.365625 0.67734375 0.059375 0.0875
2 0.3578125 0.59140625 0.05546875 0.08515625
2 0.80078125 0.9109375 0.0625 0.07890625
2 0.55078125 0.78984375 0.02734375 0.03828125
2 0.521875 0.6890625 0.040625 0.05625
2 0.53125 0.6453125 0.05234375 0.06328125
2 0.47890625 0.625 0.0625 0.0765625
2 0.49375 0.828125 0.0390625 0.07890625
2 0.45078125 0.82578125 0.040625 0.04765625
2 0.42578125 0.92578125 0.05703125 0.09453125
2 0.32109375 0.78046875 0.05078125 0.0515625
2 0.23515625 0.69765625 0.0609375 0.05625
2 0.2109375 0.76640625 0.05546875 0.071875
2 0.60078125 0.253125 0.040625 0.04765625
2 0.57890625 0.225 0.05078125 0.06328125
0 0.39140625 0.2328125 0.0453125 0.0875
0 0.18984375 0.971875 0.05703125 0.05625
0 0.11875 0.971875 0.046875 0.05625
2 0.89921875 0.36171875 0.04375 0.071875
2 0.9671875 0.43046875 0.040625 0.07421875
2 0.96484375 0.371875 0.05078125 0.08359375
2 0.7125 0.8953125 0.05390625 0.0609375
2 0.6984375 0.9671875 0.059375 0.065625
2 0.578125 0.9625 0.059375 0.07421875
2 0.2453125 0.94609375 0.046875 0.071875
2 0.0546875 0.959375 0.0609375 0.08125
2 0.02421875 0.875 0.0484375 0.06953125
2 0.228125 0.38671875 0.059375 0.0671875
2 0.38671875 0.60234375 0.04375 0.071875
2 0.303125 0.890625 0.03359375 0.0875
1 0.34921875 0.9078125 0.0390625 0.08125
2 0.24375 0.81328125 0.05078125 0.08984375
2 0.6671875 0.69453125 0.02734375 0.08515625
2 0.04765625 0.41015625 0.04921875 0.06953125
2 0.01640625 0.24296875 0.0328125 0.0765625
2 0.0546875 0.31328125 0.03671875 0.08359375
2 0.75 0.0390625 0.05234375 0.05625
2 0.7765625 0.12265625 0.05078125 0.0609375
2 0.20703125 0.01953125 0.05703125 0.03828125
4 0.034375 0.0234375 0.06875 0.046875
1 0.98046875 0.77890625 0.0390625 0.0734375
2 0.96328125 0.821875 0.0390625 0.08046875
2 0.83203125 0.4609375 0.040625 0.053125
2 0.2765625 0.09296875 0.04921875 0.06796875
2 0.0125 0.6703125 0.025 0.0625
2 0.47265625 0.7 0.05390625 0.0734375
2 0.4921875 0.73671875 0.053125 0.0515625
2 0.4515625 0.89296875 0.046875 0.0734375
2 0.0171875 0.9203125 0.034375 0.04921875
2 0.0078125 0.97265625 0.015625 0.0546875
2 0.91015625 0.94375 0.05546875 0.06796875
2 0.83125 0.95234375 0.0453125 0.06953125
2 0.98515625 0.93515625 0.0296875 0.08203125
2 0.9703125 0.978125 0.059375 0.04375
2 0.66640625 0.63125 0.06015625 0.0640625
2 0.52265625 0.7765625 0.04375 0.075
2 0.32421875 0.6921875 0.0640625 0.08828125
2 0.146875 0.4828125 0.0453125 0.09375
2 0.8390625 0.03671875 0.04765625 0.0734375
2 0.70703125 0.02265625 0.06640625 0.0453125
2 0.54609375 0.02109375 0.06328125 0.0421875
2 0.87890625 0.459375 0.046875 0.0828125
1 0.5453125 0.978125 0.0375 0.04375
1 0.1921875 0.7875 0.06328125 0.075