1 0.54921875 0.334375 0.0640625 0.071875
1 0.70859375 0.54453125 0.0671875 0.06953125
1 0.7421875 0.3875 0.05234375 0.06953125
1 0.57109375 0.6765625 0.0671875 0.08125
1 0.23515625 0.559375 0.084375 0.103125
1 0.19375 0.64609375 0.04921875 0.06953125
1 0.29453125 0.70546875 0.07734375 0.071875
1 0.28984375 0.6328125 0.059375 0.08359375
1 0.1984375 0.93828125 0.0640625 0.06953125
1 0.27890625 0.925 0.0640625 0.07890625
1 0.34921875 0.88125 0.0625 0.06328125
1 0.4734375 0.7390625 0.0453125 0.0671875
1 0.59296875 0.74609375 0.07109375 0.06328125
1 0.84453125 0.66328125 0.065625 0.0765625
1 0.96484375 0.7359375 0.0703125 0.06953125
1 0.9265625 0.7859375 0.059375 0.075
1 0.68125 0.0484375 0.0859375 0.0609375
1 0.73828125 0.028125 0.059375 0.05625
1 0.36953125 0.28046875 0.065625 0.08125
1 0.19296875 0.2234375 0.0609375 0.0609375
1 0.4765625 0.4671875 0.05078125 0.06328125
1 0.41640625 0.48515625 0.04765625 0.05859375
1 0.71015625 0.203125 0.0453125 0.05625
1 0.57109375 0.1078125 0.0671875 0.071875
1 0.9765625 0.54140625 0.046875 0.09921875
1 0.82265625 0.3390625 0.0453125 0.071875
1 0.1421875 0.94921875 0.05234375 0.07890625
1 0.1015625 0.86171875 0.06953125 0.06953125
1 0.09453125 0.68984375 0.05546875 0.0765625
1 0.1328125 0.49453125 0.05390625 0.0671875
1 0.7546875 0.7640625 0.07109375 0.05390625
1 0.7359375 0.684375 0.0671875 0.0921875
1 0.809375 0.8875 0.05234375 0.071875
1 0.6421875 0.22265625 0.059375 0.09921875
1 0.70859375 0.4421875 0.040625 0.0546875
3 0.6609375 0.84296875 0.059375 0.08515625
3 0.2984375 0.8453125 0.05546875 0.09921875
3 0.55234375 0.77734375 0.0578125 0.0984375
3 0.821875 0.5515625 0.0671875 0.0875
3 0.27109375 0.18359375 0.03671875 0.11484375
3 0.078125 0.4046875 0.0421875 0.1125
1 0.72265625 0.14609375 0.07109375 0.0765625
2 0.4125 0.6640625 0.05703125 0.07421875
2 0.3484375 0.43828125 0.05390625 0.06328125
2 0.56875 0.8890625 0.0609375 0.08359375
2 0.121875 0.2625 0.05234375 0.1078125
2 0.26953125 0.2921875 0.05390625 0.04921875
2 0.32109375 0.32734375 0.07421875 0.0515625
2 0.95546875 0.37734375 0.05703125 0.08984375
2 0.8984375 0.259375 0.0859375 0.0609375
2 0.89140625 0.1953125 0.04375 0.0671875
0 0.6171875 0.43046875 0.05234375 0.06953125
0 0.57109375 0.575 0.03828125 0.08671875
2 0.6375 0.5796875 0.05234375 0.05859375
2 0.93359375 0.9203125 0.05078125 0.07421875
2 0.9625 0.84609375 0.0453125 0.0515625
2 0.8328125 0.971875 0.07578125 0.05625
3 0.084375 0.5484375 0.05546875 0.09453125
3 0.83515625 0.18359375 0.07109375 0.0609375
3 0.2328125 0.36328125 0.0421875 0.11484375
2 0.73046875 0.94921875 0.0609375 0.06953125
2 0.48046875 0.38125 0.0390625 0.0875
2 0.50078125 0.1765625 0.04921875 0.08359375
2 0.50234375 0.0734375 0.05234375 0.07890625
2 0.259375 0.040625 0.0609375 0.08125
2 0.19296875 0.14609375 0.040625 0.05859375
2 0.1765625 0.08671875 0.04375 0.0609375
2 0.89765625 0.11328125 0.05078125 0.1015625
2 0.81015625 0.0765625 0.03359375 0.071875
2 0.7828125 0.1125 0.046875 0.0765625
2 0.84765625 0.1109375 0.04921875 0.0875
2 0.8234375 0.4109375 0.046875 0.05859375
2 0.78828125 0.415625 0.0578125 0.10390625
2 0.896875 0.375 0.0390625 0.05859375
2 0.88984375 0.325 0.05546875 0.065625
2 0.95859375 0.43046875 0.0640625 0.07890625
2 0.51875 0.89296875 0.05390625 0.06953125
3 0.575 0.475 0.0453125 0.05625
0 0.76015625 0.25703125 0.0625 0.0671875
0 0.52734375 0.665625 0.059375 0.084375
0 0.9609375 0.6484375 0.05234375 0.065625
3 0.5109375 0.37578125 0.0328125 0.11015625
0 0.6375 0.35625 0.0390625 0.0875
0 0.6140625 0.82578125 0.02890625 0.1015625
2 0.71015625 0.86484375 0.0390625 0.0765625
2 0.74375 0.88671875 0.03203125 0.05625
2 0.4578125 0.61875 0.03046875 0.05625
2 0.46953125 0.52734375 0.04765625 0.09609375
2 0.60859375 0.54140625 0.03515625 0.08125
3 0.0984375 0.1078125 0.090625 0.05859375
2 0.30390625 0.271875 0.05234375 0.071875
2 0.37890625 0.83125 0.046875 0.05859375
2 0.3453125 0.79453125 0.03359375 0.04765625
2 0.4671875 0.81015625 0.03515625 0.0515625
2 0.51328125 0.7734375 0.04375 0.05390625
2 0.5203125 0.81484375 0.03359375 0.04296875
2 0.3078125 0.42109375 0.046875 0.07890625
2 0.68984375 0.4203125 0.03515625 0.04609375
2 0.9875 0.06015625 0.02421875 0.06015625
2 0.9875 0.26015625 0.02421875 0.0640625
2 0.609375 0.03515625 0.046875 0.06953125
2 0.60703125 0.0703125 0.05859375 0.065625
2 0.55234375 0.0390625 0.06640625 0.065625
3 0.1125 0.04296875 0.04765625 0.06953125
3 0.0875 0.01484375 0.04375 0.0296875
2 0.03046875 0.071875 0.05390625 0.07265625
2 0.0171875 0.0984375 0.034375 0.06875
2 0.01328125 0.1609375 0.0265625 0.04609375
1 0.02890625 0.7171875 0.0515625 0.071875
1 0.01328125 0.74140625 0.0265625 0.059375
2 0.078125 0.76796875 0.05546875 0.07578125
2 0.459375 0.590625 0.071875 0.04375
1 0.8328125 0.903125 0.05625 0.06953125
2 0.96015625 0.95234375 0.053125 0.06953125
2 0.94140625 0.9765625 0.0421875 0.046875
1 0.98984375 0.803125 0.0203125 0.06015625
2 0.98046875 0.67734375 0.0390625 0.0859375
2 0.584375 0.98359375 0.0578125 0.0328125
2 0.4625 0.98046875 0.05703125 0.0390625
2 0.31796875 0.9890625 0.0796875 0.021875
3 0.171875 0.975 0.02890625 0.0359375
3 0.4328125 0.7609375 0.04765625 0.06953125
3 0.4109375 0.8 0.06171875 0.07421875
3 0.4859375 0.15859375 0.06171875 0.09375