1 0.45078125 0.665625 0.0640625 0.071875
1 0.29140625 0.45546875 0.0671875 0.06953125
1 0.2578125 0.6125 0.05234375 0.06953125
1 0.42890625 0.3234375 0.0671875 0.08125
1 0.76484375 0.440625 0.084375 0.103125
1 0.80625 0.35390625 0.04921875 0.06953125
1 0.70546875 0.29453125 0.07734375 0.071875
1 0.71015625 0.3671875 0.059375 0.08359375
1 0.8015625 0.06171875 0.0640625 0.06953125
1 0.72109375 0.075 0.0640625 0.07890625
1 0.65078125 0.11875 0.0625 0.06328125
1 0.5265625 0.2609375 0.0453125 0.0671875
1 0.40703125 0.25390625 0.07109375 0.06328125
1 0.15546875 0.33671875 0.065625 0.0765625
1 0.03515625 0.2640625 0.0703125 0.06953125
1 0.0734375 0.2140625 0.059375 0.075
1 0.31875 0.9515625 0.0859375 0.0609375
1 0.26171875 0.971875 0.059375 0.05625
1 0.63046875 0.71953125 0.065625 0.08125
1 0.80703125 0.7765625 0.0609375 0.0609375
1 0.5234375 0.5328125 0.05078125 0.06328125
1 0.58359375 0.51484375 0.04765625 0.05859375
1 0.28984375 0.796875 0.0453125 0.05625
1 0.42890625 0.8921875 0.0671875 0.071875
1 0.0234375 0.45859375 0.046875 0.09921875
1 0.17734375 0.6609375 0.0453125 0.071875
1 0.8578125 0.05078125 0.05234375 0.07890625
1 0.8984375 0.13828125 0.06953125 0.06953125
1 0.90546875 0.31015625 0.05546875 0.0765625
1 0.8671875 0.50546875 0.05390625 0.0671875
1 0.2453125 0.2359375 0.07109375 0.05390625
1 0.2640625 0.315625 0.0671875 0.0921875
1 0.190625 0.1125 0.05234375 0.071875
1 0.3578125 0.77734375 0.059375 0.09921875
1 0.29140625 0.5578125 0.040625 0.0546875
3 0.3390625 0.15703125 0.059375 0.08515625
3 0.7015625 0.1546875 0.05546875 0.09921875
3 0.44765625 0.22265625 0.0578125 0.0984375
3 0.178125 0.4484375 0.0671875 0.0875
3 0.72890625 0.81640625 0.03671875 0.11484375
3 0.921875 0.5953125 0.0421875 0.1125
1 0.27734375 0.85390625 0.07109375 0.0765625
2 0.5875 0.3359375 0.05703125 0.07421875
2 0.6515625 0.56171875 0.05390625 0.06328125
2 0.43125 0.1109375 0.0609375 0.08359375
2 0.878125 0.7375 0.05234375 0.1078125
2 0.73046875 0.7078125 0.05390625 0.04921875
2 0.67890625 0.67265625 0.07421875 0.0515625
2 0.04453125 0.62265625 0.05703125 0.08984375
2 0.1015625 0.740625 0.0859375 0.0609375
2 0.10859375 0.8046875 0.04375 0.0671875
0 0.3828125 0.56953125 0.05234375 0.06953125
0 0.42890625 0.425 0.03828125 0.08671875
2 0.3625 0.4203125 0.05234375 0.05859375
2 0.06640625 0.0796875 0.05078125 0.07421875
2 0.0375 0.15390625 0.0453125 0.0515625
2 0.1671875 0.028125 0.07578125 0.05625
3 0.915625 0.4515625 0.05546875 0.09453125
3 0.16484375 0.81640625 0.07109375 0.0609375
3 0.7671875 0.63671875 0.0421875 0.11484375
2 0.26953125 0.05078125 0.0609375 0.06953125
2 0.51953125 0.61875 0.0390625 0.0875
2 0.49921875 0.8234375 0.04921875 0.08359375
2 0.49765625 0.9265625 0.05234375 0.07890625
2 0.740625 0.959375 0.0609375 0.08125
2 0.80703125 0.85390625 0.040625 0.05859375
2 0.8234375 0.91328125 0.04375 0.0609375
2 0.10234375 0.88671875 0.05078125 0.1015625
2 0.18984375 0.9234375 0.03359375 0.071875
2 0.2171875 0.8875 0.046875 0.0765625
2 0.15234375 0.8890625 0.04921875 0.0875
2 0.1765625 0.5890625 0.046875 0.05859375
2 0.21171875 0.584375 0.0578125 0.10390625
2 0.103125 0.625 0.0390625 0.05859375
2 0.11015625 0.675 0.05546875 0.065625
2 0.04140625 0.56953125 0.0640625 0.07890625
2 0.48125 0.10703125 0.05390625 0.06953125
3 0.425 0.525 0.0453125 0.05625
0 0.23984375 0.74296875 0.0625 0.0671875
0 0.47265625 0.334375 0.059375 0.084375
0 0.0390625 0.3515625 0.05234375 0.065625
3 0.4890625 0.62421875 0.0328125 0.11015625
0 0.3625 0.64375 0.0390625 0.0875
0 0.3859375 0.17421875 0.02890625 0.1015625
2 0.28984375 0.13515625 0.0390625 0.0765625
2 0.25625 0.11328125 0.03203125 0.05625
2 0.5421875 0.38125 0.03046875 0.05625
2 0.53046875 0.47265625 0.04765625 0.09609375
2 0.39140625 0.45859375 0.03515625 0.08125
3 0.9015625 0.8921875 0.090625 0.05859375
2 0.69609375 0.728125 0.05234375 0.071875
2 0.62109375 0.16875 0.046875 0.05859375
2 0.6546875 0.20546875 0.03359375 0.04765625
2 0.5328125 0.18984375 0.03515625 0.0515625
2 0.48671875 0.2265625 0.04375 0.05390625
2 0.4796875 0.18515625 0.03359375 0.04296875
2 0.6921875 0.57890625 0.046875 0.07890625
2 0.31015625 0.5796875 0.03515625 0.04609375
2 0.0125 0.93984375 0.02421875 0.06015625
2 0.0125 0.73984375 0.02421875 0.0640625
2 0.390625 0.96484375 0.046875 0.06953125
2 0.39296875 0.9296875 0.05859375 0.065625
2 0.44765625 0.9609375 0.06640625 0.065625
3 0.8875 0.95703125 0.04765625 0.06953125
3 0.9125 0.98515625 0.04375 0.0296875
2 0.96953125 0.928125 0.05390625 0.07265625
2 0.9828125 0.9015625 0.034375 0.06875
2 0.98671875 0.8390625 0.0265625 0.04609375
1 0.97109375 0.2828125 0.0515625 0.071875
1 0.98671875 0.25859375 0.0265625 0.059375
2 0.921875 0.23203125 0.05546875 0.07578125
2 0.540625 0.409375 0.071875 0.04375
1 0.1671875 0.096875 0.05625 0.06953125
2 0.03984375 0.04765625 0.053125 0.06953125
2 0.05859375 0.0234375 0.0421875 0.046875
1 0.01015625 0.196875 0.0203125 0.06015625
2 0.01953125 0.32265625 0.0390625 0.0859375
2 0.415625 0.01640625 0.0578125 0.0328125
2 0.5375 0.01953125 0.05703125 0.0390625
2 0.68203125 0.0109375 0.0796875 0.021875
3 0.828125 0.025 0.02890625 0.0359375
3 0.5671875 0.2390625 0.04765625 0.06953125
3 0.5890625 0.2 0.06171875 0.07421875
3 0.5140625 0.84140625 0.06171875 0.09375