1 0.396875 0.91875 0.05703125 0.103125
1 0.81015625 0.95390625 0.05390625 0.07890625
1 0.86328125 0.95625 0.07578125 0.07890625
1 0.73984375 0.91875 0.05546875 0.071875
1 0.63828125 0.9359375 0.04375 0.08671875
1 0.46640625 0.91953125 0.05390625 0.0734375
1 0.31640625 0.94375 0.0640625 0.071875
1 0.26796875 0.84375 0.0390625 0.07890625
1 0.16796875 0.72890625 0.0640625 0.0875
1 0.74765625 0.73125 0.05703125 0.0609375
1 0.89921875 0.440625 0.05390625 0.05390625
1 0.84609375 0.2953125 0.04921875 0.0609375
1 0.88984375 0.21953125 0.05234375 0.07890625
1 0.95703125 0.20546875 0.046875 0.0609375
1 0.56640625 0.07734375 0.0453125 0.06875
1 0.38984375 0.0375 0.05078125 0.07265625
1 0.1765625 0.10078125 0.0640625 0.05859375
1 0.09140625 0.04296875 0.0625 0.08125
1 0.08515625 0.1453125 0.0640625 0.07890625
1 0.03203125 0.10703125 0.04296875 0.07734375
1 0.24453125 0.18359375 0.0421875 0.05625
1 0.340625 0.225 0.04921875 0.071875
1 0.0859375 0.559375 0.07578125 0.06328125
2 0.1609375 0.63359375 0.0671875 0.08984375
1 0.85625 0.690625 0.05234375 0.06953125
1 0.29609375 0.1921875 0.046875 0.065625
1 0.25546875 0.28203125 0.04375 0.07421875
2 0.5140625 0.225 0.05234375 0.08515625
1 0.4140625 0.1125 0.0609375 0.06328125
2 0.13515625 0.16875 0.05625 0.06953125
1 0.13671875 0.24453125 0.05546875 0.09453125
1 0.74765625 0.25078125 0.0609375 0.0609375
3 0.9328125 0.653125 0.075 0.08984375
3 0.5953125 0.1609375 0.09921875 0.03828125
3 0.21953125 0.8453125 0.05546875 0.071875
3 0.96484375 0.11875 0.0640625 0.0453125
3 0.634375 0.59140625 0.07578125 0.0671875
3 0.56796875 0.36875 0.0453125 0.1078125
3 0.89609375 0.771875 0.1078125 0.04765625
3 0.4546875 0.59296875 0.0609375 0.04921875
2 0.48046875 0.48046875 0.065625 0.08984375
2 0.05234375 0.2765625 0.06640625 0.09375
2 0.44375 0.75546875 0.04921875 0.08125
2 0.19765625 0.52890625 0.065625 0.0875
2 0.1890625 0.36953125 0.0421875 0.0875
2 0.5875 0.80078125 0.05703125 0.0609375
3 0.73203125 0.140625 0.07578125 0.04765625
3 0.6171875 0.753125 0.05234375 0.0671875
3 0.315625 0.33828125 0.0625 0.0515625
0 0.7046875 0.43671875 0.065625 0.05625
0 0.09296875 0.4609375 0.03515625 0.08984375
0 0.97109375 0.50625 0.0421875 0.09375
0 0.828125 0.5015625 0.05234375 0.04921875
2 0.69609375 0.653125 0.0421875 0.065625
2 0.740625 0.03828125 0.03671875 0.0765625
2 0.4953125 0.809375 0.04375 0.06328125
2 0.55 0.91796875 0.02890625 0.08359375
2 0.5234375 0.92265625 0.04765625 0.1
2 0.25390625 0.96953125 0.046875 0.0609375
2 0.078125 0.83984375 0.05390625 0.06953125
2 0.025 0.775 0.05 0.0671875
2 0.021875 0.82265625 0.0421875 0.06328125
2 0.14375 0.871875 0.05234375 0.0765625
2 0.3078125 0.88515625 0.0640625 0.071875
2 0.25 0.625 0.04921875 0.08125
2 0.4171875 0.48046875 0.05078125 0.05859375
2 0.8484375 0.56328125 0.0640625 0.065625
2 0.82421875 0.625 0.059375 0.08515625
2 0.76171875 0.6234375 0.0421875 0.065625
0 0.73828125 0.515625 0.05859375 0.05625
2 0.7484375 0.340625 0.05234375 0.05625
2 0.83671875 0.41875 0.05390625 0.0515625
2 0.79140625 0.03359375 0.0640625 0.0671875
2 0.65078125 0.1765625 0.03515625 0.04765625
2 0.44921875 0.24921875 0.0625 0.0578125
2 0.43046875 0.171875 0.059375 0.08359375
2 0.378125 0.184375 0.05546875 0.071875
2 0.40546875 0.296875 0.02734375 0.05859375
2 0.3578125 0.3078125 0.03203125 0.08984375
2 0.41875 0.43828125 0.046875 0.01796875
2 0.359375 0.453125 0.03515625 0.0609375
2 0.25703125 0.44140625 0.046875 0.0296875
2 0.3 0.4390625 0.0453125 0.07421875
1 0.62109375 0.4671875 0.05 0.04765625
2 0.64296875 0.35859375 0.0515625 0.071875
2 0.91640625 0.14140625 0.05390625 0.05390625
2 0.80859375 0.17734375 0.0609375 0.05859375
2 0.67578125 0.62734375 0.04921875 0.0765625
2 0.528125 0.63046875 0.065625 0.04765625
2 0.57265625 0.503125 0.040625 0.08515625
2 0.60234375 0.546875 0.0625 0.0609375
2 0.5234375 0.59296875 0.04375 0.08984375
2 0.040625 0.4046875 0.05234375 0.07421875
0 0.15234375 0.37109375 0.025 0.07890625
2 0.190625 0.2359375 0.08984375 0.04921875
2 0.9 0.86171875 0.04921875 0.0515625
2 0.94140625 0.83828125 0.05390625 0.08515625
2 0.95859375 0.8 0.040625 0.06328125
2 0.9859375 0.703125 0.028125 0.05390625
2 0.59375 0.70234375 0.0421875 0.0609375
2 0.55546875 0.71328125 0.046875 0.065625
2 0.47265625 0.74375 0.07109375 0.09921875
2 0.38125 0.5703125 0.040625 0.05859375
2 0.2953125 0.61328125 0.0421875 0.0703125
2 0.24765625 0.4984375 0.04921875 0.06328125
4 0.13984375 0.5 0.0671875 0.07421875
2 0.6578125 0.3125 0.0625 0.04921875
2 0.865625 0.375 0.05703125 0.071875
2 0.32421875 0.10234375 0.03515625 0.05625
2 0.88984375 0.7125 0.0859375 0.0765625
4 0.88359375 0.4953125 0.0578125 0.07578125
2 0.77734375 0.53046875 0.04296875 0.0703125
2 0.81640625 0.53125 0.03671875 0.05546875
2 0.7875 0.56953125 0.05703125 0.06875
3 0.80703125 0.35078125 0.0625 0.0625
0 0.8234375 0.36875 0.03125 0.053125
2 0.5828125 0.21015625 0.04921875 0.065625
2 0.7671875 0.07734375 0.03828125 0.0734375
1 0.85859375 0.0171875 0.07109375 0.034375
2 0.6875 0.01875 0.046875 0.034375
2 0.47109375 0.20703125 0.0546875 0.05703125
0 0.17890625 0.27265625 0.05625 0.059375
2 0.27578125 0.378125 0.03828125 0.059375
2 0.24140625 0.36953125 0.05859375 0.059375
2 0.62890625 0.43125 0.0578125 0.040625
1 0.70703125 0.38515625 0.05234375 0.0640625
2 0.69140625 0.346875 0.04375 0.05625
1 0.98671875 0.33359375 0.0265625 0.07578125
2 0.4125 0.43046875 0.04453125 0.07265625
2 0.39140625 0.4109375 0.04765625 0.06015625
2 0.41953125 0.56953125 0.034375 0.06953125
2 0.3359375 0.59296875 0.04140625 0.053125
2 0.70859375 0.21171875 0.05078125 0.04765625
0 0.01171875 0.7328125 0.0234375 0.05390625
2 0.4671875 0.74609375 0.03046875 0.05234375
2 0.06171875 0.3578125 0.05078125 0.0609375
2 0.01171875 0.16484375 0.02265625 0.0640625
2 0.32890625 0.4515625 0.02734375 0.07578125
2 0.6 0.9359375 0.04453125 0.0765625
2 0.30078125 0.98203125 0.0578125 0.0359375