1 0.79609375 0.75703125 0.065625 0.08515625
1 0.7390625 0.5765625 0.0640625 0.065625
1 0.81484375 0.22890625 0.05078125 0.0671875
1 0.74375 0.28515625 0.0453125 0.05390625
1 0.67421875 0.45859375 0.04921875 0.08125
1 0.65859375 0.315625 0.05078125 0.0875
1 0.49609375 0.29765625 0.05234375 0.06953125
1 0.534375 0.3328125 0.0625 0.05390625
1 0.45546875 0.415625 0.04921875 0.071875
1 0.66328125 0.77109375 0.05078125 0.071875
1 0.5109375 0.796875 0.05234375 0.07890625
1 0.5515625 0.72109375 0.0625 0.05390625
1 0.50390625 0.65390625 0.05234375 0.071875
1 0.43515625 0.8 0.0625 0.06328125
1 0.4578125 0.6109375 0.05703125 0.071875
1 0.3953125 0.653125 0.05390625 0.065625
1 0.1296875 0.9046875 0.05546875 0.07421875
1 0.36171875 0.3640625 0.05703125 0.0671875
1 0.42734375 0.12109375 0.05390625 0.071875
1 0.36484375 0.03046875 0.05703125 0.0609375
1 0.15078125 0.06640625 0.0609375 0.065625
1 0.12578125 0.17265625 0.0671875 0.0671875
1 0.19765625 0.2625 0.0625 0.06328125
1 0.2546875 0.475 0.065625 0.06953125
1 0.28125 0.403125 0.07109375 0.07890625
1 0.33984375 0.28984375 0.05390625 0.07890625
1 0.87265625 0.6140625 0.053125 0.075
1 0.92109375 0.68984375 0.05390625 0.0671875
1 0.8328125 0.89765625 0.065625 0.08359375
1 0.765625 0.9625 0.07265625 0.07421875
1 0.97109375 0.6515625 0.046875 0.07421875
1 0.95078125 0.50703125 0.05546875 0.0921875
1 0.90546875 0.42265625 0.06953125 0.08515625
1 0.59375 0.884375 0.0453125 0.0609375
1 0.62578125 0.71484375 0.03515625 0.05859375
1 0.61484375 0.81484375 0.046875 0.08359375
1 0.55546875 0.83046875 0.05703125 0.0921875
1 0.3296875 0.73359375 0.05078125 0.096875
1 0.3078125 0.83125 0.05078125 0.0671875
1 0.38671875 0.76171875 0.040625 0.071875
1 0.3578125 0.82578125 0.04921875 0.0921875
1 0.0890625 0.60703125 0.05078125 0.08515625
1 0.034375 0.525 0.046875 0.0765625
1 0.078125 0.38984375 0.0625 0.0609375
1 0.0640625 0.315625 0.04921875 0.0515625
4 0.66875 0.134375 0.059375 0.08125
1 0.878125 0.890625 0.0625 0.04296875
1 0.71015625 0.52109375 0.0625 0.0453125
1 0.81953125 0.415625 0.07265625 0.06328125
1 0.96796875 0.35859375 0.0625 0.05625
1 0.95625 0.4203125 0.05234375 0.05859375
1 0.10390625 0.0375 0.0671875 0.07421875
3 0.94765625 0.30546875 0.0390625 0.0765625
3 0.8953125 0.3078125 0.065625 0.04921875
3 0.30625 0.13359375 0.0640625 0.08359375
3 0.18515625 0.75625 0.0640625 0.096875
3 0.16796875 0.69296875 0.04375 0.10546875
3 0.88203125 0.35703125 0.07265625 0.08515625
3 0.92890625 0.834375 0.05234375 0.0875
0 0.58359375 0.65859375 0.0421875 0.09921875
0 0.57421875 0.29296875 0.0609375 0.07890625
0 0.81171875 0.546875 0.05703125 0.0515625
0 0.65859375 0.55859375 0.040625 0.1015625
4 0.40078125 0.40546875 0.05703125 0.0921875
2 0.946875 0.0328125 0.07734375 0.065625
2 0.8046875 0.08515625 0.0609375 0.04921875
1 0.77265625 0.19296875 0.046875 0.05859375
2 0.73671875 0.02421875 0.0734375 0.04609375
2 0.8765625 0.09296875 0.03515625 0.065625
1 0.83203125 0.12890625 0.0640625 0.06953125
1 0.20234375 0.4484375 0.0421875 0.0515625
4 0.328125 0.08125 0.05703125 0.06953125
2 0.540625 0.21484375 0.046875 0.08359375
2 0.76953125 0.13359375 0.0671875 0.05625
2 0.615625 0.40703125 0.0625 0.08984375
3 0.4046875 0.5640625 0.03828125 0.0640625
3 0.12109375 0.69140625 0.04296875 0.11015625
2 0.1125 0.80703125 0.046875 0.0765625
2 0.14453125 0.47890625 0.03359375 0.08125
2 0.171875 0.5875 0.04453125 0.059375
2 0.29921875 0.540625 0.05078125 0.08359375
2 0.58359375 0.4921875 0.05234375 0.0671875
2 0.6125 0.5390625 0.0390625 0.0765625
2 0.27109375 0.07109375 0.046875 0.06953125
2 0.2078125 0.13515625 0.0390625 0.0765625
2 0.19296875 0.19453125 0.0671875 0.07421875
2 0.23125 0.0234375 0.05625 0.046875
1 0.92265625 0.57109375 0.06328125 0.071875
2 0.97890625 0.71953125 0.0421875 0.0734375
2 0.990625 0.22578125 0.01875 0.07890625
2 0.7203125 0.66328125 0.046875 0.04609375
1 0.4375 0.69609375 0.0671875 0.0734375
2 0.1 0.25546875 0.04765625 0.096875
2 0.06796875 0.2046875 0.071875 0.06640625
2 0.0453125 0.26640625 0.05703125 0.0609375
2 0.34453125 0.9671875 0.0609375 0.065625
2 0.66875 0.8953125 0.053125 0.071875
2 0.715625 0.971875 0.05 0.05625
2 0.68515625 0.97421875 0.04296875 0.0453125
2 0.6421875 0.98359375 0.028125 0.0328125
2 0.453125 0.9734375 0.05625 0.053125
2 0.29609375 0.9828125 0.05625 0.034375
2 0.18515625 0.971875 0.0859375 0.05625
2 0.13671875 0.978125 0.04609375 0.03671875
2 0.04921875 0.90078125 0.03671875 0.075
2 0.08984375 0.86015625 0.046875 0.075
2 0.04296875 0.815625 0.05546875 0.0734375
0 0.028125 0.8609375 0.05390625 0.084375
0 0.01875 0.8015625 0.03671875 0.06796875
0 0.903125 0.33671875 0.0625 0.05
3 0.81953125 0.34921875 0.0390625 0.09140625
2 0.82734375 0.31328125 0.046875 0.07109375
2 0.209375 0.39140625 0.05546875 0.06953125
2 0.1703125 0.40078125 0.0421875 0.0828125
2 0.0265625 0.39453125 0.0421875 0.07890625
3 0.01640625 0.3421875 0.0328125 0.0453125
3 0.86796875 0.46953125 0.0734375 0.0625
2 0.975 0.453125 0.05 0.08203125
2 0.3625 0.90078125 0.04921875 0.06953125
2 0.31875 0.90859375 0.04921875 0.06796875
2 0.87890625 0.8265625 0.06640625 0.0765625
3 0.12421875 0.571875 0.0375 0.0734375
2 0.13515625 0.60703125 0.04921875 0.07109375
2 0.63046875 0.93203125 0.046875 0.0609375
1 0.96875 0.81484375 0.05234375 0.0640625
2 0.9625 0.775 0.05234375 0.0515625
2 0.61328125 0.9875 0.04296875 0.025
2 0.02734375 0.66953125 0.0546875 0.071875
2 0.7421875 0.34375 0.06875 0.05546875
1 0.3109375 0.02109375 0.059375 0.0421875
2 0.2265625 0.14921875 0.05 0.10234375
2 0.028125 0.596875 0.05625 0.071875
2 0.13828125 0.7734375 0.03046875 0.0875