1 0.20390625 0.24296875 0.065625 0.08515625
1 0.2609375 0.4234375 0.0640625 0.065625
1 0.18515625 0.77109375 0.05078125 0.0671875
1 0.25625 0.71484375 0.0453125 0.05390625
1 0.32578125 0.54140625 0.04921875 0.08125
1 0.34140625 0.684375 0.05078125 0.0875
1 0.50390625 0.70234375 0.05234375 0.06953125
1 0.465625 0.6671875 0.0625 0.05390625
1 0.54453125 0.584375 0.04921875 0.071875
1 0.33671875 0.22890625 0.05078125 0.071875
1 0.4890625 0.203125 0.05234375 0.07890625
1 0.4484375 0.27890625 0.0625 0.05390625
1 0.49609375 0.34609375 0.05234375 0.071875
1 0.56484375 0.2 0.0625 0.06328125
1 0.5421875 0.3890625 0.05703125 0.071875
1 0.6046875 0.346875 0.05390625 0.065625
1 0.8703125 0.0953125 0.05546875 0.07421875
1 0.63828125 0.6359375 0.05703125 0.0671875
1 0.57265625 0.87890625 0.05390625 0.071875
1 0.63515625 0.96953125 0.05703125 0.0609375
1 0.84921875 0.93359375 0.0609375 0.065625
1 0.87421875 0.82734375 0.0671875 0.0671875
1 0.80234375 0.7375 0.0625 0.06328125
1 0.7453125 0.525 0.065625 0.06953125
1 0.71875 0.596875 0.07109375 0.07890625
1 0.66015625 0.71015625 0.05390625 0.07890625
1 0.12734375 0.3859375 0.053125 0.075
1 0.07890625 0.31015625 0.05390625 0.0671875
1 0.1671875 0.10234375 0.065625 0.08359375
1 0.234375 0.0375 0.07265625 0.07421875
1 0.02890625 0.3484375 0.046875 0.07421875
1 0.04921875 0.49296875 0.05546875 0.0921875
1 0.09453125 0.57734375 0.06953125 0.08515625
1 0.40625 0.115625 0.0453125 0.0609375
1 0.37421875 0.28515625 0.03515625 0.05859375
1 0.38515625 0.18515625 0.046875 0.08359375
1 0.44453125 0.16953125 0.05703125 0.0921875
1 0.6703125 0.26640625 0.05078125 0.096875
1 0.6921875 0.16875 0.05078125 0.0671875
1 0.61328125 0.23828125 0.040625 0.071875
1 0.6421875 0.17421875 0.04921875 0.0921875
1 0.9109375 0.39296875 0.05078125 0.08515625
1 0.965625 0.475 0.046875 0.0765625
1 0.921875 0.61015625 0.0625 0.0609375
1 0.9359375 0.684375 0.04921875 0.0515625
4 0.33125 0.865625 0.059375 0.08125
1 0.121875 0.109375 0.0625 0.04296875
1 0.28984375 0.47890625 0.0625 0.0453125
1 0.18046875 0.584375 0.07265625 0.06328125
1 0.03203125 0.64140625 0.0625 0.05625
1 0.04375 0.5796875 0.05234375 0.05859375
1 0.89609375 0.9625 0.0671875 0.07421875
3 0.05234375 0.69453125 0.0390625 0.0765625
3 0.1046875 0.6921875 0.065625 0.04921875
3 0.69375 0.86640625 0.0640625 0.08359375
3 0.81484375 0.24375 0.0640625 0.096875
3 0.83203125 0.30703125 0.04375 0.10546875
3 0.11796875 0.64296875 0.07265625 0.08515625
3 0.07109375 0.165625 0.05234375 0.0875
0 0.41640625 0.34140625 0.0421875 0.09921875
0 0.42578125 0.70703125 0.0609375 0.07890625
0 0.18828125 0.453125 0.05703125 0.0515625
0 0.34140625 0.44140625 0.040625 0.1015625
4 0.59921875 0.59453125 0.05703125 0.0921875
2 0.053125 0.9671875 0.07734375 0.065625
2 0.1953125 0.91484375 0.0609375 0.04921875
1 0.22734375 0.80703125 0.046875 0.05859375
2 0.26328125 0.97578125 0.0734375 0.04609375
2 0.1234375 0.90703125 0.03515625 0.065625
1 0.16796875 0.87109375 0.0640625 0.06953125
1 0.79765625 0.5515625 0.0421875 0.0515625
4 0.671875 0.91875 0.05703125 0.06953125
2 0.459375 0.78515625 0.046875 0.08359375
2 0.23046875 0.86640625 0.0671875 0.05625
2 0.384375 0.59296875 0.0625 0.08984375
3 0.5953125 0.4359375 0.03828125 0.0640625
3 0.87890625 0.30859375 0.04296875 0.11015625
2 0.8875 0.19296875 0.046875 0.0765625
2 0.85546875 0.52109375 0.03359375 0.08125
2 0.828125 0.4125 0.04453125 0.059375
2 0.70078125 0.459375 0.05078125 0.08359375
2 0.41640625 0.5078125 0.05234375 0.0671875
2 0.3875 0.4609375 0.0390625 0.0765625
2 0.72890625 0.92890625 0.046875 0.06953125
2 0.7921875 0.86484375 0.0390625 0.0765625
2 0.80703125 0.80546875 0.0671875 0.07421875
2 0.76875 0.9765625 0.05625 0.046875
1 0.07734375 0.42890625 0.06328125 0.071875
2 0.02109375 0.28046875 0.0421875 0.0734375
2 0.009375 0.77421875 0.01875 0.07890625
2 0.2796875 0.33671875 0.046875 0.04609375
1 0.5625 0.30390625 0.0671875 0.0734375
2 0.9 0.74453125 0.04765625 0.096875
2 0.93203125 0.7953125 0.071875 0.06640625
2 0.9546875 0.73359375 0.05703125 0.0609375
2 0.65546875 0.0328125 0.0609375 0.065625
2 0.33125 0.1046875 0.053125 0.071875
2 0.284375 0.028125 0.05 0.05625
2 0.31484375 0.02578125 0.04296875 0.0453125
2 0.3578125 0.01640625 0.028125 0.0328125
2 0.546875 0.0265625 0.05625 0.053125
2 0.70390625 0.0171875 0.05625 0.034375
2 0.81484375 0.028125 0.0859375 0.05625
2 0.86328125 0.021875 0.04609375 0.03671875
2 0.95078125 0.09921875 0.03671875 0.075
2 0.91015625 0.13984375 0.046875 0.075
2 0.95703125 0.184375 0.05546875 0.0734375
0 0.971875 0.1390625 0.05390625 0.084375
0 0.98125 0.1984375 0.03671875 0.06796875
0 0.096875 0.66328125 0.0625 0.05
3 0.18046875 0.65078125 0.0390625 0.09140625
2 0.17265625 0.68671875 0.046875 0.07109375
2 0.790625 0.60859375 0.05546875 0.06953125
2 0.8296875 0.59921875 0.0421875 0.0828125
2 0.9734375 0.60546875 0.0421875 0.07890625
3 0.98359375 0.6578125 0.0328125 0.0453125
3 0.13203125 0.53046875 0.0734375 0.0625
2 0.025 0.546875 0.05 0.08203125
2 0.6375 0.09921875 0.04921875 0.06953125
2 0.68125 0.09140625 0.04921875 0.06796875
2 0.12109375 0.1734375 0.06640625 0.0765625
3 0.87578125 0.428125 0.0375 0.0734375
2 0.86484375 0.39296875 0.04921875 0.07109375
2 0.36953125 0.06796875 0.046875 0.0609375
1 0.03125 0.18515625 0.05234375 0.0640625
2 0.0375 0.225 0.05234375 0.0515625
2 0.38671875 0.0125 0.04296875 0.025
2 0.97265625 0.33046875 0.0546875 0.071875
2 0.2578125 0.65625 0.06875 0.05546875
1 0.6890625 0.97890625 0.059375 0.0421875
2 0.7734375 0.85078125 0.05 0.10234375
2 0.971875 0.403125 0.05625 0.071875
2 0.86171875 0.2265625 0.03046875 0.0875