1 0.36328125 0.58203125 0.07421875 0.08515625
1 0.58828125 0.56640625 0.05390625 0.0765625
1 0.62578125 0.6046875 0.0453125 0.05390625
1 0.62421875 0.67734375 0.05546875 0.0609375
1 0.40625 0.41875 0.0421875 0.065625
1 0.26484375 0.31328125 0.05234375 0.06953125
1 0.21875 0.26875 0.05078125 0.0609375
1 0.1609375 0.0546875 0.0671875 0.07890625
1 0.2328125 0.040625 0.05546875 0.08125
1 0.30390625 0.73203125 0.05390625 0.06953125
1 0.35390625 0.76640625 0.0625 0.04921875
1 0.7171875 0.76953125 0.05703125 0.0765625
1 0.83125 0.55703125 0.07265625 0.0765625
1 0.86640625 0.36484375 0.0625 0.0828125
1 0.91875 0.35859375 0.04921875 0.05625
1 0.64921875 0.06875 0.0484375 0.06875
1 0.06640625 0.52265625 0.05546875 0.065625
1 0.03515625 0.703125 0.0671875 0.0765625
1 0.90625 0.84921875 0.07109375 0.05859375
1 0.91953125 0.9265625 0.07421875 0.06953125
1 0.9453125 0.1546875 0.05390625 0.071875
1 0.925 0.02890625 0.053125 0.0578125
1 0.978125 0.103125 0.0421875 0.0765625
1 0.4578125 0.15625 0.04375 0.065625
1 0.44140625 0.3109375 0.046875 0.04921875
1 0.353125 0.21953125 0.0671875 0.0609375
1 0.9796875 0.6203125 0.040625 0.065625
1 0.9796875 0.68046875 0.040625 0.0453125
1 0.07265625 0.75390625 0.04921875 0.06953125
1 0.390625 0.96953125 0.07109375 0.0609375
1 0.5390625 0.31484375 0.059375 0.05859375
1 0.83671875 0.05 0.06328125 0.09453125
1 0.465625 0.0875 0.059375 0.05390625
3 0.54375 0.6484375 0.090625 0.0515625
3 0.1140625 0.828125 0.0875 0.07421875
3 0.4484375 0.41015625 0.02578125 0.10546875
3 0.471875 0.43984375 0.0421875 0.0890625
3 0.05859375 0.47109375 0.08125 0.04296875
3 0.07265625 0.15859375 0.0421875 0.096875
4 0.478125 0.61484375 0.05390625 0.0875
4 0.28046875 0.4828125 0.05390625 0.071875
2 0.8859375 0.515625 0.046875 0.06953125
2 0.69921875 0.62265625 0.0640625 0.071875
2 0.6515625 0.503125 0.07109375 0.06328125
2 0.77578125 0.58671875 0.04921875 0.08125
2 0.35234375 0.4046875 0.065625 0.0765625
2 0.25 0.225 0.0421875 0.0765625
2 0.0375 0.4 0.04921875 0.05390625
2 0.16953125 0.51484375 0.05390625 0.0765625
2 0.1703125 0.3265625 0.040625 0.065625
2 0.2 0.40703125 0.05703125 0.05390625
2 0.1375 0.42890625 0.09453125 0.05859375
2 0.25625 0.415625 0.0625 0.071875
2 0.26015625 0.559375 0.0625 0.071875
2 0.190625 0.7046875 0.06953125 0.065625
2 0.21484375 0.7765625 0.05078125 0.10546875
2 0.1015625 0.9671875 0.065625 0.065625
2 0.51875 0.825 0.06171875 0.05859375
2 0.37421875 0.69765625 0.05546875 0.06953125
2 0.5078125 0.77109375 0.0453125 0.05859375
2 0.4125 0.66875 0.03359375 0.04296875
2 0.44609375 0.68125 0.0640625 0.05390625
2 0.46015625 0.78984375 0.04921875 0.05625
2 0.47578125 0.93515625 0.0625 0.05390625
1 0.6859375 0.91015625 0.04453125 0.059375
2 0.74296875 0.17890625 0.03671875 0.06953125
2 0.3828125 0.103125 0.0453125 0.04921875
2 0.115625 0.1625 0.05078125 0.065625
2 0.0421875 0.04375 0.05546875 0.0609375
3 0.0265625 0.1515625 0.0484375 0.08203125
2 0.359375 0.128125 0.0453125 0.03125
2 0.52421875 0.04140625 0.0734375 0.0828125
2 0.86015625 0.20703125 0.05703125 0.08046875
2 0.78203125 0.19296875 0.0453125 0.05390625
1 0.7046875 0.1453125 0.0453125 0.08359375
1 0.8796875 0.70546875 0.0625 0.06328125
1 0.89375 0.659375 0.059375 0.065625
1 0.29609375 0.8359375 0.05703125 0.0453125
1 0.190625 0.9671875 0.05546875 0.065625
1 0.14296875 0.66171875 0.0671875 0.0515625
4 0.28203125 0.1890625 0.059375 0.08125
0 0.83359375 0.415625 0.07734375 0.05390625
0 0.93671875 0.6015625 0.05390625 0.05546875
3 0.3453125 0.89453125 0.03359375 0.08203125
3 0.1453125 0.93359375 0.0328125 0.0796875
2 0.2953125 0.93046875 0.04921875 0.0671875
2 0.10625 0.72890625 0.05546875 0.0609375
2 0.12890625 0.42265625 0.03046875 0.0671875
2 0.06953125 0.42109375 0.0453125 0.07421875
2 0.1140625 0.08671875 0.05234375 0.078125
2 0.59609375 0.20234375 0.05390625 0.06328125
2 0.63515625 0.178125 0.05625 0.06953125
2 0.4109375 0.159375 0.046875 0.08125
2 0.42265625 0.25703125 0.05390625 0.0609375
3 0.37109375 0.1671875 0.0828125 0.03359375
0 0.31171875 0.2765625 0.02578125 0.08125
0 0.7109375 0.28671875 0.05078125 0.06953125
2 0.58125 0.37578125 0.0625 0.05625
0 0.884375 0.4734375 0.0609375 0.04296875
2 0.53125 0.47421875 0.05234375 0.0765625
2 0.81875 0.23828125 0.04375 0.0671875
2 0.78984375 0.27421875 0.05078125 0.0671875
2 0.75546875 0.30703125 0.02578125 0.0875
2 0.6109375 0.74140625 0.0640625 0.05859375
2 0.52890625 0.73828125 0.046875 0.06953125
0 0.553125 0.6921875 0.0453125 0.0671875
2 0.85390625 0.97265625 0.05703125 0.05390625
2 0.8390625 0.928125 0.0671875 0.06328125
4 0.3640625 0.02734375 0.06875 0.0546875
2 0.06484375 0.09296875 0.0625 0.06328125
2 0.0234375 0.0890625 0.04140625 0.059375
2 0.18671875 0.36171875 0.05546875 0.06640625
2 0.14375 0.3953125 0.03671875 0.00390625
2 0.5578125 0.40703125 0.05390625 0.0734375
2 0.60859375 0.49453125 0.0328125 0.08203125
2 0.7109375 0.0625 0.05546875 0.06015625
2 0.1328125 0.496875 0.0390625 0.0875
2 0.80703125 0.975 0.04765625 0.04921875
2 0.2734375 0.98671875 0.05078125 0.0265625
1 0.234375 0.9828125 0.05859375 0.034375
2 0.60390625 0.98828125 0.05859375 0.0234375
2 0.7734375 0.98828125 0.0390625 0.0234375
2 0.38828125 0.5015625 0.046875 0.1046875
3 0.94609375 0.80078125 0.03203125 0.08203125
2 0.97578125 0.80859375 0.0484375 0.10625
3 0.36875 0.9015625 0.05546875 0.065625
2 0.5796875 0.77421875 0.053125 0.05859375
2 0.56796875 0.7375 0.03671875 0.0453125
2 0.42265625 0.81875 0.06015625 0.05546875
2 0.41328125 0.765625 0.05390625 0.06015625
1 0.434375 0.97265625 0.053125 0.0546875
2 0.21875 0.57109375 0.05625 0.075
2 0.196875 0.465625 0.06328125 0.06796875
2 0.125 0.69921875 0.0625 0.06953125
0 0.0140625 0.4234375 0.02734375 0.0625
2 0.4765625 0.028125 0.0390625 0.05546875
2 0.42421875 0.01328125 0.0484375 0.0265625
2 0.70390625 0.01328125 0.0640625 0.02578125
2 0.053125 0.009375 0.04921875 0.01875