3 0.43984375 0.275 0.03203125 0.11015625
3 0.18359375 0.6078125 0.03046875 0.1234375
3 0.41484375 0.525 0.065625 0.065625
3 0.74453125 0.43359375 0.03046875 0.103125
3 0.89453125 0.30703125 0.0875 0.05625
3 0.03671875 0.9 0.046875 0.11484375
1 0.315625 0.25078125 0.059375 0.07890625
1 0.1515625 0.2078125 0.05078125 0.065625
1 0.1875 0.40546875 0.0625 0.07421875
1 0.1640625 0.5 0.059375 0.08359375
1 0.1484375 0.5796875 0.05546875 0.08125
2 0.0421875 0.3046875 0.05546875 0.0734375
1 0.55859375 0.146875 0.05390625 0.065625
1 0.5140625 0.7765625 0.0625 0.06953125
1 0.7375 0.5921875 0.0609375 0.065625
1 0.82265625 0.509375 0.065625 0.0609375
1 0.7484375 0.24375 0.06953125 0.0921875
1 0.86875 0.24609375 0.0609375 0.0609375
1 0.93984375 0.09140625 0.05703125 0.08359375
1 0.98671875 0.2828125 0.0265625 0.0671875
1 0.81640625 0.30078125 0.0609375 0.06328125
1 0.44609375 0.04296875 0.0609375 0.0671875
1 0.2546875 0.04296875 0.0625 0.05859375
1 0.77734375 0.8828125 0.0625 0.06328125
1 0.98203125 0.6734375 0.0359375 0.08125
2 0.73515625 0.084375 0.065625 0.0921875
2 0.371875 0.37734375 0.05078125 0.08125
2 0.58984375 0.2765625 0.05234375 0.071875
2 0.36015625 0.0390625 0.0453125 0.065625
2 0.3046875 0.6453125 0.05078125 0.08515625
2 0.27734375 0.45625 0.05703125 0.0671875
2 0.3484375 0.49453125 0.03671875 0.08515625
2 0.23828125 0.71328125 0.0625 0.065625
2 0.28125 0.7515625 0.04375 0.06953125
2 0.4390625 0.7078125 0.03046875 0.09921875
2 0.4 0.65859375 0.065625 0.0765625
2 0.871875 0.6796875 0.07265625 0.08359375
2 0.828125 0.846875 0.04921875 0.08125
2 0.81328125 0.4328125 0.04375 0.065625
2 0.1140625 0.12734375 0.0609375 0.096875
2 0.04921875 0.06875 0.04921875 0.06953125
0 0.159375 0.03671875 0.04140625 0.0734375
2 0.2078125 0.0796875 0.05078125 0.05625
0 0.2765625 0.09765625 0.0515625 0.06171875
3 0.1515625 0.1515625 0.0515625 0.0734375
3 0.40390625 0.9359375 0.040625 0.11015625
1 0.08828125 0.58203125 0.04921875 0.08125
1 0.0390625 0.61875 0.04921875 0.0609375
1 0.3203125 0.82109375 0.059375 0.05625
2 0.4140625 0.7984375 0.0640625 0.06953125
1 0.546875 0.65390625 0.05703125 0.05390625
1 0.87109375 0.859375 0.0671875 0.065625
1 0.7578125 0.38125 0.05078125 0.0515625
1 0.59453125 0.63359375 0.04375 0.05390625
1 0.56171875 0.7109375 0.05546875 0.065625
1 0.7109375 0.47890625 0.05078125 0.04921875
3 0.64296875 0.20234375 0.040625 0.09453125
0 0.4359375 0.4671875 0.07734375 0.040625
2 0.65 0.9515625 0.04140625 0.07890625
0 0.55 0.29296875 0.0453125 0.08359375
2 0.58125 0.49765625 0.07109375 0.05625
2 0.52265625 0.59765625 0.05234375 0.05703125
2 0.45859375 0.52890625 0.05546875 0.0609375
2 0.69609375 0.40859375 0.06953125 0.0765625
2 0.66328125 0.51484375 0.05078125 0.0765625
2 0.63203125 0.59921875 0.03203125 0.07890625
2 0.584375 0.57109375 0.03359375 0.04921875
2 0.9078125 0.359375 0.0734375 0.0578125
2 0.09375 0.25703125 0.03046875 0.096875
2 0.03359375 0.7375 0.06640625 0.08125
2 0.1703125 0.93046875 0.065625 0.05859375
0 0.3625 0.934375 0.0765625 0.05625
2 0.95703125 0.78515625 0.0671875 0.07421875
2 0.9453125 0.9171875 0.05390625 0.06328125
2 0.8859375 0.92578125 0.05703125 0.08125
2 0.9625 0.8546875 0.075 0.0546875
1 0.953125 0.9828125 0.07421875 0.03359375
2 0.26875 0.928125 0.05078125 0.07109375
1 0.215625 0.98125 0.071875 0.0375
2 0.271875 0.97265625 0.07265625 0.05390625
2 0.4671875 0.35390625 0.04921875 0.05625
2 0.375 0.303125 0.04375 0.0765625
0 0.25546875 0.5359375 0.0515625 0.05703125
2 0.2578125 0.60703125 0.03515625 0.0671875
2 0.209375 0.590625 0.03515625 0.06171875
4 0.5453125 0.08203125 0.05078125 0.0515625
2 0.53515625 0.20703125 0.0546875 0.08203125
2 0.7421875 0.96328125 0.03515625 0.07265625
2 0.24375 0.4078125 0.04765625 0.06328125
2 0.25234375 0.35234375 0.0484375 0.05078125
2 0.0953125 0.303125 0.05390625 0.0796875
4 0.73203125 0.165625 0.04609375 0.071875
2 0.63359375 0.55234375 0.05546875 0.06953125
2 0.3828125 0.484375 0.04765625 0.06796875
2 0.01484375 0.115625 0.0296875 0.08203125
2 0.57265625 0.0234375 0.0578125 0.046875
2 0.3984375 0.05 0.0609375 0.06796875
2 0.04765625 0.553125 0.04765625 0.05
1 0.10546875 0.97265625 0.0484375 0.0546875
3 0.81015625 0.9859375 0.034375 0.028125
2 0.475 0.9859375 0.040625 0.028125
2 0.48359375 0.715625 0.05703125 0.05546875
2 0.4953125 0.671875 0.034375 0.075
3 0.0109375 0.9 0.021875 0.0953125
2 0.196875 0.03359375 0.0421875 0.0640625
1 0.03125 0.01640625 0.05625 0.0328125
2 0.8140625 0.26953125 0.04296875 0.04609375
2 0.525 0.01875 0.053125 0.03671875
4 0.4203125 0.36484375 0.0609375 0.0953125
2 0.50390625 0.57890625 0.04375 0.0734375