3 0.56015625 0.275 0.03203125 0.11015625
3 0.81640625 0.6078125 0.03046875 0.1234375
3 0.58515625 0.525 0.065625 0.065625
3 0.25546875 0.43359375 0.03046875 0.103125
3 0.10546875 0.30703125 0.0875 0.05625
3 0.96328125 0.9 0.046875 0.11484375
1 0.684375 0.25078125 0.059375 0.07890625
1 0.8484375 0.2078125 0.05078125 0.065625
1 0.8125 0.40546875 0.0625 0.07421875
1 0.8359375 0.5 0.059375 0.08359375
1 0.8515625 0.5796875 0.05546875 0.08125
2 0.9578125 0.3046875 0.05546875 0.0734375
1 0.44140625 0.146875 0.05390625 0.065625
1 0.4859375 0.7765625 0.0625 0.06953125
1 0.2625 0.5921875 0.0609375 0.065625
1 0.17734375 0.509375 0.065625 0.0609375
1 0.2515625 0.24375 0.06953125 0.0921875
1 0.13125 0.24609375 0.0609375 0.0609375
1 0.06015625 0.09140625 0.05703125 0.08359375
1 0.01328125 0.2828125 0.0265625 0.0671875
1 0.18359375 0.30078125 0.0609375 0.06328125
1 0.55390625 0.04296875 0.0609375 0.0671875
1 0.7453125 0.04296875 0.0625 0.05859375
1 0.22265625 0.8828125 0.0625 0.06328125
1 0.01796875 0.6734375 0.0359375 0.08125
2 0.26484375 0.084375 0.065625 0.0921875
2 0.628125 0.37734375 0.05078125 0.08125
2 0.41015625 0.2765625 0.05234375 0.071875
2 0.63984375 0.0390625 0.0453125 0.065625
2 0.6953125 0.6453125 0.05078125 0.08515625
2 0.72265625 0.45625 0.05703125 0.0671875
2 0.6515625 0.49453125 0.03671875 0.08515625
2 0.76171875 0.71328125 0.0625 0.065625
2 0.71875 0.7515625 0.04375 0.06953125
2 0.5609375 0.7078125 0.03046875 0.09921875
2 0.6 0.65859375 0.065625 0.0765625
2 0.128125 0.6796875 0.07265625 0.08359375
2 0.171875 0.846875 0.04921875 0.08125
2 0.18671875 0.4328125 0.04375 0.065625
2 0.8859375 0.12734375 0.0609375 0.096875
2 0.95078125 0.06875 0.04921875 0.06953125
0 0.840625 0.03671875 0.04140625 0.0734375
2 0.7921875 0.0796875 0.05078125 0.05625
0 0.7234375 0.09765625 0.0515625 0.06171875
3 0.8484375 0.1515625 0.0515625 0.0734375
3 0.59609375 0.9359375 0.040625 0.11015625
1 0.91171875 0.58203125 0.04921875 0.08125
1 0.9609375 0.61875 0.04921875 0.0609375
1 0.6796875 0.82109375 0.059375 0.05625
2 0.5859375 0.7984375 0.0640625 0.06953125
1 0.453125 0.65390625 0.05703125 0.05390625
1 0.12890625 0.859375 0.0671875 0.065625
1 0.2421875 0.38125 0.05078125 0.0515625
1 0.40546875 0.63359375 0.04375 0.05390625
1 0.43828125 0.7109375 0.05546875 0.065625
1 0.2890625 0.47890625 0.05078125 0.04921875
3 0.35703125 0.20234375 0.040625 0.09453125
0 0.5640625 0.4671875 0.07734375 0.040625
2 0.35 0.9515625 0.04140625 0.07890625
0 0.45 0.29296875 0.0453125 0.08359375
2 0.41875 0.49765625 0.07109375 0.05625
2 0.47734375 0.59765625 0.05234375 0.05703125
2 0.54140625 0.52890625 0.05546875 0.0609375
2 0.30390625 0.40859375 0.06953125 0.0765625
2 0.33671875 0.51484375 0.05078125 0.0765625
2 0.36796875 0.59921875 0.03203125 0.07890625
2 0.415625 0.57109375 0.03359375 0.04921875
2 0.0921875 0.359375 0.0734375 0.0578125
2 0.90625 0.25703125 0.03046875 0.096875
2 0.96640625 0.7375 0.06640625 0.08125
2 0.8296875 0.93046875 0.065625 0.05859375
0 0.6375 0.934375 0.0765625 0.05625
2 0.04296875 0.78515625 0.0671875 0.07421875
2 0.0546875 0.9171875 0.05390625 0.06328125
2 0.1140625 0.92578125 0.05703125 0.08125
2 0.0375 0.8546875 0.075 0.0546875
1 0.046875 0.9828125 0.07421875 0.03359375
2 0.73125 0.928125 0.05078125 0.07109375
1 0.784375 0.98125 0.071875 0.0375
2 0.728125 0.97265625 0.07265625 0.05390625
2 0.5328125 0.35390625 0.04921875 0.05625
2 0.625 0.303125 0.04375 0.0765625
0 0.74453125 0.5359375 0.0515625 0.05703125
2 0.7421875 0.60703125 0.03515625 0.0671875
2 0.790625 0.590625 0.03515625 0.06171875
4 0.4546875 0.08203125 0.05078125 0.0515625
2 0.46484375 0.20703125 0.0546875 0.08203125
2 0.2578125 0.96328125 0.03515625 0.07265625
2 0.75625 0.4078125 0.04765625 0.06328125
2 0.74765625 0.35234375 0.0484375 0.05078125
2 0.9046875 0.303125 0.05390625 0.0796875
4 0.26796875 0.165625 0.04609375 0.071875
2 0.36640625 0.55234375 0.05546875 0.06953125
2 0.6171875 0.484375 0.04765625 0.06796875
2 0.98515625 0.115625 0.0296875 0.08203125
2 0.42734375 0.0234375 0.0578125 0.046875
2 0.6015625 0.05 0.0609375 0.06796875
2 0.95234375 0.553125 0.04765625 0.05
1 0.89453125 0.97265625 0.0484375 0.0546875
3 0.18984375 0.9859375 0.034375 0.028125
2 0.525 0.9859375 0.040625 0.028125
2 0.51640625 0.715625 0.05703125 0.05546875
2 0.5046875 0.671875 0.034375 0.075
3 0.9890625 0.9 0.021875 0.0953125
2 0.803125 0.03359375 0.0421875 0.0640625
1 0.96875 0.01640625 0.05625 0.0328125
2 0.1859375 0.26953125 0.04296875 0.04609375
2 0.475 0.01875 0.053125 0.03671875
4 0.5796875 0.36484375 0.0609375 0.0953125
2 0.49609375 0.57890625 0.04375 0.0734375