1 0.56875 0.1125 0.090625 0.05390625
1 0.5109375 0.03515625 0.06328125 0.06953125
1 0.62890625 0.0421875 0.0609375 0.0625
1 0.83203125 0.54765625 0.05390625 0.07890625
1 0.7578125 0.6234375 0.0671875 0.06953125
1 0.34375 0.48984375 0.05234375 0.0671875
1 0.3296875 0.41796875 0.05390625 0.06328125
1 0.41328125 0.79140625 0.06796875 0.08125
1 0.24453125 0.8609375 0.0625 0.08125
1 0.29453125 0.23125 0.0609375 0.0671875
1 0.57578125 0.57890625 0.0671875 0.0875
1 0.71015625 0.4671875 0.0625 0.06328125
1 0.91484375 0.46328125 0.06484375 0.06640625
1 0.96875 0.328125 0.06171875 0.05859375
1 0.55859375 0.88671875 0.07734375 0.06953125
1 0.68046875 0.90703125 0.05390625 0.05625
1 0.62265625 0.86484375 0.05390625 0.0671875
1 0.81015625 0.65078125 0.05078125 0.07890625
1 0.7875 0.1390625 0.05078125 0.071875
1 0.22890625 0.096875 0.05703125 0.0765625
1 0.06640625 0.5921875 0.0609375 0.0515625
1 0.46875 0.9625 0.06640625 0.06640625
1 0.7625 0.4234375 0.05703125 0.06953125
1 0.80390625 0.44609375 0.0453125 0.04296875
1 0.840625 0.3484375 0.05703125 0.071875
1 0.94296875 0.25625 0.05703125 0.0671875
1 0.3375 0.60390625 0.03359375 0.053125
1 0.28984375 0.77421875 0.0453125 0.08359375
1 0.9453125 0.52890625 0.03671875 0.06953125
1 0.9453125 0.59921875 0.0671875 0.06953125
1 0.9203125 0.77890625 0.0625 0.0609375
1 0.684375 0.8359375 0.059375 0.0671875
1 0.8765625 0.02265625 0.05234375 0.0453125
3 0.58515625 0.22890625 0.0625 0.09453125
3 0.6796875 0.3171875 0.06875 0.08515625
3 0.7078125 0.253125 0.07265625 0.03828125
3 0.021875 0.7671875 0.03203125 0.07421875
3 0.09453125 0.74140625 0.0859375 0.0453125
3 0.85703125 0.74375 0.084375 0.05390625
3 0.97890625 0.63125 0.03671875 0.08984375
0 0.428125 0.7359375 0.065625 0.07890625
0 0.85078125 0.10703125 0.03359375 0.04765625
0 0.675 0.0515625 0.05390625 0.08515625
0 0.19140625 0.1609375 0.0640625 0.04765625
0 0.0890625 0.15078125 0.04375 0.071875
0 0.06953125 0.3234375 0.0625 0.04921875
0 0.04453125 0.5234375 0.0640625 0.040625
0 0.10546875 0.45390625 0.059375 0.071875
2 0.171875 0.2921875 0.03515625 0.09453125
0 0.14453125 0.37109375 0.02734375 0.09921875
1 0.409375 0.5234375 0.05390625 0.08125
4 0.76796875 0.26484375 0.0578125 0.08046875
1 0.69375 0.97421875 0.08125 0.0515625
1 0.965625 0.88515625 0.04921875 0.071875
1 0.71015625 0.7359375 0.05625 0.07578125
1 0.56640625 0.496875 0.06953125 0.04921875
2 0.31640625 0.34375 0.05703125 0.05859375
2 0.51328125 0.378125 0.07578125 0.0703125
2 0.509375 0.4484375 0.0390625 0.0609375
2 0.46796875 0.09609375 0.06640625 0.06953125
2 0.36328125 0.2328125 0.040625 0.0921875
2 0.06640625 0.0171875 0.04375 0.03359375
2 0.06796875 0.05546875 0.0546875 0.05234375
2 0.01484375 0.2390625 0.0296875 0.1015625
2 0.0890625 0.25546875 0.05390625 0.05625
2 0.64453125 0.16640625 0.046875 0.04921875
2 0.6359375 0.22109375 0.05234375 0.06953125
2 0.80859375 0.071875 0.05703125 0.0453125
2 0.89453125 0.15078125 0.05703125 0.04921875
2 0.8921875 0.21015625 0.05859375 0.05703125
2 0.64921875 0.553125 0.0515625 0.0640625
3 0.61796875 0.7640625 0.10078125 0.03125
2 0.209375 0.63515625 0.0625 0.0609375
2 0.94921875 0.40703125 0.05546875 0.0734375
2 0.88359375 0.3859375 0.05859375 0.07265625
2 0.20703125 0.33125 0.03515625 0.065625
0 0.43671875 0.0234375 0.0453125 0.046875
3 0.63125 0.796875 0.0671875 0.04765625
2 0.5265625 0.71796875 0.07578125 0.05625
0 0.3046875 0.65390625 0.0640625 0.04921875
2 0.10390625 0.49765625 0.040625 0.065625
2 0.15546875 0.659375 0.05546875 0.03828125
2 0.1484375 0.5484375 0.040625 0.0515625
2 0.190625 0.0171875 0.0390625 0.03359375
1 0.2859375 0.021875 0.065625 0.03984375
2 0.31484375 0.0640625 0.0671875 0.0515625
1 0.2796875 0.1109375 0.06484375 0.0875
2 0.35 0.15625 0.040625 0.0609375
2 0.18125 0.109375 0.05390625 0.05625
0 0.97421875 0.215625 0.03203125 0.09453125
2 0.91328125 0.8484375 0.046875 0.0875
2 0.86171875 0.8234375 0.02890625 0.065625
3 0.45390625 0.603125 0.04921875 0.0609375
2 0.4953125 0.57890625 0.04375 0.07421875
2 0.50703125 0.5328125 0.07109375 0.071875
2 0.46796875 0.5015625 0.05078125 0.08125
2 0.35859375 0.32734375 0.05703125 0.08984375
2 0.26171875 0.3125 0.0421875 0.05859375
2 0.25078125 0.375 0.05390625 0.0765625
2 0.59296875 0.43125 0.046875 0.040625
2 0.76640625 0.55703125 0.05390625 0.05859375
2 0.90546875 0.69296875 0.06953125 0.05625
2 0.85859375 0.68359375 0.0640625 0.1125
2 0.23359375 0.79296875 0.0609375 0.08984375
2 0.2171875 0.72265625 0.05078125 0.03828125
2 0.08125 0.7 0.0859375 0.04296875
2 0.1765625 0.6765625 0.0375 0.0671875
2 0.3421875 0.86328125 0.0390625 0.0765625
2 0.46015625 0.89296875 0.059375 0.0515625
2 0.603125 0.9125 0.04921875 0.09140625
2 0.40390625 0.85859375 0.05078125 0.08125
2 0.7984375 0.3875 0.05703125 0.0609375
2 0.059375 0.77734375 0.02890625 0.0203125
1 0.365625 0.5609375 0.059375 0.059375
2 0.3640625 0.61875 0.01953125 0.04921875
2 0.56484375 0.97109375 0.0453125 0.05703125
2 0.51953125 0.97734375 0.05390625 0.0453125
2 0.26875 0.98359375 0.04609375 0.0328125
4 0.9 0.53359375 0.04609375 0.06875
2 0.178125 0.5875 0.04609375 0.06015625
2 0.32265625 0.13984375 0.0390625 0.0671875
2 0.940625 0.015625 0.025 0.03125
2 0.8359375 0.0265625 0.03671875 0.053125
2 0.56328125 0.44609375 0.028125 0.0640625
3 0.2109375 0.3734375 0.0421875 0.05078125
2 0.67890625 0.56953125 0.05 0.0609375
1 0.98125 0.44296875 0.034375 0.071875
2 0.19453125 0.7625 0.04609375 0.05390625
2 0.15234375 0.7359375 0.053125 0.06640625
2 0.06875 0.22265625 0.0578125 0.06953125
2 0.99140625 0.18515625 0.0171875 0.05234375
2 0.9890625 0.30390625 0.021875 0.05625
2 0.04921875 0.74140625 0.053125 0.05546875
2 0.55546875 0.0125 0.0453125 0.025
2 0.965625 0.978125 0.06796875 0.04296875
2 0.98125 0.38984375 0.0375 0.046875
2 0.4640625 0.02421875 0.028125 0.0484375