1 0.43125 0.8875 0.090625 0.05390625
1 0.4890625 0.96484375 0.06328125 0.06953125
1 0.37109375 0.9578125 0.0609375 0.0625
1 0.16796875 0.45234375 0.05390625 0.07890625
1 0.2421875 0.3765625 0.0671875 0.06953125
1 0.65625 0.51015625 0.05234375 0.0671875
1 0.6703125 0.58203125 0.05390625 0.06328125
1 0.58671875 0.20859375 0.06796875 0.08125
1 0.75546875 0.1390625 0.0625 0.08125
1 0.70546875 0.76875 0.0609375 0.0671875
1 0.42421875 0.42109375 0.0671875 0.0875
1 0.28984375 0.5328125 0.0625 0.06328125
1 0.08515625 0.53671875 0.06484375 0.06640625
1 0.03125 0.671875 0.06171875 0.05859375
1 0.44140625 0.11328125 0.07734375 0.06953125
1 0.31953125 0.09296875 0.05390625 0.05625
1 0.37734375 0.13515625 0.05390625 0.0671875
1 0.18984375 0.34921875 0.05078125 0.07890625
1 0.2125 0.8609375 0.05078125 0.071875
1 0.77109375 0.903125 0.05703125 0.0765625
1 0.93359375 0.4078125 0.0609375 0.0515625
1 0.53125 0.0375 0.06640625 0.06640625
1 0.2375 0.5765625 0.05703125 0.06953125
1 0.19609375 0.55390625 0.0453125 0.04296875
1 0.159375 0.6515625 0.05703125 0.071875
1 0.05703125 0.74375 0.05703125 0.0671875
1 0.6625 0.39609375 0.03359375 0.053125
1 0.71015625 0.22578125 0.0453125 0.08359375
1 0.0546875 0.47109375 0.03671875 0.06953125
1 0.0546875 0.40078125 0.0671875 0.06953125
1 0.0796875 0.22109375 0.0625 0.0609375
1 0.315625 0.1640625 0.059375 0.0671875
1 0.1234375 0.97734375 0.05234375 0.0453125
3 0.41484375 0.77109375 0.0625 0.09453125
3 0.3203125 0.6828125 0.06875 0.08515625
3 0.2921875 0.746875 0.07265625 0.03828125
3 0.978125 0.2328125 0.03203125 0.07421875
3 0.90546875 0.25859375 0.0859375 0.0453125
3 0.14296875 0.25625 0.084375 0.05390625
3 0.02109375 0.36875 0.03671875 0.08984375
0 0.571875 0.2640625 0.065625 0.07890625
0 0.14921875 0.89296875 0.03359375 0.04765625
0 0.325 0.9484375 0.05390625 0.08515625
0 0.80859375 0.8390625 0.0640625 0.04765625
0 0.9109375 0.84921875 0.04375 0.071875
0 0.93046875 0.6765625 0.0625 0.04921875
0 0.95546875 0.4765625 0.0640625 0.040625
0 0.89453125 0.54609375 0.059375 0.071875
2 0.828125 0.7078125 0.03515625 0.09453125
0 0.85546875 0.62890625 0.02734375 0.09921875
1 0.590625 0.4765625 0.05390625 0.08125
4 0.23203125 0.73515625 0.0578125 0.08046875
1 0.30625 0.02578125 0.08125 0.0515625
1 0.034375 0.11484375 0.04921875 0.071875
1 0.28984375 0.2640625 0.05625 0.07578125
1 0.43359375 0.503125 0.06953125 0.04921875
2 0.68359375 0.65625 0.05703125 0.05859375
2 0.48671875 0.621875 0.07578125 0.0703125
2 0.490625 0.5515625 0.0390625 0.0609375
2 0.53203125 0.90390625 0.06640625 0.06953125
2 0.63671875 0.7671875 0.040625 0.0921875
2 0.93359375 0.9828125 0.04375 0.03359375
2 0.93203125 0.94453125 0.0546875 0.05234375
2 0.98515625 0.7609375 0.0296875 0.1015625
2 0.9109375 0.74453125 0.05390625 0.05625
2 0.35546875 0.83359375 0.046875 0.04921875
2 0.3640625 0.77890625 0.05234375 0.06953125
2 0.19140625 0.928125 0.05703125 0.0453125
2 0.10546875 0.84921875 0.05703125 0.04921875
2 0.1078125 0.78984375 0.05859375 0.05703125
2 0.35078125 0.446875 0.0515625 0.0640625
3 0.38203125 0.2359375 0.10078125 0.03125
2 0.790625 0.36484375 0.0625 0.0609375
2 0.05078125 0.59296875 0.05546875 0.0734375
2 0.11640625 0.6140625 0.05859375 0.07265625
2 0.79296875 0.66875 0.03515625 0.065625
0 0.56328125 0.9765625 0.0453125 0.046875
3 0.36875 0.203125 0.0671875 0.04765625
2 0.4734375 0.28203125 0.07578125 0.05625
0 0.6953125 0.34609375 0.0640625 0.04921875
2 0.89609375 0.50234375 0.040625 0.065625
2 0.84453125 0.340625 0.05546875 0.03828125
2 0.8515625 0.4515625 0.040625 0.0515625
2 0.809375 0.9828125 0.0390625 0.03359375
1 0.7140625 0.978125 0.065625 0.03984375
2 0.68515625 0.9359375 0.0671875 0.0515625
1 0.7203125 0.8890625 0.06484375 0.0875
2 0.65 0.84375 0.040625 0.0609375
2 0.81875 0.890625 0.05390625 0.05625
0 0.02578125 0.784375 0.03203125 0.09453125
2 0.08671875 0.1515625 0.046875 0.0875
2 0.13828125 0.1765625 0.02890625 0.065625
3 0.54609375 0.396875 0.04921875 0.0609375
2 0.5046875 0.42109375 0.04375 0.07421875
2 0.49296875 0.4671875 0.07109375 0.071875
2 0.53203125 0.4984375 0.05078125 0.08125
2 0.64140625 0.67265625 0.05703125 0.08984375
2 0.73828125 0.6875 0.0421875 0.05859375
2 0.74921875 0.625 0.05390625 0.0765625
2 0.40703125 0.56875 0.046875 0.040625
2 0.23359375 0.44296875 0.05390625 0.05859375
2 0.09453125 0.30703125 0.06953125 0.05625
2 0.14140625 0.31640625 0.0640625 0.1125
2 0.76640625 0.20703125 0.0609375 0.08984375
2 0.7828125 0.27734375 0.05078125 0.03828125
2 0.91875 0.3 0.0859375 0.04296875
2 0.8234375 0.3234375 0.0375 0.0671875
2 0.6578125 0.13671875 0.0390625 0.0765625
2 0.53984375 0.10703125 0.059375 0.0515625
2 0.396875 0.0875 0.04921875 0.09140625
2 0.59609375 0.14140625 0.05078125 0.08125
2 0.2015625 0.6125 0.05703125 0.0609375
2 0.940625 0.22265625 0.02890625 0.0203125
1 0.634375 0.4390625 0.059375 0.059375
2 0.6359375 0.38125 0.01953125 0.04921875
2 0.43515625 0.02890625 0.0453125 0.05703125
2 0.48046875 0.02265625 0.05390625 0.0453125
2 0.73125 0.01640625 0.04609375 0.0328125
4 0.1 0.46640625 0.04609375 0.06875
2 0.821875 0.4125 0.04609375 0.06015625
2 0.67734375 0.86015625 0.0390625 0.0671875
2 0.059375 0.984375 0.025 0.03125
2 0.1640625 0.9734375 0.03671875 0.053125
2 0.43671875 0.55390625 0.028125 0.0640625
3 0.7890625 0.6265625 0.0421875 0.05078125
2 0.32109375 0.43046875 0.05 0.0609375
1 0.01875 0.55703125 0.034375 0.071875
2 0.80546875 0.2375 0.04609375 0.05390625
2 0.84765625 0.2640625 0.053125 0.06640625
2 0.93125 0.77734375 0.0578125 0.06953125
2 0.00859375 0.81484375 0.0171875 0.05234375
2 0.0109375 0.69609375 0.021875 0.05625
2 0.95078125 0.25859375 0.053125 0.05546875
2 0.44453125 0.9875 0.0453125 0.025
2 0.034375 0.021875 0.06796875 0.04296875
2 0.01875 0.61015625 0.0375 0.046875
2 0.5359375 0.97578125 0.028125 0.0484375