1 0.47265625 0.3328125 0.05390625 0.09453125
1 0.45078125 0.43828125 0.05390625 0.08125
1 0.43359375 0.11171875 0.059375 0.08125
1 0.2859375 0.18203125 0.05703125 0.071875
1 0.2515625 0.3921875 0.0625 0.06953125
1 0.203125 0.54375 0.05703125 0.04921875
1 0.76171875 0.703125 0.04375 0.071875
1 0.8078125 0.515625 0.04921875 0.06328125
1 0.73046875 0.1875 0.07265625 0.07890625
1 0.82578125 0.115625 0.05234375 0.07421875
1 0.69453125 0.3203125 0.04921875 0.0921875
1 0.72578125 0.446875 0.046875 0.06328125
1 0.64609375 0.55625 0.05234375 0.06953125
1 0.640625 0.63515625 0.05234375 0.07421875
1 0.6328125 0.34609375 0.05078125 0.0671875
1 0.62578125 0.25390625 0.0625 0.08515625
1 0.9671875 0.828125 0.065625 0.0609375
1 0.93828125 0.87109375 0.05703125 0.08359375
1 0.8984375 0.91796875 0.04921875 0.0875
1 0.8078125 0.90859375 0.05546875 0.07890625
2 0.64296875 0.915625 0.07421875 0.08515625
1 0.41484375 0.8953125 0.0625 0.07421875
1 0.46015625 0.96796875 0.0640625 0.0640625
1 0.196875 0.940625 0.08125 0.07890625
1 0.0640625 0.2671875 0.04921875 0.0765625
1 0.0359375 0.1 0.071875 0.0875
1 0.57265625 0.71953125 0.04375 0.08125
1 0.490625 0.74296875 0.05546875 0.0609375
2 0.09375 0.75703125 0.05234375 0.071875
3 0.48984375 0.56640625 0.090625 0.04921875
3 0.3109375 0.9078125 0.06875 0.0921875
3 0.72265625 0.85390625 0.07734375 0.08046875
3 0.16796875 0.2109375 0.08125 0.04921875
1 0.07109375 0.9703125 0.0796875 0.059375
1 0.553125 0.46171875 0.05234375 0.065625
1 0.6953125 0.496875 0.07421875 0.0671875
1 0.88125 0.61875 0.046875 0.05625
1 0.8421875 0.81015625 0.07734375 0.08359375
1 0.56171875 0.1765625 0.07578125 0.065625
3 0.60625 0.19765625 0.08125 0.05859375
3 0.31328125 0.3265625 0.0859375 0.03359375
1 0.57109375 0.7875 0.1046875 0.04765625
3 0.634375 0.44296875 0.0828125 0.08125
1 0.340625 0.14453125 0.05234375 0.07265625
1 0.14453125 0.484375 0.0609375 0.04765625
1 0.71171875 0.75859375 0.05234375 0.0609375
1 0.39375 0.9796875 0.0609375 0.040625
4 0.36328125 0.36875 0.06796875 0.07890625
3 0.40703125 0.796875 0.08359375 0.04609375
0 0.11796875 0.27734375 0.02578125 0.10546875
0 0.3015625 0.68828125 0.07578125 0.0578125
0 0.80234375 0.25625 0.09296875 0.06328125
0 0.92578125 0.13046875 0.06953125 0.08515625
3 0.97265625 0.46796875 0.05 0.07265625
2 0.57421875 0.39765625 0.0609375 0.05859375
2 0.2921875 0.60546875 0.07578125 0.0609375
2 0.3046875 0.52109375 0.0640625 0.071875
2 0.3453125 0.475 0.05703125 0.05625
2 0.32890625 0.425 0.05234375 0.0765625
2 0.38046875 0.53828125 0.0640625 0.03828125
2 0.3578125 0.61875 0.059375 0.04296875
2 0.89453125 0.3765625 0.07109375 0.03359375
2 0.89453125 0.490625 0.05703125 0.04765625
2 0.9203125 0.56328125 0.07578125 0.05625
2 0.93046875 0.62109375 0.04765625 0.06328125
2 0.84453125 0.39609375 0.0671875 0.05859375
2 0.84765625 0.44609375 0.065625 0.06484375
2 0.9828125 0.22109375 0.034375 0.06484375
2 0.3515625 0.21328125 0.07734375 0.071875
2 0.14453125 0.33828125 0.0578125 0.075
2 0.1515625 0.26640625 0.0640625 0.08359375
2 0.1265625 0.03515625 0.05859375 0.0609375
2 0.13671875 0.07734375 0.0625 0.05625
0 0.425 0.64140625 0.0859375 0.04765625
2 0.56171875 0.6203125 0.0515625 0.06484375
0 0.60546875 0.59296875 0.0421875 0.1125
1 0.47109375 0.68125 0.0828125 0.071875
1 0.11328125 0.58046875 0.05546875 0.0609375
2 0.12578125 0.6453125 0.05390625 0.05859375
2 0.21484375 0.70078125 0.07734375 0.0296875
2 0.2328125 0.62109375 0.0421875 0.05625
2 0.1953125 0.628125 0.0640625 0.06953125
2 0.1640625 0.54375 0.0421875 0.08515625
2 0.18046875 0.13671875 0.07578125 0.06328125
2 0.503125 0.0203125 0.0609375 0.040625
0 0.58671875 0.3109375 0.05234375 0.04765625
1 0.54140625 0.32890625 0.0421875 0.07421875
0 0.62265625 0.746875 0.0640625 0.03359375
0 0.56640625 0.89296875 0.06953125 0.065625
1 0.259375 0.25078125 0.0609375 0.0515625
1 0.8421875 0.2171875 0.07421875 0.06953125
1 0.0359375 0.42578125 0.0484375 0.078125
1 0.01015625 0.2765625 0.01953125 0.06328125
2 0.89140625 0.05546875 0.05390625 0.07421875
2 0.01484375 0.7953125 0.0296875 0.08125
1 0.98359375 0.75703125 0.0328125 0.0765625
2 0.9796875 0.3921875 0.03984375 0.034375
2 0.453125 0.8390625 0.07109375 0.04296875
2 0.546875 0.8515625 0.07421875 0.0453125
4 0.0875 0.1515625 0.06953125 0.07890625
2 0.9875 0.33359375 0.025 0.0578125
1 0.9828125 0.60390625 0.034375 0.08828125
2 0.9859375 0.5578125 0.02734375 0.08046875
2 0.425 0.28671875 0.0390625 0.075
2 0.38125 0.259375 0.06328125 0.06640625
2 0.15703125 0.66484375 0.05234375 0.07734375
2 0.225 0.1640625 0.053125 0.0609375
0 0.5625 0.2515625 0.04375 0.053125
2 0.540625 0.21796875 0.05078125 0.0546875
2 0.9515625 0.115625 0.0625 0.0765625
2 0.96328125 0.0703125 0.071875 0.05859375
2 0.96953125 0.03125 0.059375 0.04375
2 0.703125 0.00859375 0.046875 0.0171875
2 0.3671875 0.015625 0.0703125 0.03125
2 0.2671875 0.01171875 0.06640625 0.0234375
2 0.678125 0.796875 0.0671875 0.05703125
2 0.7375 0.80234375 0.05703125 0.06953125
1 0.01015625 0.35 0.01953125 0.0625
2 0.525 0.6703125 0.040625 0.096875
2 0.521875 0.80625 0.05703125 0.07890625
2 0.203125 0.66328125 0.065625 0.04921875
1 0.8078125 0.9796875 0.06875 0.03984375
2 0.27578125 0.9828125 0.05390625 0.034375
2 0.00703125 0.90078125 0.01328125 0.03984375
2 0.88046875 0.8453125 0.0609375 0.06015625
2 0.8625 0.8859375 0.071875 0.0421875
0 0.86953125 0.95859375 0.0421875 0.0625
2 0.92578125 0.98828125 0.0453125 0.0234375
2 0.909375 0.19296875 0.05625 0.0765625
2 0.8859375 0.16953125 0.0453125 0.07734375
4 0.06328125 0.015625 0.06640625 0.03125
2 0.0078125 0.0453125 0.015625 0.065625
2 0.8515625 0.5421875 0.05 0.06796875
2 0.11171875 0.53203125 0.05859375 0.05546875
2 0.53515625 0.9796875 0.06640625 0.03984375
2 0.55078125 0.9546875 0.03671875 0.03828125
2 0.99375 0.72578125 0.0125 0.0703125