1 0.47265625 0.6671875 0.05390625 0.09453125
1 0.45078125 0.56171875 0.05390625 0.08125
1 0.43359375 0.88828125 0.059375 0.08125
1 0.2859375 0.81796875 0.05703125 0.071875
1 0.2515625 0.6078125 0.0625 0.06953125
1 0.203125 0.45625 0.05703125 0.04921875
1 0.76171875 0.296875 0.04375 0.071875
1 0.8078125 0.484375 0.04921875 0.06328125
1 0.73046875 0.8125 0.07265625 0.07890625
1 0.82578125 0.884375 0.05234375 0.07421875
1 0.69453125 0.6796875 0.04921875 0.0921875
1 0.72578125 0.553125 0.046875 0.06328125
1 0.64609375 0.44375 0.05234375 0.06953125
1 0.640625 0.36484375 0.05234375 0.07421875
1 0.6328125 0.65390625 0.05078125 0.0671875
1 0.62578125 0.74609375 0.0625 0.08515625
1 0.9671875 0.171875 0.065625 0.0609375
1 0.93828125 0.12890625 0.05703125 0.08359375
1 0.8984375 0.08203125 0.04921875 0.0875
1 0.8078125 0.09140625 0.05546875 0.07890625
2 0.64296875 0.084375 0.07421875 0.08515625
1 0.41484375 0.1046875 0.0625 0.07421875
1 0.46015625 0.03203125 0.0640625 0.0640625
1 0.196875 0.059375 0.08125 0.07890625
1 0.0640625 0.7328125 0.04921875 0.0765625
1 0.0359375 0.9 0.071875 0.0875
1 0.57265625 0.28046875 0.04375 0.08125
1 0.490625 0.25703125 0.05546875 0.0609375
2 0.09375 0.24296875 0.05234375 0.071875
3 0.48984375 0.43359375 0.090625 0.04921875
3 0.3109375 0.0921875 0.06875 0.0921875
3 0.72265625 0.14609375 0.07734375 0.08046875
3 0.16796875 0.7890625 0.08125 0.04921875
1 0.07109375 0.0296875 0.0796875 0.059375
1 0.553125 0.53828125 0.05234375 0.065625
1 0.6953125 0.503125 0.07421875 0.0671875
1 0.88125 0.38125 0.046875 0.05625
1 0.8421875 0.18984375 0.07734375 0.08359375
1 0.56171875 0.8234375 0.07578125 0.065625
3 0.60625 0.80234375 0.08125 0.05859375
3 0.31328125 0.6734375 0.0859375 0.03359375
1 0.57109375 0.2125 0.1046875 0.04765625
3 0.634375 0.55703125 0.0828125 0.08125
1 0.340625 0.85546875 0.05234375 0.07265625
1 0.14453125 0.515625 0.0609375 0.04765625
1 0.71171875 0.24140625 0.05234375 0.0609375
1 0.39375 0.0203125 0.0609375 0.040625
4 0.36328125 0.63125 0.06796875 0.07890625
3 0.40703125 0.203125 0.08359375 0.04609375
0 0.11796875 0.72265625 0.02578125 0.10546875
0 0.3015625 0.31171875 0.07578125 0.0578125
0 0.80234375 0.74375 0.09296875 0.06328125
0 0.92578125 0.86953125 0.06953125 0.08515625
3 0.97265625 0.53203125 0.05 0.07265625
2 0.57421875 0.60234375 0.0609375 0.05859375
2 0.2921875 0.39453125 0.07578125 0.0609375
2 0.3046875 0.47890625 0.0640625 0.071875
2 0.3453125 0.525 0.05703125 0.05625
2 0.32890625 0.575 0.05234375 0.0765625
2 0.38046875 0.46171875 0.0640625 0.03828125
2 0.3578125 0.38125 0.059375 0.04296875
2 0.89453125 0.6234375 0.07109375 0.03359375
2 0.89453125 0.509375 0.05703125 0.04765625
2 0.9203125 0.43671875 0.07578125 0.05625
2 0.93046875 0.37890625 0.04765625 0.06328125
2 0.84453125 0.60390625 0.0671875 0.05859375
2 0.84765625 0.55390625 0.065625 0.06484375
2 0.9828125 0.77890625 0.034375 0.06484375
2 0.3515625 0.78671875 0.07734375 0.071875
2 0.14453125 0.66171875 0.0578125 0.075
2 0.1515625 0.73359375 0.0640625 0.08359375
2 0.1265625 0.96484375 0.05859375 0.0609375
2 0.13671875 0.92265625 0.0625 0.05625
0 0.425 0.35859375 0.0859375 0.04765625
2 0.56171875 0.3796875 0.0515625 0.06484375
0 0.60546875 0.40703125 0.0421875 0.1125
1 0.47109375 0.31875 0.0828125 0.071875
1 0.11328125 0.41953125 0.05546875 0.0609375
2 0.12578125 0.3546875 0.05390625 0.05859375
2 0.21484375 0.29921875 0.07734375 0.0296875
2 0.2328125 0.37890625 0.0421875 0.05625
2 0.1953125 0.371875 0.0640625 0.06953125
2 0.1640625 0.45625 0.0421875 0.08515625
2 0.18046875 0.86328125 0.07578125 0.06328125
2 0.503125 0.9796875 0.0609375 0.040625
0 0.58671875 0.6890625 0.05234375 0.04765625
1 0.54140625 0.67109375 0.0421875 0.07421875
0 0.62265625 0.253125 0.0640625 0.03359375
0 0.56640625 0.10703125 0.06953125 0.065625
1 0.259375 0.74921875 0.0609375 0.0515625
1 0.8421875 0.7828125 0.07421875 0.06953125
1 0.0359375 0.57421875 0.0484375 0.078125
1 0.01015625 0.7234375 0.01953125 0.06328125
2 0.89140625 0.94453125 0.05390625 0.07421875
2 0.01484375 0.2046875 0.0296875 0.08125
1 0.98359375 0.24296875 0.0328125 0.0765625
2 0.9796875 0.6078125 0.03984375 0.034375
2 0.453125 0.1609375 0.07109375 0.04296875
2 0.546875 0.1484375 0.07421875 0.0453125
4 0.0875 0.8484375 0.06953125 0.07890625
2 0.9875 0.66640625 0.025 0.0578125
1 0.9828125 0.39609375 0.034375 0.08828125
2 0.9859375 0.4421875 0.02734375 0.08046875
2 0.425 0.71328125 0.0390625 0.075
2 0.38125 0.740625 0.06328125 0.06640625
2 0.15703125 0.33515625 0.05234375 0.07734375
2 0.225 0.8359375 0.053125 0.0609375
0 0.5625 0.7484375 0.04375 0.053125
2 0.540625 0.78203125 0.05078125 0.0546875
2 0.9515625 0.884375 0.0625 0.0765625
2 0.96328125 0.9296875 0.071875 0.05859375
2 0.96953125 0.96875 0.059375 0.04375
2 0.703125 0.99140625 0.046875 0.0171875
2 0.3671875 0.984375 0.0703125 0.03125
2 0.2671875 0.98828125 0.06640625 0.0234375
2 0.678125 0.203125 0.0671875 0.05703125
2 0.7375 0.19765625 0.05703125 0.06953125
1 0.01015625 0.65 0.01953125 0.0625
2 0.525 0.3296875 0.040625 0.096875
2 0.521875 0.19375 0.05703125 0.07890625
2 0.203125 0.33671875 0.065625 0.04921875
1 0.8078125 0.0203125 0.06875 0.03984375
2 0.27578125 0.0171875 0.05390625 0.034375
2 0.00703125 0.09921875 0.01328125 0.03984375
2 0.88046875 0.1546875 0.0609375 0.06015625
2 0.8625 0.1140625 0.071875 0.0421875
0 0.86953125 0.04140625 0.0421875 0.0625
2 0.92578125 0.01171875 0.0453125 0.0234375
2 0.909375 0.80703125 0.05625 0.0765625
2 0.8859375 0.83046875 0.0453125 0.07734375
4 0.06328125 0.984375 0.06640625 0.03125
2 0.0078125 0.9546875 0.015625 0.065625
2 0.8515625 0.4578125 0.05 0.06796875
2 0.11171875 0.46796875 0.05859375 0.05546875
2 0.53515625 0.0203125 0.06640625 0.03984375
2 0.55078125 0.0453125 0.03671875 0.03828125
2 0.99375 0.27421875 0.0125 0.0703125