0 0.8015625 0.12109375 0.10234375 0.11796875
0 0.27578125 0.10625 0.09921875 0.08046875
0 0.33125 0.26640625 0.1234375 0.07890625
0 0.371875 0.38828125 0.08984375 0.1328125
0 0.9296875 0.41015625 0.03515625 0.07890625
3 0.24765625 0.79609375 0.0546875 0.134375
3 0.596875 0.9296875 0.11875 0.11796875
0 0.53515625 0.8015625 0.08671875 0.09296875
4 0.8734375 0.15 0.10078125 0.109375
2 0.9171875 0.22578125 0.05625 0.1203125
2 0.88359375 0.35390625 0.0796875 0.1078125
2 0.803125 0.48671875 0.10078125 0.1015625
1 0.77734375 0.60859375 0.0953125 0.1078125
2 0.7609375 0.71875 0.08515625 0.09296875
2 0.890625 0.7984375 0.07421875 0.121875
2 0.81640625 0.83671875 0.05859375 0.0953125
2 0.515625 0.2671875 0.11875 0.10546875
2 0.71484375 0.0921875 0.096875 0.0515625
2 0.60546875 0.09140625 0.0671875 0.05625
1 0.5078125 0.10625 0.10078125 0.08046875
2 0.18203125 0.1390625 0.096875 0.09296875
2 0.3890625 0.1125 0.0828125 0.0890625
2 0.32265625 0.18203125 0.08125 0.08671875
2 0.128125 0.215625 0.10234375 0.09296875
2 0.04453125 0.34453125 0.08125 0.115625
2 0.09453125 0.40859375 0.078125 0.1078125
2 0.04765625 0.49296875 0.08828125 0.10390625
2 0.02265625 0.73203125 0.0453125 0.1109375
2 0.0875 0.76796875 0.08828125 0.11171875
2 0.06015625 0.82109375 0.07578125 0.09921875
2 0.1984375 0.90078125 0.1203125 0.09296875
2 0.175 0.79296875 0.11328125 0.13671875
1 0.2046875 0.64765625 0.0703125 0.09296875
1 0.296875 0.47734375 0.096875 0.1078125
1 0.459375 0.39921875 0.0953125 0.121875
2 0.42578125 0.57734375 0.10390625 0.0890625
2 0.44375 0.73046875 0.08984375 0.128125
2 0.38046875 0.75078125 0.09921875 0.0890625
2 0.2828125 0.72890625 0.08828125 0.128125
2 0.29765625 0.82109375 0.09921875 0.0765625
4 0.478125 0.859375 0.109375 0.11796875
2 0.65 0.84921875 0.13046875 0.08515625
2 0.66484375 0.92578125 0.096875 0.08671875
2 0.74453125 0.96796875 0.08671875 0.0640625
2 0.7890625 0.98828125 0.07421875 0.02265625
2 0.01796875 0.671875 0.028125 0.0828125