0 0.3859375 0.35390625 0.0921875 0.146875
3 0.90078125 0.475 0.15546875 0.1078125
3 0.49453125 0.51953125 0.1328125 0.0703125
3 0.26328125 0.5765625 0.1234375 0.13671875
3 0.3515625 0.646875 0.12734375 0.10390625
3 0.3109375 0.28671875 0.0515625 0.17578125
0 0.46484375 0.26171875 0.1234375 0.1015625
0 0.74296875 0.41953125 0.07578125 0.146875
2 0.74453125 0.546875 0.109375 0.1140625
2 0.86015625 0.2390625 0.1375 0.1078125
2 0.89765625 0.1078125 0.10390625 0.09765625
1 0.6609375 0.08046875 0.1109375 0.1078125
2 0.50234375 0.15703125 0.11875 0.0953125
2 0.32578125 0.15546875 0.07421875 0.10390625
2 0.24453125 0.82421875 0.08984375 0.0625
2 0.16484375 0.61796875 0.0796875 0.146875
2 0.06640625 0.40859375 0.03671875 0.09140625
2 0.08203125 0.3109375 0.0546875 0.07421875
3 0.06640625 0.1125 0.03359375 0.14921875
2 0.16171875 0.08828125 0.15703125 0.0828125
2 0.425 0.7359375 0.08671875 0.109375
2 0.51796875 0.8953125 0.0953125 0.07265625
2 0.41640625 0.9046875 0.0921875 0.04765625
2 0.37890625 0.81640625 0.06171875 0.13671875
2 0.3234375 0.75703125 0.11640625 0.1203125
2 0.08203125 0.8828125 0.065625 0.09765625
2 0.80390625 0.3890625 0.07421875 0.1203125
2 0.65390625 0.3046875 0.09375 0.09296875
2 0.778125 0.1328125 0.09375 0.0890625
2 0.546875 0.271875 0.11640625 0.134375
2 0.55 0.3859375 0.08984375 0.11171875
2 0.49609375 0.43984375 0.10625 0.0890625
2 0.23671875 0.3703125 0.096875 0.14921875
2 0.24296875 0.2828125 0.08671875 0.10390625
2 0.33515625 0.44921875 0.08984375 0.0890625
2 0.96484375 0.353125 0.04921875 0.115625
2 0.95703125 0.4453125 0.0859375 0.128125