2 0.0953125 0.628125 0.09921875 0.121875
2 0.1734375 0.50703125 0.11328125 0.13046875
2 0.759375 0.1984375 0.10078125 0.134375
2 0.8578125 0.715625 0.0953125 0.121875
2 0.91171875 0.34296875 0.07578125 0.1265625
2 0.6515625 0.59140625 0.10625 0.09140625
0 0.53359375 0.2828125 0.1359375 0.06015625
3 0.31015625 0.2484375 0.08984375 0.11796875
3 0.91953125 0.66328125 0.04921875 0.08671875
3 0.8234375 0.95 0.13984375 0.09921875
0 0.28984375 0.953125 0.06015625 0.09296875
2 0.43359375 0.66015625 0.07578125 0.09296875
1 0.51875 0.61796875 0.09375 0.1203125
2 0.63515625 0.82265625 0.1203125 0.14296875
2 0.75703125 0.4296875 0.0828125 0.0890625
2 0.53671875 0.45 0.0796875 0.08515625
2 0.3 0.7859375 0.08984375 0.08671875
2 0.17109375 0.90390625 0.10234375 0.16953125
2 0.2703125 0.8734375 0.109375 0.134375
2 0.33203125 0.8640625 0.078125 0.08515625
2 0.4265625 0.86328125 0.096875 0.15546875
2 0.50859375 0.946875 0.10234375 0.10546875
2 0.3453125 0.97421875 0.07265625 0.0515625
2 0.43359375 0.95625 0.08125 0.07421875
2 0.8515625 0.83046875 0.15390625 0.10546875
2 0.90625 0.90703125 0.07578125 0.1078125
2 0.7234375 0.76640625 0.11640625 0.16328125
2 0.6265625 0.50234375 0.11640625 0.09296875
2 0.66796875 0.40703125 0.0953125 0.13046875
2 0.5859375 0.378125 0.08125 0.09140625
2 0.034375 0.29609375 0.0515625 0.10390625
2 0.0203125 0.5765625 0.03671875 0.0890625
2 0.1578125 0.09140625 0.08671875 0.05
2 0.4078125 0.08984375 0.07578125 0.04375
2 0.490625 0.11484375 0.0796875 0.0828125
2 0.575 0.14296875 0.07421875 0.07890625
2 0.4453125 0.19765625 0.0703125 0.08671875
2 0.7484375 0.0953125 0.10625 0.0515625
2 0.55234375 0.20625 0.11484375 0.10390625