3 0.6296875 0.16953125 0.1203125 0.09296875
3 0.96875 0.09453125 0.06171875 0.153125
3 0.33984375 0.49140625 0.18046875 0.04765625
3 0.35078125 0.321875 0.1484375 0.0578125
3 0.09375 0.5328125 0.0828125 0.04765625
3 0.07421875 0.49140625 0.0421875 0.025
3 0.240625 0.76328125 0.13046875 0.14296875
3 0.95390625 0.7984375 0.08125 0.05
3 0.93984375 0.85 0.109375 0.0578125
3 0.1890625 0.26171875 0.0921875 0.10546875
2 0.715625 0.60390625 0.08828125 0.109375
2 0.72109375 0.41171875 0.08828125 0.109375
3 0.41796875 0.84765625 0.12578125 0.06640625
3 0.821875 0.82578125 0.1328125 0.06640625
4 0.5359375 0.57734375 0.08828125 0.1203125
2 0.92578125 0.5703125 0.11484375 0.07890625
2 0.58046875 0.71328125 0.06015625 0.1140625
2 0.13984375 0.68046875 0.05859375 0.128125
3 0.203125 0.56484375 0.14296875 0.05625
3 0.11640625 0.38515625 0.0828125 0.1203125
2 0.4640625 0.10390625 0.1484375 0.1203125
2 0.953125 0.29296875 0.07421875 0.09296875
2 0.8234375 0.0984375 0.0671875 0.08515625
2 0.9046875 0.09765625 0.06015625 0.10546875
2 0.67578125 0.0796875 0.11484375 0.12421875
2 0.76875 0.0484375 0.08125 0.096875
2 0.83828125 0.75703125 0.09375 0.08046875
2 0.6734375 0.86875 0.0796875 0.07265625
2 0.60625 0.9046875 0.078125 0.0625
2 0.42421875 0.9109375 0.12890625 0.0515625
2 0.3171875 0.83671875 0.065625 0.10390625
2 0.23828125 0.87890625 0.096875 0.10546875
2 0.2390625 0.65625 0.11875 0.10546875
2 0.42421875 0.546875 0.06171875 0.09296875
3 0.66484375 0.35625 0.10078125 0.121875
2 0.59921875 0.46875 0.1109375 0.07890625
3 0.5265625 0.3015625 0.09375 0.121875
2 0.23515625 0.040625 0.09375 0.08046875
2 0.28828125 0.4015625 0.09375 0.10390625
2 0.38671875 0.39140625 0.0828125 0.0765625
2 0.4921875 0.440625 0.10078125 0.1203125
2 0.28125 0.26328125 0.10390625 0.121875
2 0.32265625 0.03515625 0.08828125 0.0703125
2 0.49296875 0.05703125 0.10234375 0.1015625
2 0.41171875 0.02890625 0.07578125 0.0578125
2 0.51953125 0.21640625 0.09921875 0.0890625
2 0.46328125 0.30546875 0.0828125 0.13046875
2 0.24921875 0.46171875 0.09921875 0.09140625
2 0.84453125 0.8953125 0.1078125 0.08515625
2 0.3765625 0.44296875 0.11328125 0.0703125