2 0.86640625 0.23828125 0.10234375 0.11796875
2 0.63359375 0.1875 0.10625 0.0890625
2 0.8875 0.3609375 0.08515625 0.11796875
2 0.903125 0.10078125 0.08515625 0.0640625
2 0.5953125 0.284375 0.10234375 0.0828125
2 0.74296875 0.38125 0.078125 0.1453125
2 0.77890625 0.521875 0.07265625 0.1140625
2 0.66875 0.496875 0.0828125 0.08671875
2 0.61875 0.38828125 0.07578125 0.0890625
2 0.4671875 0.284375 0.12578125 0.128125
2 0.37734375 0.23828125 0.08515625 0.10546875
2 0.25625 0.27109375 0.08515625 0.0890625
2 0.17578125 0.171875 0.0921875 0.1015625
2 0.0828125 0.390625 0.07578125 0.11796875
2 0.040625 0.25078125 0.07421875 0.1078125
2 0.28515625 0.3671875 0.0796875 0.0828125
2 0.2796875 0.503125 0.08984375 0.1203125
2 0.4984375 0.3953125 0.096875 0.0953125
2 0.5609375 0.48046875 0.0921875 0.07890625
2 0.4671875 0.5515625 0.10390625 0.0765625
2 0.81015625 0.63125 0.1203125 0.08515625
2 0.9234375 0.62109375 0.0296875 0.12421875
2 0.8265625 0.73828125 0.0828125 0.109375
2 0.48046875 0.66328125 0.10234375 0.10390625
2 0.371875 0.6921875 0.096875 0.09140625
2 0.39765625 0.865625 0.08515625 0.0703125
2 0.5203125 0.9453125 0.0828125 0.0828125
2 0.271875 0.97734375 0.10625 0.0375