3 0.36015625 0.0625 0.109375 0.12421875
3 0.36328125 0.47421875 0.1359375 0.0953125
3 0.11015625 0.76640625 0.08515625 0.14921875
0 0.74765625 0.56015625 0.11484375 0.08671875
2 0.27734375 0.2984375 0.10390625 0.0953125
2 0.74765625 0.74296875 0.0953125 0.13046875
1 0.29765625 0.18125 0.0953125 0.1078125
2 0.04140625 0.45 0.0796875 0.1265625
2 0.7015625 0.18359375 0.1234375 0.13671875
4 0.58046875 0.534375 0.11640625 0.146875
0 0.025 0.59609375 0.04921875 0.121875
0 0.03515625 0.690625 0.0703125 0.13046875
0 0.37421875 0.625 0.10234375 0.08671875
3 0.19765625 0.01953125 0.06171875 0.03125
2 0.04296875 0.0265625 0.0734375 0.053125
2 0.109375 0.1375 0.1109375 0.08671875
1 0.24296875 0.42578125 0.08515625 0.10546875
1 0.15 0.50859375 0.09375 0.09296875
2 0.27578125 0.640625 0.09921875 0.11796875
2 0.16953125 0.653125 0.10625 0.09921875
2 0.24296875 0.80234375 0.11328125 0.1140625
2 0.453125 0.86875 0.10234375 0.0640625
2 0.43046875 0.79921875 0.109375 0.0625
2 0.4390625 0.73671875 0.11875 0.07265625
2 0.76328125 0.3953125 0.1359375 0.115625
1 0.8828125 0.3015625 0.065625 0.1140625
2 0.5953125 0.12109375 0.07421875 0.10546875
2 0.8453125 0.125 0.0796875 0.0890625
4 0.7984375 0.20390625 0.08671875 0.1203125
2 0.925 0.153125 0.04453125 0.146875
2 0.91015625 0.03203125 0.07421875 0.05625
2 0.80390625 0.06484375 0.0953125 0.121875
2 0.69296875 0.0359375 0.0953125 0.06796875
2 0.6 0.0265625 0.10234375 0.04765625
2 0.5296875 0.025 0.0796875 0.0453125
3 0.38046875 0.2484375 0.0921875 0.07890625
3 0.48515625 0.46875 0.1203125 0.0828125
2 0.6109375 0.41171875 0.09375 0.07890625
2 0.90390625 0.7328125 0.0671875 0.14296875
2 0.8875 0.77421875 0.10390625 0.09921875
2 0.64765625 0.8953125 0.11484375 0.0765625
2 0.675 0.4640625 0.0671875 0.121875
2 0.68515625 0.82578125 0.0921875 0.0890625
2 0.82890625 0.91328125 0.04921875 0.04140625
2 0.91953125 0.865625 0.04921875 0.0890625
2 0.4484375 0.5453125 0.0828125 0.09921875
2 0.35703125 0.5234375 0.09375 0.0828125
2 0.0453125 0.84296875 0.0703125 0.10390625
2 0.26875 0.8890625 0.1359375 0.08515625
2 0.1546875 0.90078125 0.15390625 0.04765625
2 0.759375 0.90546875 0.0796875 0.04765625