0 0.3171875 0.79375 0.065625 0.134375
0 0.8453125 0.78359375 0.096875 0.1203125
3 0.075 0.290625 0.13984375 0.0703125
1 0.2109375 0.91484375 0.1078125 0.1265625
0 0.69453125 0.96796875 0.12890625 0.0640625
1 0.5 0.84140625 0.10234375 0.1203125
2 0.66953125 0.87578125 0.08515625 0.0953125
1 0.80390625 0.91484375 0.12890625 0.121875
2 0.58046875 0.9234375 0.096875 0.11796875
2 0.51328125 0.975 0.10625 0.0453125
2 0.1296875 0.85703125 0.10625 0.128125
2 0.2109375 0.771875 0.07421875 0.11171875
2 0.25703125 0.73671875 0.0921875 0.1203125
1 0.3875 0.68125 0.09921875 0.09921875
1 0.396875 0.7984375 0.109375 0.09921875
2 0.93046875 0.6359375 0.04453125 0.121875
2 0.8484375 0.559375 0.08984375 0.09765625
1 0.903125 0.459375 0.0953125 0.115625
1 0.7171875 0.6015625 0.0921875 0.09296875
2 0.7203125 0.48671875 0.096875 0.1015625
2 0.77890625 0.35625 0.08515625 0.0953125
1 0.79140625 0.203125 0.096875 0.10546875
2 0.8421875 0.10390625 0.08984375 0.0703125
2 0.65546875 0.1421875 0.08828125 0.08671875
2 0.68984375 0.32265625 0.08984375 0.11171875
2 0.63515625 0.24453125 0.10078125 0.09765625
1 0.56484375 0.34765625 0.0953125 0.10546875
1 0.52109375 0.49765625 0.0921875 0.10546875
2 0.15546875 0.65390625 0.11484375 0.128125
2 0.08671875 0.74140625 0.1203125 0.1203125
2 0.12890625 0.66875 0.134375 0.11171875
2 0.0359375 0.5953125 0.0703125 0.08671875
1 0.09453125 0.52578125 0.08828125 0.10546875
2 0.171875 0.49765625 0.10234375 0.1015625
1 0.26796875 0.6109375 0.10234375 0.11171875
2 0.3375 0.53203125 0.08828125 0.115625
2 0.28671875 0.446875 0.1109375 0.1140625
2 0.25 0.35234375 0.08984375 0.1140625
2 0.021875 0.45390625 0.04375 0.0984375
2 0.3265625 0.32265625 0.08984375 0.09921875
2 0.384375 0.2328125 0.07421875 0.0953125
1 0.4953125 0.25703125 0.08515625 0.115625
2 0.14453125 0.2453125 0.1203125 0.14296875
2 0.02890625 0.215625 0.0546875 0.109375
2 0.04609375 0.109375 0.078125 0.08671875
2 0.228125 0.134375 0.05625 0.0890625
2 0.30234375 0.1171875 0.12890625 0.1015625
2 0.453125 0.0890625 0.07578125 0.0515625
2 0.5421875 0.0890625 0.08125 0.04140625