3 0.31015625 0.51171875 0.19296875 0.15546875
3 0.24609375 0.51328125 0.11640625 0.0828125
3 0.26328125 0.60234375 0.13046875 0.08046875
3 0.20078125 0.6328125 0.134375 0.0625
3 0.4328125 0.22265625 0.08828125 0.16796875
3 0.221875 0.2984375 0.1234375 0.09140625
3 0.69140625 0.5828125 0.12734375 0.07265625
3 0.4671875 0.946875 0.0921875 0.10546875
3 0.79765625 0.8640625 0.10234375 0.14296875
0 0.12734375 0.83671875 0.12890625 0.0828125
1 0.82890625 0.68125 0.10078125 0.1140625
1 0.36875 0.87578125 0.10078125 0.121875
4 0.88984375 0.95625 0.0953125 0.08671875
2 0.85234375 0.3703125 0.10234375 0.11171875
2 0.521875 0.9046875 0.10078125 0.09296875
2 0.678125 0.8375 0.1234375 0.109375
2 0.7375 0.9234375 0.10234375 0.1203125
2 0.63671875 0.65 0.07578125 0.0890625
2 0.50390625 0.7953125 0.096875 0.109375
3 0.521875 0.559375 0.11875 0.0703125
2 0.303125 0.17890625 0.109375 0.0640625
3 0.128125 0.4734375 0.10078125 0.109375
3 0.2484375 0.43359375 0.096875 0.1140625
2 0.34609375 0.68125 0.09375 0.08671875
2 0.24609375 0.7671875 0.10625 0.09140625
2 0.20234375 0.86640625 0.1109375 0.10390625
2 0.1421875 0.93984375 0.1078125 0.1140625
2 0.05703125 0.90703125 0.09921875 0.1078125
2 0.565625 0.4375 0.10234375 0.0828125
2 0.60234375 0.353125 0.08828125 0.08671875
2 0.52734375 0.153125 0.121875 0.134375
2 0.89140625 0.8765625 0.10625 0.11796875
2 0.79296875 0.54375 0.06328125 0.121875
2 0.71796875 0.503125 0.09375 0.1265625
2 0.66796875 0.4203125 0.1109375 0.09296875
2 0.49296875 0.41640625 0.06875 0.09296875
2 0.6265625 0.50078125 0.07421875 0.08671875
2 0.87265625 0.11484375 0.0921875 0.09296875
2 0.2171875 0.1890625 0.09921875 0.10546875
2 0.37109375 0.2125 0.07421875 0.134375
2 0.0390625 0.1296875 0.07421875 0.11171875
3 0.25234375 0.10625 0.08828125 0.0765625
2 0.3328125 0.1109375 0.08671875 0.08515625
2 0.4078125 0.484375 0.10078125 0.11796875