3 0.68125 0.71328125 0.1625 0.07421875
3 0.69140625 0.52890625 0.08984375 0.128125
3 0.0328125 0.184375 0.065625 0.0453125
0 0.41796875 0.40859375 0.12578125 0.0953125
2 0.05390625 0.03828125 0.1078125 0.0765625
2 0.0109375 0.1046875 0.01796875 0.05390625
2 0.09296875 0.2875 0.08125 0.08671875
2 0.07265625 0.4484375 0.10078125 0.10546875
2 0.07890625 0.56953125 0.10234375 0.1078125
2 0.1734375 0.61171875 0.0953125 0.11171875
2 0.365625 0.13046875 0.109375 0.10546875
2 0.4296875 0.17421875 0.07265625 0.1140625
2 0.51875 0.16796875 0.0953125 0.1015625
2 0.51796875 0.04921875 0.0953125 0.0984375
2 0.409375 0.05 0.08125 0.0890625
2 0.33046875 0.01484375 0.07421875 0.02890625
2 0.6890625 0.025 0.09375 0.05
2 0.82578125 0.1375 0.09375 0.1015625
2 0.8875 0.04765625 0.0953125 0.09296875
2 0.9109375 0.16640625 0.08125 0.1328125
2 0.85234375 0.26484375 0.09375 0.07265625
2 0.440625 0.503125 0.09921875 0.0953125
2 0.59921875 0.54765625 0.09921875 0.1140625
2 0.53984375 0.65078125 0.10078125 0.1140625
2 0.346875 0.86015625 0.0921875 0.11171875
2 0.4296875 0.81171875 0.096875 0.11796875
2 0.72421875 0.80859375 0.0953125 0.09765625
2 0.72734375 0.89765625 0.1078125 0.07890625
2 0.80859375 0.9078125 0.08984375 0.06015625
2 0.90546875 0.853125 0.08828125 0.11171875
2 0.9015625 0.671875 0.0953125 0.10546875
2 0.82578125 0.59609375 0.09375 0.10546875
2 0.84609375 0.49609375 0.10234375 0.0828125
2 0.93046875 0.50390625 0.03671875 0.1265625
2 0.3203125 0.9234375 0.109375 0.0265625
2 0.44765625 0.31640625 0.096875 0.12421875
2 0.6984375 0.1984375 0.08828125 0.04375