3 0.81875 0.7671875 0.16796875 0.07265625
3 0.2171875 0.71328125 0.215625 0.04765625
3 0.209375 0.64921875 0.1515625 0.1078125
3 0.09921875 0.821875 0.10234375 0.1203125
3 0.55859375 0.84453125 0.14296875 0.0640625
3 0.43828125 0.55390625 0.07578125 0.18671875
3 0.83125 0.61796875 0.1515625 0.15546875
3 0.1171875 0.5890625 0.08515625 0.15546875
3 0.771875 0.17421875 0.0671875 0.140625
3 0.5109375 0.11875 0.0546875 0.1140625
3 0.671875 0.52109375 0.10390625 0.11171875
3 0.51171875 0.521875 0.11640625 0.0828125
3 0.0765625 0.40703125 0.04609375 0.08515625
3 0.1703125 0.40234375 0.1515625 0.07421875
0 0.78515625 0.7734375 0.06328125 0.1453125
0 0.1359375 0.56640625 0.1484375 0.09296875
0 0.56015625 0.80234375 0.13046875 0.07421875
0 0.69765625 0.81875 0.0953125 0.1078125
2 0.6515625 0.8796875 0.0828125 0.121875
2 0.3296875 0.9375 0.11875 0.11796875
2 0.525 0.92734375 0.0828125 0.06640625
2 0.33515625 0.809375 0.0703125 0.08046875
2 0.3796875 0.75859375 0.06015625 0.1203125
2 0.5140625 0.70625 0.1109375 0.1078125
2 0.38515625 0.8703125 0.13046875 0.09296875
2 0.43515625 0.95546875 0.0921875 0.07890625
2 0.1265625 0.90546875 0.0828125 0.1203125
2 0.24296875 0.76171875 0.109375 0.09765625
2 0.30234375 0.64609375 0.159375 0.1265625
2 0.31796875 0.48671875 0.07578125 0.0703125
2 0.34375 0.25546875 0.1625 0.16328125
2 0.23203125 0.17421875 0.10390625 0.09765625
2 0.38984375 0.11484375 0.1375 0.07421875
2 0.4703125 0.22890625 0.10078125 0.1015625
2 0.61015625 0.15078125 0.121875 0.1203125
2 0.6703125 0.34921875 0.07265625 0.1078125
2 0.59921875 0.45 0.08125 0.10390625
2 0.6875 0.70390625 0.11875 0.1265625
2 0.97109375 0.38515625 0.0515625 0.140625
2 0.884375 0.44921875 0.0921875 0.09296875
2 0.84609375 0.33515625 0.15703125 0.115625
2 0.91640625 0.15 0.09921875 0.1203125
2 0.84921875 0.2171875 0.08515625 0.146875
2 0.15390625 0.18828125 0.07421875 0.1078125
2 0.75234375 0.5578125 0.1078125 0.08671875
2 0.77265625 0.61484375 0.11328125 0.07890625