3 0.89140625 0.64921875 0.0703125 0.16953125
3 0.31640625 0.03203125 0.1203125 0.05625
0 0.96328125 0.52578125 0.065625 0.1453125
2 0.18046875 0.54453125 0.14296875 0.140625
2 0.128125 0.64765625 0.10625 0.10546875
2 0.10546875 0.75703125 0.096875 0.121875
1 0.3109375 0.7703125 0.10390625 0.1203125
2 0.48828125 0.70078125 0.11328125 0.1203125
2 0.43359375 0.615625 0.09375 0.09921875
2 0.36640625 0.90859375 0.109375 0.0515625
2 0.18359375 0.9078125 0.078125 0.05390625
2 0.075 0.91484375 0.053125 0.04140625
2 0.08828125 0.4671875 0.0703125 0.109375
2 0.134375 0.3625 0.08125 0.09921875
2 0.2578125 0.1015625 0.10078125 0.12421875
2 0.36640625 0.1296875 0.096875 0.109375
2 0.43125 0.06953125 0.08828125 0.10390625
2 0.56484375 0.09765625 0.10390625 0.1203125
2 0.8375 0.08828125 0.10234375 0.1140625
1 0.93203125 0.1390625 0.0828125 0.10546875
2 0.83203125 0.4109375 0.12890625 0.146875
2 0.97734375 0.4015625 0.04453125 0.11171875
2 0.978125 0.64375 0.0296875 0.14296875
2 0.9375 0.77421875 0.1109375 0.10390625
2 0.91015625 0.86328125 0.109375 0.1203125
2 0.82578125 0.88828125 0.08515625 0.09296875
2 0.73046875 0.90703125 0.08515625 0.05
2 0.73046875 0.82890625 0.08828125 0.09921875
2 0.61640625 0.7109375 0.08984375 0.1015625
1 0.74375 0.6265625 0.09921875 0.1203125
2 0.7453125 0.49140625 0.1109375 0.12421875
2 0.75 0.3375 0.0828125 0.12421875
1 0.603125 0.55625 0.0828125 0.1078125
2 0.51171875 0.50390625 0.09375 0.10546875
2 0.4640625 0.30234375 0.08125 0.128125
1 0.55859375 0.2875 0.09375 0.121875
2 0.92578125 0.66171875 0.078125 0.1078125
2 0.86953125 0.78671875 0.0421875 0.0515625