0 0.9640625 0.34609375 0.0703125 0.13671875
0 0.65 0.47421875 0.0828125 0.128125
3 0.93125 0.7125 0.134375 0.1390625
3 0.81328125 0.40546875 0.08984375 0.1140625
3 0.628125 0.1140625 0.12734375 0.07265625
3 0.7453125 0.52890625 0.14453125 0.07890625
2 0.29765625 0.31796875 0.0921875 0.10390625
2 0.34296875 0.40234375 0.0921875 0.09765625
2 0.16640625 0.3765625 0.0921875 0.1015625
2 0.18515625 0.56484375 0.0953125 0.121875
2 0.2765625 0.625 0.096875 0.109375
2 0.1734375 0.7015625 0.10078125 0.115625
2 0.240625 0.80234375 0.10625 0.0890625
2 0.42421875 0.83046875 0.11875 0.10546875
2 0.44609375 0.9390625 0.11484375 0.08671875
2 0.55 0.90703125 0.10078125 0.1390625
2 0.54765625 0.94375 0.121875 0.11171875
2 0.61875 0.959375 0.10078125 0.06796875
2 0.72265625 0.96875 0.08125 0.04375
2 0.61875 0.83671875 0.08984375 0.10390625
4 0.5125 0.58359375 0.09921875 0.109375
2 0.56171875 0.4359375 0.11640625 0.1328125
2 0.48125 0.20078125 0.10234375 0.109375
2 0.50703125 0.10546875 0.121875 0.07421875
2 0.72890625 0.15625 0.0953125 0.09296875
2 0.8375 0.0921875 0.11484375 0.0578125
2 0.728125 0.371875 0.0703125 0.14296875
2 0.71328125 0.40078125 0.121875 0.08671875
4 0.8921875 0.47421875 0.1078125 0.11171875
2 0.69765625 0.5796875 0.10234375 0.07421875
2 0.81484375 0.5953125 0.134375 0.15546875
2 0.8875 0.646875 0.10234375 0.12421875
2 0.95 0.79921875 0.08671875 0.10546875
2 0.06875 0.1390625 0.025 0.10546875
2 0.06640625 0.38515625 0.0265625 0.0828125
2 0.9828125 0.16640625 0.034375 0.0765625