3 0.9265625 0.1015625 0.04765625 0.0515625
3 0.06171875 0.79921875 0.11484375 0.0640625
0 0.36015625 0.890625 0.09921875 0.09296875
3 0.04609375 0.68515625 0.07421875 0.13671875
2 0.62734375 0.625 0.11328125 0.1390625
2 0.678125 0.7921875 0.08984375 0.1203125
2 0.77265625 0.8828125 0.09921875 0.10546875
2 0.89765625 0.47109375 0.0828125 0.11171875
2 0.9 0.20078125 0.07265625 0.11171875
2 0.65078125 0.5 0.0953125 0.09921875
2 0.57578125 0.4296875 0.0921875 0.115625
2 0.6484375 0.22890625 0.0703125 0.09296875
2 0.74453125 0.1171875 0.0921875 0.1140625
2 0.83828125 0.0671875 0.08515625 0.0765625
2 0.4265625 0.34921875 0.08671875 0.09140625
2 0.3671875 0.30546875 0.06875 0.1140625
2 0.40625 0.44609375 0.10390625 0.08671875
2 0.38984375 0.54140625 0.096875 0.09140625
2 0.328125 0.61796875 0.10390625 0.0703125
2 0.2890625 0.53515625 0.0921875 0.06796875
2 0.29296875 0.4703125 0.1203125 0.10546875
2 0.31875 0.7078125 0.0953125 0.08671875
2 0.24765625 0.77421875 0.11484375 0.11171875
2 0.28203125 0.89375 0.0953125 0.09140625
2 0.17109375 0.91328125 0.10078125 0.0375
2 0.16328125 0.82578125 0.08515625 0.109375
2 0.02265625 0.8875 0.0390625 0.09140625
2 0.18203125 0.70625 0.09921875 0.11796875
2 0.10859375 0.6921875 0.08515625 0.1328125
2 0.23125 0.6125 0.096875 0.10546875
2 0.115625 0.56640625 0.10078125 0.1203125
2 0.25625 0.3578125 0.11328125 0.07421875
2 0.11328125 0.35625 0.09921875 0.10546875
2 0.03125 0.28125 0.04921875 0.09765625
2 0.03828125 0.1625 0.05859375 0.121875
2 0.196875 0.09609375 0.06875 0.07890625
2 0.31796875 0.09921875 0.10078125 0.07890625
2 0.36875 0.01953125 0.08984375 0.0390625
2 0.49609375 0.02421875 0.0703125 0.0484375