3 0.58515625 0.79296875 0.1328125 0.0890625
3 0.3828125 0.62734375 0.1625 0.08671875
3 0.48828125 0.190625 0.22578125 0.0765625
3 0.7296875 0.8984375 0.11640625 0.06640625
0 0.2703125 0.7046875 0.11640625 0.0890625
2 0.61328125 0.328125 0.146875 0.203125
2 0.87265625 0.18125 0.0953125 0.1203125
2 0.884375 0.6359375 0.10390625 0.08671875
2 0.8875 0.83671875 0.0953125 0.115625
2 0.8 0.7890625 0.08984375 0.1328125
2 0.74296875 0.83984375 0.0953125 0.12421875
2 0.79609375 0.96171875 0.0921875 0.0765625
2 0.39765625 0.83515625 0.0921875 0.11171875
2 0.25859375 0.85625 0.0921875 0.1203125
2 0.128125 0.96171875 0.11328125 0.0765625
2 0.05 0.91796875 0.1 0.1140625
2 0.0671875 0.57578125 0.0953125 0.10390625
2 0.1640625 0.3046875 0.08125 0.09296875
2 0.19765625 0.20078125 0.09921875 0.109375