3 0.521875 0.290625 0.15390625 0.15546875
3 0.70234375 0.49921875 0.07265625 0.18671875
3 0.8859375 0.6421875 0.12578125 0.11171875
3 0.14453125 0.24453125 0.14296875 0.08671875
3 0.078125 0.85234375 0.10390625 0.12421875
3 0.59921875 0.57109375 0.065625 0.121875
3 0.63359375 0.33671875 0.0671875 0.1390625
3 0.66875 0.67109375 0.13046875 0.0765625
0 0.29765625 0.42890625 0.134375 0.1078125
0 0.51640625 0.5125 0.06015625 0.134375
0 0.75234375 0.31640625 0.08828125 0.11796875
0 0.03359375 0.721875 0.06328125 0.13046875
2 0.65078125 0.825 0.065625 0.0953125
2 0.49140625 0.76640625 0.07265625 0.109375
2 0.28515625 0.76484375 0.1203125 0.11171875
2 0.19140625 0.67265625 0.05625 0.1078125
2 0.14140625 0.49140625 0.0828125 0.0828125
2 0.053125 0.43515625 0.07578125 0.08046875
2 0.14453125 0.34296875 0.06328125 0.0765625
2 0.3421875 0.2421875 0.10625 0.1140625
2 0.30703125 0.325 0.1109375 0.10390625
2 0.23046875 0.3796875 0.08828125 0.0953125
2 0.6875 0.2296875 0.08515625 0.121875
2 0.86015625 0.22578125 0.1203125 0.121875
2 0.5546875 0.41640625 0.10078125 0.11796875
2 0.6375 0.46484375 0.11484375 0.12421875
2 0.3359375 0.52265625 0.10390625 0.115625
2 0.10703125 0.64921875 0.08671875 0.0953125
2 0.0609375 0.92578125 0.0953125 0.09296875
2 0.83125 0.87265625 0.0921875 0.09296875
2 0.78203125 0.784375 0.08671875 0.07421875
2 0.86015625 0.73984375 0.0796875 0.0890625
2 0.75 0.68828125 0.04921875 0.134375
2 0.5984375 0.18203125 0.08671875 0.09140625
2 0.44140625 0.25390625 0.0703125 0.128125
2 0.53828125 0.12734375 0.08984375 0.1140625