0 0.315625 0.33671875 0.12890625 0.07890625
0 0.221875 0.77421875 0.10234375 0.09921875
0 0.10859375 0.97421875 0.06875 0.04765625
0 0.8671875 0.66796875 0.134375 0.0625
3 0.028125 0.6140625 0.05625 0.11171875
1 0.5109375 0.4765625 0.0921875 0.10390625
2 0.37109375 0.10546875 0.11640625 0.07421875
2 0.22734375 0.3828125 0.08125 0.0953125
2 0.36640625 0.73984375 0.10078125 0.08671875
2 0.43671875 0.7328125 0.05625 0.13046875
2 0.45546875 0.853125 0.1078125 0.07421875
1 0.33515625 0.92890625 0.08984375 0.1203125
2 0.24140625 0.953125 0.0796875 0.08671875
2 0.1796875 0.89375 0.09375 0.09921875
2 0.2703125 0.85078125 0.065625 0.121875
2 0.371875 0.79296875 0.07265625 0.09765625
2 0.6765625 0.975 0.08671875 0.05
2 0.73359375 0.93203125 0.08125 0.07890625
2 0.8671875 0.96875 0.10078125 0.0625
2 0.89375 0.87265625 0.07421875 0.1015625
2 0.8046875 0.846875 0.078125 0.08515625
2 0.8859375 0.75234375 0.10078125 0.0953125
2 0.74375 0.7125 0.08671875 0.0828125
2 0.6421875 0.7265625 0.096875 0.0765625
2 0.74140625 0.62109375 0.121875 0.08515625
2 0.85234375 0.56953125 0.0796875 0.08671875
1 0.896875 0.46796875 0.078125 0.11796875
2 0.728125 0.52578125 0.0921875 0.07265625
2 0.7171875 0.440625 0.09375 0.06796875
2 0.9203125 0.26796875 0.04453125 0.08671875
2 0.6515625 0.33984375 0.10390625 0.0953125
2 0.703125 0.29375 0.065625 0.13671875
2 0.74296875 0.215625 0.08125 0.1015625
2 0.62734375 0.24609375 0.08984375 0.08671875
2 0.53359375 0.31640625 0.096875 0.09296875
2 0.02265625 0.671875 0.03203125 0.1203125
2 0.05859375 0.6125 0.10234375 0.121875
2 0.04453125 0.52109375 0.0828125 0.08671875
2 0.06484375 0.42109375 0.08984375 0.10390625
2 0.07578125 0.296875 0.10078125 0.11796875
2 0.15390625 0.21875 0.1078125 0.0953125
2 0.16484375 0.11171875 0.0953125 0.09765625
2 0.55234375 0.08984375 0.096875 0.04765625
2 0.63515625 0.1015625 0.09375 0.0625
2 0.728125 0.0890625 0.04765625 0.0375