2 0.73359375 0.93203125 0.08671875 0.109375
2 0.4390625 0.528125 0.121875 0.13046875
3 0.3375 0.83125 0.08515625 0.0953125
2 0.29140625 0.8078125 0.0796875 0.1078125
2 0.71171875 0.60546875 0.07421875 0.08671875
2 0.74453125 0.58515625 0.07421875 0.0953125
2 0.67734375 0.52578125 0.08125 0.109375
2 0.096875 0.90078125 0.07421875 0.12421875
2 0.05546875 0.9234375 0.07265625 0.1140625
2 0.2 0.965625 0.07421875 0.06015625
2 0.16875 0.9015625 0.08828125 0.0953125
2 0.18203125 0.80546875 0.1234375 0.134375
2 0.11484375 0.66328125 0.0671875 0.08515625
2 0.121875 0.60546875 0.07421875 0.08671875
2 0.20234375 0.60078125 0.0953125 0.08671875
2 0.06796875 0.4328125 0.096875 0.1203125
2 0.22109375 0.42421875 0.08125 0.1265625
2 0.28671875 0.321875 0.1078125 0.128125
2 0.14765625 0.3046875 0.08515625 0.08671875
2 0.16953125 0.4234375 0.0703125 0.0890625
2 0.14453125 0.23203125 0.0796875 0.0765625
2 0.20859375 0.16640625 0.0796875 0.09140625
2 0.37734375 0.15546875 0.12578125 0.09140625
1 0.39609375 0.2453125 0.09921875 0.0953125
2 0.4328125 0.34453125 0.1109375 0.09921875
1 0.51171875 0.76953125 0.08671875 0.10546875
0 0.5953125 0.3671875 0.1109375 0.0578125
1 0.75078125 0.76953125 0.0921875 0.1203125
2 0.81640625 0.859375 0.121875 0.1015625
2 0.28125 0.71015625 0.09921875 0.0765625
2 0.03359375 0.67109375 0.05625 0.08671875
2 0.03515625 0.5625 0.06015625 0.1015625
2 0.05234375 0.2296875 0.08515625 0.08671875
1 0.6171875 0.28046875 0.0953125 0.0953125
2 0.41953125 0.8890625 0.07421875 0.14296875
0 0.440625 0.75078125 0.04765625 0.1390625
2 0.421875 0.6921875 0.08515625 0.10390625
2 0.35546875 0.59765625 0.0796875 0.1015625
2 0.39921875 0.621875 0.10234375 0.1265625
2 0.3328125 0.4671875 0.096875 0.11796875
2 0.56484375 0.503125 0.0953125 0.1203125
2 0.603125 0.534375 0.053125 0.0765625
1 0.65 0.83515625 0.096875 0.0953125
2 0.5875 0.92734375 0.05859375 0.12421875
2 0.62890625 0.90859375 0.078125 0.08046875
1 0.51953125 0.8703125 0.078125 0.09765625
2 0.4921875 0.9734375 0.10234375 0.04765625
2 0.325 0.97421875 0.10078125 0.0515625
1 0.6953125 0.3828125 0.0828125 0.09765625
2 0.865625 0.67734375 0.08828125 0.1078125
2 0.8734375 0.959375 0.0828125 0.07265625
2 0.89921875 0.853125 0.078125 0.1203125
2 0.89765625 0.6109375 0.0515625 0.0640625
2 0.9125 0.66875 0.05859375 0.11171875
2 0.86953125 0.43203125 0.08828125 0.1140625
2 0.7640625 0.2234375 0.08828125 0.09921875
2 0.66328125 0.1046875 0.10078125 0.08515625
2 0.259375 0.14765625 0.0828125 0.07890625
2 0.8921875 0.1375 0.0953125 0.11171875
2 0.8890625 0.2 0.07578125 0.09921875
2 0.871875 0.24921875 0.096875 0.1078125
2 0.7859375 0.35078125 0.0921875 0.1203125
2 0.90625 0.528125 0.07421875 0.0640625
1 0.525 0.1125 0.08671875 0.0890625
2 0.8484375 0.115625 0.12734375 0.08515625
2 0.03125 0.13125 0.06171875 0.121875
2 0.13671875 0.08671875 0.07421875 0.05