2 0.4859375 0.7125 0.08515625 0.1078125
2 0.53359375 0.5125 0.10234375 0.1203125
2 0.47578125 0.39921875 0.08515625 0.09921875
2 0.37421875 0.4453125 0.07578125 0.1140625
2 0.68359375 0.68359375 0.10234375 0.109375
2 0.6984375 0.8015625 0.1328125 0.11796875
2 0.8828125 0.853125 0.0921875 0.08671875
2 0.8015625 0.9390625 0.096875 0.11171875
2 0.6296875 0.946875 0.1359375 0.10546875
1 0.16484375 0.71015625 0.10234375 0.08671875
2 0.14453125 0.6078125 0.08984375 0.0828125
2 0.25234375 0.61171875 0.078125 0.08671875
2 0.05859375 0.1359375 0.08984375 0.1390625
2 0.1625 0.14375 0.08125 0.13046875
2 0.26875 0.146875 0.08984375 0.09140625
2 0.33046875 0.203125 0.08515625 0.09296875
2 0.284375 0.29921875 0.1328125 0.07890625
2 0.38359375 0.27109375 0.10078125 0.1140625
2 0.4640625 0.16015625 0.06875 0.08671875
0 0.5921875 0.13359375 0.1359375 0.1078125
2 0.63984375 0.22265625 0.07421875 0.0890625
1 0.0390625 0.68671875 0.078125 0.10390625
1 0.03125 0.8875 0.06171875 0.1015625
2 0.48359375 0.809375 0.13046875 0.134375
2 0.5515625 0.728125 0.09375 0.146875
2 0.47265625 0.978125 0.10390625 0.04375
2 0.73671875 0.384375 0.07421875 0.1265625
2 0.63984375 0.33125 0.07265625 0.08515625
2 0.621875 0.4046875 0.07578125 0.0640625
2 0.8453125 0.49140625 0.07578125 0.10390625
2 0.90703125 0.4140625 0.06171875 0.128125
2 0.9234375 0.28671875 0.040625 0.1140625
2 0.9328125 0.1296875 0.03515625 0.09921875