3 0.196875 0.0375 0.16640625 0.07421875
0 0.23515625 0.6984375 0.121875 0.09765625
2 0.2703125 0.121875 0.0921875 0.1078125
2 0.1734375 0.09765625 0.08828125 0.1078125
2 0.01484375 0.07421875 0.028125 0.10546875
2 0.75859375 0.03515625 0.09375 0.0625
2 0.85 0.04765625 0.08828125 0.08515625
2 0.921875 0.07578125 0.053125 0.09140625
2 0.9265625 0.18203125 0.0390625 0.09765625
2 0.803125 0.303125 0.08515625 0.10546875
2 0.66484375 0.19453125 0.08984375 0.115625
2 0.58046875 0.34375 0.11640625 0.15078125
2 0.765625 0.42578125 0.09375 0.13046875
2 0.47109375 0.4171875 0.08515625 0.128125
2 0.37109375 0.4609375 0.096875 0.0953125
2 0.259375 0.50234375 0.08984375 0.11171875
2 0.16953125 0.38203125 0.11328125 0.121875
2 0.56796875 0.6234375 0.07265625 0.13046875
2 0.31796875 0.62109375 0.08671875 0.115625
2 0.03125 0.446875 0.06171875 0.1078125
2 0.075 0.5296875 0.08515625 0.10546875
2 0.025 0.55625 0.04765625 0.1015625
2 0.1171875 0.66875 0.096875 0.1390625
2 0.046875 0.821875 0.08515625 0.06640625
2 0.26875 0.88203125 0.0953125 0.0953125
2 0.53984375 0.8953125 0.096875 0.08046875
2 0.45390625 0.9171875 0.07265625 0.02890625
2 0.9125 0.86953125 0.06015625 0.115625
2 0.159375 0.90703125 0.08984375 0.05625
2 0.0796875 0.90546875 0.0796875 0.04765625