3 0.478125 0.290625 0.15390625 0.15546875
3 0.29765625 0.49921875 0.07265625 0.18671875
3 0.1140625 0.6421875 0.12578125 0.11171875
3 0.85546875 0.24453125 0.14296875 0.08671875
3 0.921875 0.85234375 0.10390625 0.12421875
3 0.40078125 0.57109375 0.065625 0.121875
3 0.36640625 0.33671875 0.0671875 0.1390625
3 0.33125 0.67109375 0.13046875 0.0765625
0 0.70234375 0.42890625 0.134375 0.1078125
0 0.48359375 0.5125 0.06015625 0.134375
0 0.24765625 0.31640625 0.08828125 0.11796875
0 0.96640625 0.721875 0.06328125 0.13046875
2 0.34921875 0.825 0.065625 0.0953125
2 0.50859375 0.76640625 0.07265625 0.109375
2 0.71484375 0.76484375 0.1203125 0.11171875
2 0.80859375 0.67265625 0.05625 0.1078125
2 0.85859375 0.49140625 0.0828125 0.0828125
2 0.946875 0.43515625 0.07578125 0.08046875
2 0.85546875 0.34296875 0.06328125 0.0765625
2 0.6578125 0.2421875 0.10625 0.1140625
2 0.69296875 0.325 0.1109375 0.10390625
2 0.76953125 0.3796875 0.08828125 0.0953125
2 0.3125 0.2296875 0.08515625 0.121875
2 0.13984375 0.22578125 0.1203125 0.121875
2 0.4453125 0.41640625 0.10078125 0.11796875
2 0.3625 0.46484375 0.11484375 0.12421875
2 0.6640625 0.52265625 0.10390625 0.115625
2 0.89296875 0.64921875 0.08671875 0.0953125
2 0.9390625 0.92578125 0.0953125 0.09296875
2 0.16875 0.87265625 0.0921875 0.09296875
2 0.21796875 0.784375 0.08671875 0.07421875
2 0.13984375 0.73984375 0.0796875 0.0890625
2 0.25 0.68828125 0.04921875 0.134375
2 0.4015625 0.18203125 0.08671875 0.09140625
2 0.55859375 0.25390625 0.0703125 0.128125
2 0.46171875 0.12734375 0.08984375 0.1140625