2 0.40546875 0.1984375 0.08125 0.09921875
2 0.4890625 0.64296875 0.09921875 0.12421875
2 0.43359375 0.81875 0.096875 0.10546875
2 0.7234375 0.88203125 0.096875 0.09921875
2 0.67109375 0.134375 0.09375 0.10546875
2 0.03359375 0.728125 0.06015625 0.121875
1 0.57578125 0.80234375 0.09921875 0.1140625
2 0.8671875 0.85703125 0.09921875 0.1140625
2 0.7796875 0.73203125 0.096875 0.1203125
3 0.35 0.68359375 0.109375 0.07890625
0 0.35234375 0.06015625 0.06171875 0.1203125
0 0.26796875 0.84296875 0.12578125 0.06015625
0 0.6 0.42421875 0.109375 0.115625
0 0.85078125 0.1359375 0.0921875 0.15078125
0 0.12265625 0.48125 0.0953125 0.11171875
2 0.421875 0.371875 0.0953125 0.146875
2 0.40703125 0.5734375 0.07421875 0.0953125
2 0.36328125 0.49140625 0.0828125 0.09140625
2 0.74609375 0.40078125 0.09375 0.07890625
2 0.65078125 0.33984375 0.07421875 0.07890625
2 0.54453125 0.33203125 0.10234375 0.13671875
0 0.21328125 0.26640625 0.12890625 0.07890625
2 0.1546875 0.115625 0.0703125 0.1203125
2 0.0953125 0.040625 0.09921875 0.07265625
2 0.23515625 0.03125 0.096875 0.05390625
2 0.02578125 0.0609375 0.0421875 0.121875
2 0.0609375 0.26171875 0.07265625 0.109375
2 0.59921875 0.228125 0.08125 0.1203125
1 0.5765625 0.10546875 0.0828125 0.109375
2 0.4875 0.0359375 0.09375 0.071875
2 0.58125 0.02578125 0.078125 0.04375
2 0.921875 0.184375 0.04453125 0.121875
2 0.9 0.4359375 0.08984375 0.08671875
2 0.9203125 0.55703125 0.0515625 0.10546875
2 0.66796875 0.44296875 0.078125 0.1015625
2 0.32578125 0.359375 0.0921875 0.109375
2 0.1953125 0.321875 0.13046875 0.0828125
2 0.11953125 0.31328125 0.078125 0.146875
2 0.03515625 0.3703125 0.06328125 0.1140625
2 0.09375 0.5890625 0.10234375 0.11171875
2 0.2375 0.50234375 0.07421875 0.1140625
2 0.26640625 0.4203125 0.08671875 0.1328125
2 0.7609375 0.52109375 0.10390625 0.16171875
2 0.778125 0.59609375 0.09375 0.1078125
2 0.840625 0.50703125 0.08828125 0.115625
2 0.24921875 0.74296875 0.078125 0.0953125
2 0.1625 0.55 0.0921875 0.08046875
2 0.1375 0.65859375 0.08515625 0.0890625
2 0.15703125 0.7734375 0.0953125 0.09765625
2 0.10703125 0.83046875 0.07578125 0.0890625
2 0.171875 0.89140625 0.10234375 0.08046875
2 0.2375 0.8703125 0.11484375 0.115625