0 0.62109375 0.1109375 0.175 0.06796875
0 0.48828125 0.31953125 0.14296875 0.07890625
2 0.91640625 0.50859375 0.07265625 0.15546875
3 0.0796875 0.2734375 0.04453125 0.0578125
2 0.23515625 0.48828125 0.10625 0.12421875
2 0.18203125 0.19453125 0.109375 0.10390625
2 0.83984375 0.378125 0.096875 0.121875
2 0.82265625 0.6390625 0.078125 0.1203125
2 0.58359375 0.640625 0.08515625 0.1015625
2 0.46328125 0.62421875 0.08828125 0.09921875
2 0.51640625 0.6125 0.0796875 0.203125
2 0.58984375 0.2453125 0.10625 0.09140625
2 0.328125 0.334375 0.0953125 0.08671875
2 0.15625 0.42265625 0.0703125 0.09140625
2 0.2765625 0.6984375 0.109375 0.08515625
2 0.18828125 0.77734375 0.10625 0.13671875
2 0.37734375 0.9453125 0.11875 0.10546875
2 0.7640625 0.97421875 0.11484375 0.04765625
2 0.9484375 0.98671875 0.08671875 0.0265625
2 0.93515625 0.90546875 0.09921875 0.08671875
2 0.771875 0.90546875 0.07421875 0.0890625
2 0.78671875 0.815625 0.06328125 0.09140625
2 0.7140625 0.80234375 0.07421875 0.08671875
2 0.96796875 0.70625 0.06328125 0.10390625
2 0.66953125 0.1984375 0.0796875 0.09296875
2 0.37109375 0.1109375 0.10234375 0.09140625
2 0.9203125 0.2640625 0.065625 0.0828125
2 0.17578125 0.10546875 0.14140625 0.06640625
2 0.97265625 0.57734375 0.0546875 0.10546875
2 0.92578125 0.36875 0.07421875 0.121875
2 0.9734375 0.32734375 0.04609375 0.09140625
2 0.94140625 0.18515625 0.09375 0.0890625
2 0.76875 0.09765625 0.10234375 0.05390625