3 0.62578125 0.134375 0.06171875 0.171875
3 0.11015625 0.2921875 0.109375 0.134375
3 0.1203125 0.42265625 0.15 0.171875
3 0.27265625 0.47734375 0.08671875 0.146875
3 0.2296875 0.609375 0.13984375 0.0890625
3 0.2171875 0.60078125 0.14453125 0.0953125
3 0.1796875 0.275 0.10234375 0.07890625
3 0.3421875 0.26015625 0.10625 0.128125
4 0.7625 0.77109375 0.10390625 0.1328125
2 0.53515625 0.8640625 0.10078125 0.1390625
2 0.21875 0.86953125 0.1109375 0.1328125
2 0.03125 0.2515625 0.0515625 0.12421875
0 0.76953125 0.196875 0.07265625 0.14296875
2 0.43125 0.125 0.08125 0.10546875
2 0.68125 0.621875 0.09921875 0.13046875
2 0.86953125 0.2265625 0.06171875 0.10546875
2 0.5328125 0.6046875 0.06875 0.16953125
2 0.4734375 0.675 0.06328125 0.0953125
2 0.44375 0.75390625 0.08671875 0.12421875
2 0.40703125 0.5828125 0.08125 0.08671875
2 0.2765625 0.07578125 0.08984375 0.121875
2 0.16015625 0.05078125 0.0828125 0.09296875
2 0.2796875 0.16328125 0.08984375 0.09921875
2 0.1953125 0.165625 0.07578125 0.1203125
2 0.55 0.08515625 0.1203125 0.1078125
2 0.38671875 0.1078125 0.08671875 0.09296875
2 0.49453125 0.0359375 0.08984375 0.06015625
2 0.68984375 0.11796875 0.10234375 0.2046875
2 0.85078125 0.0375 0.09921875 0.07421875
2 0.69296875 0.496875 0.10390625 0.11171875
2 0.75390625 0.3015625 0.096875 0.10546875
2 0.859375 0.29375 0.1078125 0.1203125
2 0.34296875 0.65390625 0.06875 0.1015625
2 0.12734375 0.82421875 0.065625 0.14921875
2 0.35703125 0.88125 0.0671875 0.09296875
2 0.6734375 0.8984375 0.0671875 0.0578125
2 0.7953125 0.90546875 0.08984375 0.04375
2 0.86640625 0.9046875 0.06328125 0.05
2 0.9171875 0.7578125 0.05625 0.11796875
2 0.9078125 0.28984375 0.07578125 0.0953125
2 0.75859375 0.06328125 0.078125 0.1265625
2 0.24765625 0.33203125 0.0953125 0.1015625
2 0.0390625 0.45625 0.065625 0.121875
2 0.06953125 0.715625 0.06015625 0.1078125
2 0.02109375 0.70625 0.03515625 0.1265625
2 0.07265625 0.875 0.08515625 0.11796875
2 0.60078125 0.6375 0.08828125 0.1265625
2 0.73046875 0.65 0.10390625 0.1140625
2 0.2515625 0.66328125 0.10234375 0.10546875
2 0.11640625 0.546875 0.10234375 0.15546875
2 0.20078125 0.4296875 0.078125 0.07421875
2 0.41015625 0.0375 0.0703125 0.0703125
2 0.3625 0.71328125 0.08828125 0.09765625