0 0.8390625 0.5375 0.146875 0.06796875
0 0.5328125 0.24609375 0.14140625 0.07421875
0 0.86953125 0.11875 0.08671875 0.0828125
0 0.1625 0.33515625 0.134375 0.09140625
0 0.1390625 0.14375 0.11875 0.0765625
3 0.146875 0.70078125 0.14140625 0.06640625
3 0.23671875 0.43203125 0.1359375 0.10390625
3 0.60234375 0.15859375 0.121875 0.09765625
3 0.91171875 0.34296875 0.1328125 0.06640625
0 0.840625 0.2734375 0.1234375 0.08515625
2 0.18125 0.71953125 0.0796875 0.08515625
2 0.21015625 0.834375 0.2015625 0.190625
2 0.08203125 0.7796875 0.06328125 0.1203125
2 0.3109375 0.74296875 0.096875 0.1015625
2 0.43359375 0.91015625 0.0953125 0.04375
2 0.79921875 0.9140625 0.1078125 0.04375
2 0.78515625 0.84375 0.109375 0.07890625
2 0.42421875 0.84296875 0.1109375 0.08515625
2 0.40703125 0.75234375 0.0921875 0.0953125
1 0.34609375 0.65859375 0.0703125 0.11171875
2 0.2609375 0.64296875 0.06875 0.09921875
2 0.1765625 0.6046875 0.0921875 0.1015625
2 0.0921875 0.6015625 0.08828125 0.09921875
2 0.0703125 0.40859375 0.04453125 0.10546875
2 0.3375 0.42109375 0.08515625 0.09921875
2 0.275 0.33671875 0.14296875 0.09765625
2 0.26484375 0.2484375 0.0953125 0.0828125
2 0.384375 0.2703125 0.0921875 0.10546875
2 0.5546875 0.76328125 0.11328125 0.1015625
2 0.55234375 0.66015625 0.11328125 0.08515625
2 0.65 0.67734375 0.0796875 0.08671875
2 0.815625 0.7703125 0.1203125 0.08046875
2 0.73203125 0.7296875 0.13046875 0.121875
2 0.83203125 0.69765625 0.109375 0.0953125
2 0.94609375 0.64921875 0.10390625 0.08515625
2 0.93203125 0.55625 0.1109375 0.109375
2 0.82890625 0.6046875 0.09375 0.07890625
2 0.77421875 0.540625 0.0796875 0.121875
2 0.65546875 0.553125 0.109375 0.134375
1 0.5515625 0.50703125 0.08828125 0.09765625
2 0.61328125 0.42578125 0.08515625 0.09921875
2 0.54296875 0.35390625 0.11328125 0.1140625
2 0.71796875 0.2984375 0.0921875 0.1078125
1 0.9015625 0.43515625 0.08515625 0.09765625
2 0.8921875 0.2453125 0.09375 0.08046875
2 0.96015625 0.140625 0.078125 0.09296875
2 0.8796875 0.17890625 0.121875 0.08046875
2 0.87421875 0.021875 0.08125 0.03515625
2 0.52890625 0.16328125 0.12890625 0.09140625
2 0.5046875 0.0640625 0.10234375 0.09765625