2 0.13359375 0.76171875 0.10234375 0.11796875
2 0.36640625 0.8125 0.10625 0.0890625
2 0.1125 0.6390625 0.08515625 0.11796875
2 0.096875 0.89921875 0.08515625 0.0640625
2 0.4046875 0.715625 0.10234375 0.0828125
2 0.25703125 0.61875 0.078125 0.1453125
2 0.22109375 0.478125 0.07265625 0.1140625
2 0.33125 0.503125 0.0828125 0.08671875
2 0.38125 0.61171875 0.07578125 0.0890625
2 0.5328125 0.715625 0.12578125 0.128125
2 0.62265625 0.76171875 0.08515625 0.10546875
2 0.74375 0.72890625 0.08515625 0.0890625
2 0.82421875 0.828125 0.0921875 0.1015625
2 0.9171875 0.609375 0.07578125 0.11796875
2 0.959375 0.74921875 0.07421875 0.1078125
2 0.71484375 0.6328125 0.0796875 0.0828125
2 0.7203125 0.496875 0.08984375 0.1203125
2 0.5015625 0.6046875 0.096875 0.0953125
2 0.4390625 0.51953125 0.0921875 0.07890625
2 0.5328125 0.4484375 0.10390625 0.0765625
2 0.18984375 0.36875 0.1203125 0.08515625
2 0.0765625 0.37890625 0.0296875 0.12421875
2 0.1734375 0.26171875 0.0828125 0.109375
2 0.51953125 0.33671875 0.10234375 0.10390625
2 0.628125 0.3078125 0.096875 0.09140625
2 0.60234375 0.134375 0.08515625 0.0703125
2 0.4796875 0.0546875 0.0828125 0.0828125
2 0.728125 0.02265625 0.10625 0.0375