0 0.61953125 0.6296875 0.08828125 0.0890625
3 0.77578125 0.8609375 0.0953125 0.128125
3 0.8828125 0.57109375 0.0421875 0.11171875
3 0.0359375 0.44453125 0.071875 0.1546875
3 0.12109375 0.965625 0.12578125 0.06015625
3 0.16875 0.19375 0.13046875 0.11796875
2 0.33046875 0.69765625 0.08984375 0.09296875
1 0.33046875 0.95 0.08828125 0.08515625
1 0.18125 0.75546875 0.0921875 0.10546875
1 0.23828125 0.66484375 0.0796875 0.11171875
2 0.10703125 0.8703125 0.08671875 0.09921875
2 0.1140625 0.81484375 0.08125 0.0828125
1 0.04140625 0.60078125 0.0828125 0.121875
2 0.02109375 0.7296875 0.03515625 0.121875
0 0.5703125 0.9421875 0.11484375 0.0640625
1 0.41328125 0.965625 0.0796875 0.06796875
2 0.5453125 0.8859375 0.08671875 0.08515625
2 0.53203125 0.81171875 0.109375 0.11171875
2 0.50390625 0.7203125 0.08984375 0.09296875
2 0.48125 0.68125 0.08984375 0.07890625
2 0.38125 0.70625 0.07578125 0.121875
2 0.32578125 0.6171875 0.10390625 0.1015625
1 0.35546875 0.5625 0.0671875 0.09296875
2 0.43046875 0.5328125 0.07421875 0.09296875
2 0.59921875 0.66796875 0.0953125 0.09296875
2 0.70390625 0.70390625 0.08515625 0.09921875
2 0.7 0.94921875 0.08671875 0.0828125
2 0.80546875 0.97109375 0.1078125 0.0578125
2 0.88984375 0.8875 0.10625 0.1015625
4 0.88125 0.69453125 0.08671875 0.09921875
2 0.80390625 0.58671875 0.08125 0.1078125
2 0.76875 0.55625 0.0796875 0.09921875
2 0.68828125 0.53828125 0.0703125 0.10390625
2 0.60234375 0.50546875 0.0953125 0.1265625
2 0.64140625 0.45546875 0.08984375 0.10546875
2 0.55546875 0.50703125 0.08515625 0.115625
2 0.48046875 0.4640625 0.08515625 0.0953125
2 0.26875 0.4140625 0.10234375 0.12421875
2 0.24296875 0.52578125 0.08984375 0.1078125
2 0.2140625 0.55625 0.0953125 0.09921875
2 0.06015625 0.4515625 0.0828125 0.10546875
2 0.10546875 0.36328125 0.0796875 0.1328125
2 0.0203125 0.33671875 0.040625 0.1203125
2 0.01953125 0.21015625 0.03203125 0.1203125
1 0.15078125 0.296875 0.11484375 0.1140625
1 0.38046875 0.23515625 0.0921875 0.1078125
2 0.20390625 0.14375 0.08515625 0.08671875
1 0.3109375 0.17890625 0.0953125 0.09140625
2 0.46484375 0.28984375 0.0828125 0.08671875
2 0.52109375 0.32578125 0.10390625 0.10546875
2 0.57421875 0.20390625 0.08125 0.1078125
2 0.509375 0.19140625 0.10078125 0.109375
1 0.365625 0.115625 0.10390625 0.0953125
2 0.68359375 0.15546875 0.06328125 0.0953125
2 0.7890625 0.15078125 0.10234375 0.0953125
2 0.47421875 0.09609375 0.0953125 0.0515625
2 0.5796875 0.09453125 0.10234375 0.0515625
1 0.84609375 0.2765625 0.08671875 0.115625
1 0.91875 0.25390625 0.06328125 0.1203125
2 0.9015625 0.3765625 0.08671875 0.1015625
2 0.91171875 0.43671875 0.096875 0.08046875
2 0.925 0.5734375 0.053125 0.0953125
2 0.23515625 0.07734375 0.07421875 0.025
2 0.84921875 0.21953125 0.04765625 0.0515625