2 0.6890625 0.74921875 0.1078125 0.12421875
2 0.58125 0.7 0.11640625 0.121875
2 0.43359375 0.67890625 0.096875 0.0953125
2 0.259375 0.66171875 0.0828125 0.1390625
2 0.20234375 0.778125 0.08515625 0.1203125
2 0.1828125 0.8859375 0.0953125 0.09140625
2 0.109375 0.8375 0.08125 0.1203125
2 0.0671875 0.75078125 0.07421875 0.11171875
2 0.03203125 0.62421875 0.053125 0.09921875
2 0.10625 0.52109375 0.07421875 0.08671875
2 0.171875 0.615625 0.08125 0.09921875
2 0.05703125 0.42109375 0.10390625 0.134375
2 0.13671875 0.25234375 0.10625 0.1203125
2 0.04140625 0.0625 0.07578125 0.10546875
2 0.2578125 0.06015625 0.1234375 0.08515625
2 0.4015625 0.3734375 0.1328125 0.121875
2 0.4453125 0.51015625 0.11328125 0.1203125
0 0.30546875 0.60625 0.05859375 0.146875
0 0.48203125 0.24296875 0.14140625 0.07265625
0 0.7578125 0.0546875 0.1328125 0.08671875
0 0.66953125 0.29296875 0.07421875 0.128125
2 0.91796875 0.69453125 0.08515625 0.11171875
2 0.8578125 0.56015625 0.08515625 0.09765625
2 0.634375 0.58671875 0.08515625 0.1203125
2 0.8015625 0.83671875 0.10234375 0.1015625
2 0.90390625 0.471875 0.0796875 0.11171875
2 0.6953125 0.4140625 0.0828125 0.10546875
2 0.5609375 0.27109375 0.07265625 0.1203125
2 0.3578125 0.2640625 0.10390625 0.10546875
2 0.24765625 0.4703125 0.10390625 0.1265625
0 0.3875 0.18125 0.134375 0.08046875
2 0.62109375 0.09453125 0.09921875 0.09296875
2 0.65 0.17734375 0.08984375 0.08515625
2 0.596875 0.03515625 0.14453125 0.0703125