3 0.7109375 0.14921875 0.175 0.09921875
3 0.28984375 0.825 0.1875 0.07265625
0 0.8390625 0.03671875 0.14375 0.0734375
0 0.56640625 0.82890625 0.12578125 0.08671875
0 0.3484375 0.5609375 0.1203125 0.1265625
3 0.190625 0.1984375 0.11875 0.10390625
3 0.53515625 0.41484375 0.1359375 0.08515625
3 0.6640625 0.228125 0.07265625 0.09140625
3 0.7234375 0.52265625 0.13046875 0.121875
3 0.37109375 0.66171875 0.14453125 0.08046875
2 0.24296875 0.5828125 0.134375 0.08671875
2 0.30859375 0.24453125 0.10234375 0.1015625
2 0.12265625 0.44296875 0.06171875 0.09765625
4 0.92109375 0.08671875 0.10234375 0.1203125
2 0.97890625 0.23359375 0.0421875 0.1203125
2 0.87578125 0.35703125 0.11484375 0.11796875
2 0.6953125 0.7328125 0.08671875 0.11796875
2 0.7484375 0.88828125 0.10625 0.07890625
2 0.51484375 0.1375 0.109375 0.11171875
2 0.225 0.34296875 0.10234375 0.121875
2 0.17265625 0.02421875 0.1078125 0.0484375
2 0.29453125 0.07734375 0.10234375 0.09296875
2 0.3609375 0.1375 0.096875 0.08046875
2 0.3921875 0.228125 0.078125 0.09140625
2 0.10078125 0.171875 0.08515625 0.128125
2 0.38984375 0.39609375 0.08671875 0.1015625
2 0.53125 0.27421875 0.134375 0.08515625
3 0.4984375 0.56015625 0.1328125 0.09921875
2 0.68125 0.628125 0.121875 0.05625
2 0.9328125 0.77734375 0.078125 0.11796875
2 0.81953125 0.6453125 0.0703125 0.109375
2 0.91484375 0.6328125 0.10625 0.09296875
2 0.78984375 0.5296875 0.10078125 0.09921875
2 0.74375 0.59765625 0.1109375 0.09296875
2 0.84453125 0.44296875 0.07421875 0.07890625
2 0.81171875 0.34765625 0.08984375 0.0890625
2 0.76328125 0.29296875 0.08671875 0.09765625
2 0.79296875 0.209375 0.146875 0.0890625
2 0.8984375 0.24921875 0.0671875 0.09921875
2 0.621875 0.109375 0.08671875 0.0890625
2 0.6234375 0.0359375 0.1359375 0.05625
2 0.71328125 0.0625 0.0953125 0.1140625
2 0.3015625 0.4421875 0.05859375 0.11171875
2 0.228125 0.50078125 0.08671875 0.0765625
2 0.1546875 0.284375 0.08125 0.09921875
2 0.1796875 0.44296875 0.078125 0.14921875
2 0.28671875 0.70625 0.10234375 0.09140625