3 0.40078125 0.6625 0.05859375 0.16328125
3 0.903125 0.8 0.1328125 0.11171875
0 0.690625 0.63984375 0.1328125 0.06015625
0 0.86484375 0.53515625 0.10078125 0.10546875
2 0.9453125 0.6984375 0.08984375 0.09765625
4 0.81484375 0.24609375 0.11875 0.11796875
4 0.73203125 0.15859375 0.08515625 0.128125
2 0.5859375 0.28984375 0.10234375 0.09921875
2 0.1578125 0.7859375 0.11640625 0.115625
2 0.16875 0.67421875 0.08671875 0.09296875
2 0.6328125 0.76796875 0.0953125 0.13046875
2 0.6484375 0.2125 0.10234375 0.1203125
2 0.440625 0.15546875 0.10234375 0.121875
2 0.1828125 0.146875 0.08515625 0.10390625
0 0.20234375 0.1921875 0.12578125 0.06796875
2 0.09375 0.646875 0.06328125 0.11171875
2 0.328125 0.90390625 0.0953125 0.09140625
2 0.5109375 0.85234375 0.0953125 0.10546875
2 0.775 0.9203125 0.09375 0.09296875
2 0.909375 0.890625 0.10390625 0.09765625
2 0.7890625 0.821875 0.09921875 0.10546875
2 0.83515625 0.74921875 0.09375 0.128125
2 0.8171875 0.6453125 0.08515625 0.0828125
2 0.4875 0.64296875 0.08515625 0.109375
2 0.4234375 0.88203125 0.09375 0.146875
2 0.46640625 0.96484375 0.10078125 0.0625
2 0.5609375 0.9453125 0.1109375 0.07890625
2 0.1296875 0.9609375 0.10625 0.0703125
2 0.07421875 0.88125 0.0421875 0.1140625
2 0.36640625 0.51796875 0.053125 0.0625
2 0.61875 0.58203125 0.11328125 0.12421875
2 0.759375 0.56015625 0.0796875 0.109375
2 0.3765625 0.33828125 0.0796875 0.08671875
2 0.27734375 0.27421875 0.08515625 0.115625
2 0.94375 0.21953125 0.10625 0.1390625
2 0.696875 0.32421875 0.09375 0.10546875
2 0.784375 0.47109375 0.10234375 0.09765625
2 0.81015625 0.39609375 0.10078125 0.1015625
2 0.878125 0.33671875 0.08984375 0.09921875
2 0.290625 0.115625 0.0921875 0.0953125
2 0.32578125 0.16015625 0.09921875 0.09765625