0 0.515625 0.540625 0.121875 0.09140625
3 0.67109375 0.62421875 0.1359375 0.06015625
3 0.43359375 0.86328125 0.08515625 0.12421875
1 0.5453125 0.0578125 0.09375 0.0953125
2 0.653125 0.11171875 0.09921875 0.11171875
2 0.70546875 0.0421875 0.1109375 0.0765625
2 0.1625 0.03828125 0.0921875 0.0765625
1 0.28359375 0.175 0.09375 0.0953125
1 0.35390625 0.2296875 0.09921875 0.11171875
2 0.5546875 0.38828125 0.10078125 0.08671875
2 0.40078125 0.41328125 0.08125 0.1078125
2 0.271875 0.4375 0.0953125 0.11796875
2 0.13984375 0.31171875 0.10078125 0.11171875
2 0.10234375 0.42265625 0.09921875 0.1015625
2 0.7859375 0.3546875 0.11484375 0.07421875
1 0.853125 0.1171875 0.07578125 0.09765625
2 0.9734375 0.0890625 0.04609375 0.11171875
1 0.9203125 0.27109375 0.08828125 0.12421875
2 0.9140625 0.3953125 0.08515625 0.08515625
2 0.93046875 0.50234375 0.08984375 0.10546875
2 0.83828125 0.534375 0.096875 0.11171875
2 0.978125 0.58359375 0.03359375 0.1203125
2 0.890625 0.69453125 0.08828125 0.09921875
2 0.784375 0.67890625 0.08515625 0.1203125
2 0.77578125 0.8015625 0.10390625 0.109375
2 0.71875 0.878125 0.0921875 0.0953125
2 0.62109375 0.83828125 0.0921875 0.10390625
2 0.5515625 0.90078125 0.07578125 0.0578125
2 0.46328125 0.74296875 0.0953125 0.0953125
1 0.52421875 0.6953125 0.0953125 0.09765625
2 0.45234375 0.61484375 0.07421875 0.1015625
1 0.60078125 0.4875 0.08828125 0.09921875
2 0.35390625 0.5984375 0.0921875 0.08671875
2 0.24140625 0.66796875 0.09921875 0.109375
2 0.24140625 0.55625 0.11484375 0.08515625
2 0.21328125 0.5859375 0.10078125 0.08671875
2 0.1984375 0.66171875 0.0703125 0.0765625
1 0.10078125 0.7078125 0.08125 0.10390625
2 0.16484375 0.7921875 0.0796875 0.09140625
1 0.2375 0.77734375 0.0953125 0.09296875
2 0.08828125 0.890625 0.07578125 0.0828125
2 0.06328125 0.28125 0.01953125 0.0828125
2 0.87421875 0.92109375 0.07265625 0.02890625
2 0.1984375 0.9234375 0.06171875 0.02265625