0 0.66171875 0.26953125 0.10625 0.109375
0 0.2 0.725 0.08984375 0.10546875
2 0.58828125 0.20078125 0.1203125 0.06640625
2 0.5296875 0.16953125 0.10625 0.09765625
3 0.478125 0.8125 0.11484375 0.0890625
2 0.478125 0.846875 0.0703125 0.0640625
2 0.41328125 0.509375 0.0703125 0.109375
4 0.71875 0.8578125 0.11484375 0.1265625
2 0.878125 0.85078125 0.08671875 0.1078125
1 0.8046875 0.696875 0.0828125 0.1078125
4 0.90390625 0.6625 0.08671875 0.1328125
2 0.846875 0.521875 0.09921875 0.11796875
2 0.18125 0.88125 0.08125 0.10546875
2 0.27578125 0.8921875 0.08828125 0.0625
2 0.3453125 0.92734375 0.07421875 0.03125
2 0.47109375 0.88828125 0.14140625 0.09296875
2 0.56875 0.684375 0.08515625 0.1078125
2 0.58125 0.5890625 0.10390625 0.121875
2 0.61875 0.49921875 0.08671875 0.1390625
2 0.66171875 0.4015625 0.09375 0.11171875
2 0.77265625 0.48359375 0.07578125 0.121875
2 0.3859375 0.7796875 0.08125 0.1203125
2 0.4546875 0.725 0.096875 0.109375
2 0.26640625 0.79296875 0.109375 0.08671875
2 0.31328125 0.74765625 0.08671875 0.08671875
2 0.3125 0.646875 0.08828125 0.0890625
2 0.234375 0.57109375 0.11875 0.1265625
2 0.19375 0.5625 0.0828125 0.09296875
1 0.18671875 0.50234375 0.09375 0.12421875
2 0.28125 0.45859375 0.10234375 0.1015625
2 0.05859375 0.640625 0.10078125 0.09765625
2 0.0484375 0.42734375 0.08671875 0.0828125
2 0.05 0.48515625 0.08671875 0.06015625
2 0.09453125 0.5234375 0.05859375 0.0578125
2 0.06953125 0.56328125 0.05625 0.06015625
2 0.46484375 0.57421875 0.09375 0.11796875
2 0.40625 0.41640625 0.0828125 0.09296875
2 0.53828125 0.271875 0.109375 0.09921875
2 0.0390625 0.32421875 0.07421875 0.08671875
2 0.025 0.2640625 0.04453125 0.10546875
2 0.12578125 0.27734375 0.08828125 0.1015625
2 0.04609375 0.07734375 0.0921875 0.12421875
2 0.21640625 0.059375 0.10234375 0.11796875
2 0.4703125 0.08671875 0.09375 0.09921875
2 0.5515625 0.03828125 0.13046875 0.0765625
2 0.68203125 0.03125 0.1203125 0.05390625
2 0.725 0.13671875 0.096875 0.1015625
2 0.771875 0.0453125 0.0921875 0.08515625
2 0.8671875 0.0578125 0.0921875 0.1078125
2 0.9109375 0.021875 0.06875 0.0265625
1 0.9203125 0.14921875 0.0515625 0.09921875