2 0.3109375 0.25078125 0.1078125 0.12421875
2 0.41875 0.3 0.11640625 0.121875
2 0.56640625 0.32109375 0.096875 0.0953125
2 0.740625 0.33828125 0.0828125 0.1390625
2 0.79765625 0.221875 0.08515625 0.1203125
2 0.8171875 0.1140625 0.0953125 0.09140625
2 0.890625 0.1625 0.08125 0.1203125
2 0.9328125 0.24921875 0.07421875 0.11171875
2 0.96796875 0.37578125 0.053125 0.09921875
2 0.89375 0.47890625 0.07421875 0.08671875
2 0.828125 0.384375 0.08125 0.09921875
2 0.94296875 0.57890625 0.10390625 0.134375
2 0.86328125 0.74765625 0.10625 0.1203125
2 0.95859375 0.9375 0.07578125 0.10546875
2 0.7421875 0.93984375 0.1234375 0.08515625
2 0.5984375 0.6265625 0.1328125 0.121875
2 0.5546875 0.48984375 0.11328125 0.1203125
0 0.69453125 0.39375 0.05859375 0.146875
0 0.51796875 0.75703125 0.14140625 0.07265625
0 0.2421875 0.9453125 0.1328125 0.08671875
0 0.33046875 0.70703125 0.07421875 0.128125
2 0.08203125 0.30546875 0.08515625 0.11171875
2 0.1421875 0.43984375 0.08515625 0.09765625
2 0.365625 0.41328125 0.08515625 0.1203125
2 0.1984375 0.16328125 0.10234375 0.1015625
2 0.09609375 0.528125 0.0796875 0.11171875
2 0.3046875 0.5859375 0.0828125 0.10546875
2 0.4390625 0.72890625 0.07265625 0.1203125
2 0.6421875 0.7359375 0.10390625 0.10546875
2 0.75234375 0.5296875 0.10390625 0.1265625
0 0.6125 0.81875 0.134375 0.08046875
2 0.37890625 0.90546875 0.09921875 0.09296875
2 0.35 0.82265625 0.08984375 0.08515625
2 0.403125 0.96484375 0.14453125 0.0703125