3 0.34609375 0.51640625 0.178125 0.1015625
3 0.6796875 0.296875 0.0671875 0.171875
3 0.21171875 0.26328125 0.0953125 0.17578125
0 0.40703125 0.82421875 0.1609375 0.06015625
0 0.140625 0.76171875 0.14453125 0.08515625
0 0.8671875 0.5484375 0.15390625 0.06015625
4 0.421875 0.2109375 0.109375 0.121875
0 0.5140625 0.58046875 0.109375 0.1140625
0 0.0890625 0.5125 0.0671875 0.1328125
2 0.10859375 0.1046875 0.0703125 0.07890625
2 0.153125 0.1203125 0.10234375 0.0890625
2 0.29140625 0.09453125 0.07421875 0.06015625
2 0.50078125 0.1046875 0.0953125 0.0765625
2 0.68671875 0.16015625 0.08125 0.11171875
2 0.74375 0.15859375 0.07421875 0.115625
2 0.79296875 0.1421875 0.0796875 0.09140625
2 0.95703125 0.128125 0.0859375 0.109375
2 0.38125 0.315625 0.0921875 0.10390625
0 0.1484375 0.2078125 0.10078125 0.07890625
2 0.08125 0.30625 0.05859375 0.0828125
2 0.10625 0.40234375 0.10390625 0.09921875
2 0.22734375 0.715625 0.0921875 0.1078125
2 0.31953125 0.57265625 0.08125 0.11171875
2 0.38125 0.4640625 0.0796875 0.0890625
2 0.4734375 0.453125 0.10390625 0.14296875
2 0.5796875 0.34921875 0.08125 0.16953125
2 0.55859375 0.2953125 0.06875 0.10546875
2 0.64140625 0.39609375 0.0671875 0.08671875
2 0.73203125 0.47421875 0.0921875 0.10546875
2 0.93515625 0.45 0.08828125 0.10546875
2 0.146875 0.83359375 0.08515625 0.11796875
2 0.1109375 0.95859375 0.07421875 0.0828125
2 0.29296875 0.965625 0.08671875 0.06796875
2 0.36640625 0.9625 0.0828125 0.07421875
2 0.55234375 0.85703125 0.08125 0.08671875
2 0.29453125 0.853125 0.07421875 0.07890625
2 0.28671875 0.7859375 0.096875 0.0625
2 0.3734375 0.71953125 0.07421875 0.12421875
2 0.46875 0.7359375 0.0921875 0.09921875
2 0.48515625 0.83203125 0.0703125 0.1078125
2 0.55703125 0.69140625 0.0953125 0.08515625
2 0.56953125 0.76328125 0.08125 0.09296875
2 0.6546875 0.671875 0.08125 0.109375
2 0.7484375 0.61171875 0.1328125 0.15546875
2 0.93125 0.5765625 0.08515625 0.0890625
2 0.8265625 0.5671875 0.0921875 0.15078125
2 0.9875 0.34375 0.025 0.09921875
2 0.90625 0.74609375 0.09375 0.0890625
2 0.7296875 0.7515625 0.08984375 0.08671875
2 0.815625 0.7203125 0.07578125 0.08515625
2 0.78984375 0.81328125 0.078125 0.11171875
2 0.71015625 0.859375 0.11328125 0.1140625
2 0.69453125 0.96484375 0.109375 0.0703125
2 0.83046875 0.90078125 0.0953125 0.11796875
2 0.94765625 0.92734375 0.08828125 0.121875
2 0.93046875 0.83203125 0.07421875 0.0953125
2 0.98515625 0.80546875 0.0296875 0.09765625
2 0.446875 0.9875 0.08125 0.025
2 0.78671875 0.98046875 0.1078125 0.0390625
2 0.984375 0.51875 0.0296875 0.128125
2 0.6234375 0.20703125 0.06875 0.0953125
2 0.1546875 0.25546875 0.06875 0.1015625
2 0.11484375 0.871875 0.10234375 0.109375