3 0.9234375 0.78984375 0.153125 0.0859375
3 0.5078125 0.71015625 0.0671875 0.15078125
0 0.19375 0.41484375 0.08125 0.1390625
4 0.2953125 0.56015625 0.1234375 0.13671875
2 0.70234375 0.58046875 0.1109375 0.11796875
0 0.94296875 0.30625 0.1078125 0.07421875
0 0.328125 0.41640625 0.065625 0.11796875
2 0.96015625 0.10625 0.0796875 0.09140625
2 0.825 0.16953125 0.09375 0.140625
2 0.72734375 0.1984375 0.0796875 0.11171875
2 0.92421875 0.19375 0.07265625 0.0890625
2 0.60078125 0.196875 0.109375 0.1015625
2 0.525 0.10078125 0.07265625 0.07890625
2 0.615625 0.1078125 0.0828125 0.0890625
2 0.43203125 0.30625 0.096875 0.1328125
2 0.25078125 0.30625 0.0953125 0.1203125
2 0.15078125 0.26171875 0.10078125 0.14296875
2 0.08046875 0.2890625 0.06015625 0.1015625
2 0.9734375 0.4875 0.0515625 0.10390625
2 0.9734375 0.6109375 0.053125 0.109375
2 0.89140625 0.615625 0.078125 0.1140625
2 0.7453125 0.44609375 0.10078125 0.115625
2 0.65546875 0.43984375 0.09375 0.09921875
2 0.52578125 0.4515625 0.09921875 0.11171875
2 0.41953125 0.86953125 0.10234375 0.0953125
2 0.70546875 0.86953125 0.121875 0.12421875
2 0.88984375 0.91640625 0.096875 0.11171875
2 0.75078125 0.815625 0.0796875 0.115625
2 0.79921875 0.68203125 0.14140625 0.0765625
2 0.9515625 0.71328125 0.0828125 0.10390625
2 0.83046875 0.7734375 0.0953125 0.115625
2 0.7203125 0.9671875 0.078125 0.0625
2 0.990625 0.96171875 0.01875 0.0734375
2 0.45859375 0.96171875 0.10078125 0.06640625
2 0.38515625 0.978125 0.0703125 0.04375
2 0.3234375 0.9296875 0.096875 0.128125
2 0.346875 0.82734375 0.09921875 0.1203125
2 0.465625 0.6328125 0.0828125 0.10390625
2 0.60390625 0.54765625 0.08671875 0.11171875
2 0.7546875 0.62421875 0.08671875 0.07265625
0 0.41875 0.4359375 0.09375 0.14921875
2 0.3671875 0.62734375 0.06328125 0.0765625
2 0.2453125 0.69375 0.06015625 0.05
2 0.18203125 0.615625 0.09921875 0.1203125
2 0.0859375 0.5890625 0.0703125 0.1015625
2 0.08046875 0.73671875 0.06328125 0.11171875
2 0.09375 0.84921875 0.0828125 0.1015625
2 0.1625 0.95 0.15703125 0.0953125