3 0.8453125 0.3609375 0.06171875 0.19453125
3 0.94296875 0.48125 0.07421875 0.16171875
0 0.340625 0.6625 0.1078125 0.128125
0 0.31640625 0.7640625 0.096875 0.13671875
0 0.37890625 0.84921875 0.10234375 0.13046875
0 0.1125 0.26484375 0.04453125 0.14296875
2 0.16171875 0.5671875 0.08984375 0.1078125
2 0.4203125 0.38828125 0.1328125 0.159375
2 0.53515625 0.371875 0.0796875 0.1265625
2 0.453125 0.55625 0.08671875 0.1203125
2 0.30625 0.54140625 0.08671875 0.07890625
2 0.17734375 0.4109375 0.08515625 0.1078125
2 0.190625 0.22265625 0.0921875 0.10546875
2 0.16875 0.0859375 0.06171875 0.08671875
2 0.2625 0.13125 0.065625 0.09921875
2 0.3296875 0.225 0.08828125 0.0578125
2 0.25546875 0.31328125 0.0703125 0.115625
2 0.2703125 0.4421875 0.1203125 0.10390625
2 0.3328125 0.35703125 0.09375 0.1328125
2 0.61484375 0.453125 0.0703125 0.171875
2 0.4734375 0.09921875 0.0828125 0.1203125
2 0.58203125 0.0703125 0.10390625 0.09296875
2 0.60859375 0.16328125 0.0828125 0.0953125
2 0.71796875 0.140625 0.08671875 0.1140625
2 0.84296875 0.196875 0.0953125 0.115625
2 0.75 0.23984375 0.08984375 0.08671875
2 0.77421875 0.0734375 0.06875 0.09140625
2 0.66953125 0.03515625 0.109375 0.0703125
2 0.37578125 0.034375 0.10234375 0.06015625
2 0.08203125 0.51953125 0.04453125 0.12421875
2 0.9609375 0.271875 0.078125 0.08046875