2 0.965625 0.80859375 0.06875 0.0953125
3 0.81953125 0.303125 0.109375 0.11171875
3 0.37578125 0.5609375 0.06015625 0.17578125
0 0.14296875 0.58203125 0.13984375 0.06796875
2 0.34296875 0.8984375 0.10078125 0.07421875
2 0.2359375 0.8734375 0.07421875 0.109375
1 0.178125 0.78046875 0.08828125 0.11171875
2 0.07421875 0.73984375 0.04453125 0.109375
2 0.2953125 0.7453125 0.07578125 0.109375
1 0.46328125 0.834375 0.08984375 0.109375
1 0.56328125 0.721875 0.08828125 0.09765625
2 0.87890625 0.75078125 0.07265625 0.1078125
2 0.88125 0.63359375 0.08125 0.1015625
2 0.9734375 0.6890625 0.053125 0.11171875
2 0.96796875 0.5953125 0.06328125 0.06015625
2 0.61484375 0.58515625 0.09921875 0.1015625
0 0.4484375 0.53828125 0.0953125 0.07421875
2 0.31796875 0.60546875 0.0546875 0.14921875
2 0.07265625 0.47890625 0.0390625 0.13046875
2 0.1390625 0.47734375 0.0703125 0.10390625
2 0.1828125 0.39140625 0.08671875 0.109375
2 0.2640625 0.42109375 0.109375 0.07421875
2 0.38515625 0.37265625 0.07578125 0.13046875
2 0.4734375 0.36640625 0.11328125 0.1078125
2 0.59453125 0.3609375 0.06015625 0.0953125
2 0.60703125 0.4703125 0.0953125 0.09140625
2 0.71328125 0.3375 0.09921875 0.07265625
2 0.07265625 0.35703125 0.04921875 0.08515625
2 0.2546875 0.32578125 0.1078125 0.09140625
2 0.315625 0.30625 0.08828125 0.0890625
2 0.56015625 0.26640625 0.08828125 0.09296875
2 0.93828125 0.39453125 0.1109375 0.09765625
2 0.965625 0.27109375 0.06875 0.128125
2 0.8703125 0.22890625 0.0828125 0.1203125
2 0.8671875 0.1015625 0.08984375 0.11171875
2 0.5359375 0.11875 0.11875 0.09765625
2 0.38671875 0.1625 0.08125 0.1140625
2 0.4015625 0.046875 0.0703125 0.0703125
2 0.3359375 0.0953125 0.109375 0.109375
2 0.2359375 0.05078125 0.10234375 0.1015625
2 0.98125 0.8875 0.028125 0.0765625
2 0.31328125 0.20703125 0.109375 0.0953125
2 0.19765625 0.55078125 0.1109375 0.0890625