3 0.0734375 0.8984375 0.04765625 0.0515625
3 0.93828125 0.20078125 0.11484375 0.0640625
0 0.63984375 0.109375 0.09921875 0.09296875
3 0.95390625 0.31484375 0.07421875 0.13671875
2 0.37265625 0.375 0.11328125 0.1390625
2 0.321875 0.2078125 0.08984375 0.1203125
2 0.22734375 0.1171875 0.09921875 0.10546875
2 0.10234375 0.52890625 0.0828125 0.11171875
2 0.1 0.79921875 0.07265625 0.11171875
2 0.34921875 0.5 0.0953125 0.09921875
2 0.42421875 0.5703125 0.0921875 0.115625
2 0.3515625 0.77109375 0.0703125 0.09296875
2 0.25546875 0.8828125 0.0921875 0.1140625
2 0.16171875 0.9328125 0.08515625 0.0765625
2 0.5734375 0.65078125 0.08671875 0.09140625
2 0.6328125 0.69453125 0.06875 0.1140625
2 0.59375 0.55390625 0.10390625 0.08671875
2 0.61015625 0.45859375 0.096875 0.09140625
2 0.671875 0.38203125 0.10390625 0.0703125
2 0.7109375 0.46484375 0.0921875 0.06796875
2 0.70703125 0.5296875 0.1203125 0.10546875
2 0.68125 0.2921875 0.0953125 0.08671875
2 0.75234375 0.22578125 0.11484375 0.11171875
2 0.71796875 0.10625 0.0953125 0.09140625
2 0.82890625 0.08671875 0.10078125 0.0375
2 0.83671875 0.17421875 0.08515625 0.109375
2 0.97734375 0.1125 0.0390625 0.09140625
2 0.81796875 0.29375 0.09921875 0.11796875
2 0.89140625 0.3078125 0.08515625 0.1328125
2 0.76875 0.3875 0.096875 0.10546875
2 0.884375 0.43359375 0.10078125 0.1203125
2 0.74375 0.6421875 0.11328125 0.07421875
2 0.88671875 0.64375 0.09921875 0.10546875
2 0.96875 0.71875 0.04921875 0.09765625
2 0.96171875 0.8375 0.05859375 0.121875
2 0.803125 0.90390625 0.06875 0.07890625
2 0.68203125 0.90078125 0.10078125 0.07890625
2 0.63125 0.98046875 0.08984375 0.0390625
2 0.50390625 0.97578125 0.0703125 0.0484375