3 0.30234375 0.4171875 0.1640625 0.05625
3 0.57265625 0.7875 0.08515625 0.14296875
3 0.61953125 0.546875 0.08125 0.1140625
3 0.3625 0.1984375 0.121875 0.08671875
0 0.33515625 0.84921875 0.10234375 0.08671875
3 0.1296875 0.4140625 0.13984375 0.11796875
0 0.1359375 0.93984375 0.10234375 0.1078125
2 0.940625 0.82421875 0.10234375 0.09296875
1 0.93046875 0.38203125 0.09375 0.09921875
1 0.56640625 0.2796875 0.096875 0.10546875
1 0.265625 0.146875 0.10234375 0.10546875
1 0.1421875 0.65390625 0.10390625 0.10546875
1 0.17109375 0.784375 0.096875 0.1015625
1 0.27109375 0.95859375 0.11875 0.0703125
1 0.709375 0.9375 0.10234375 0.109375
4 0.70078125 0.81640625 0.10234375 0.1015625
2 0.97734375 0.521875 0.0453125 0.1125
2 0.440625 0.2671875 0.1109375 0.11796875
2 0.26171875 0.49921875 0.09375 0.1078125
2 0.91796875 0.940625 0.0953125 0.109375
4 0.8625 0.4671875 0.0953125 0.11796875
2 0.7640625 0.496875 0.06875 0.0953125
2 0.71875 0.29609375 0.06875 0.08046875
2 0.89453125 0.2109375 0.109375 0.07890625
2 0.97421875 0.29609375 0.0421875 0.13046875
4 0.8890625 0.1109375 0.096875 0.0953125
1 0.3625 0.11796875 0.078125 0.09921875
3 0.09609375 0.0859375 0.0796875 0.0390625
2 0.47421875 0.57734375 0.08125 0.1203125
1 0.54765625 0.3953125 0.0953125 0.09921875
2 0.6359375 0.44921875 0.07421875 0.07421875
2 0.4890625 0.71953125 0.08125 0.1203125
2 0.4046875 0.4875 0.09375 0.10390625
2 0.06640625 0.56640625 0.0265625 0.10546875