3 0.79453125 0.7796875 0.1625 0.140625
3 0.1265625 0.14765625 0.08984375 0.11796875
3 0.57265625 0.45625 0.10390625 0.16953125
3 0.3109375 0.65703125 0.07265625 0.165625
3 0.68515625 0.7578125 0.11875 0.0828125
3 0.8015625 0.7 0.11484375 0.1078125
3 0.83984375 0.45625 0.08671875 0.1203125
1 0.146875 0.775 0.09375 0.10546875
2 0.3703125 0.303125 0.10078125 0.11171875
4 0.4203125 0.89375 0.0953125 0.0953125
3 0.728125 0.5640625 0.1109375 0.0703125
2 0.20390625 0.9078125 0.1078125 0.07421875
3 0.3296875 0.96796875 0.12890625 0.05
2 0.26328125 0.553125 0.07421875 0.128125
2 0.546875 0.2234375 0.109375 0.06015625
2 0.534375 0.32265625 0.09921875 0.10390625
2 0.2921875 0.81953125 0.0953125 0.109375
4 0.18984375 0.45 0.10078125 0.1390625
4 0.11015625 0.48828125 0.0921875 0.109375
2 0.059375 0.5703125 0.0921875 0.09296875
2 0.021875 0.48984375 0.03671875 0.0953125
2 0.2828125 0.11796875 0.08515625 0.0765625
2 0.521875 0.1328125 0.10390625 0.109375
2 0.56875 0.10625 0.0921875 0.08515625
2 0.73671875 0.10625 0.07578125 0.08515625
2 0.653125 0.2171875 0.08125 0.13046875
2 0.74453125 0.34375 0.109375 0.1140625
2 0.85390625 0.353125 0.0953125 0.09296875
2 0.8984375 0.184375 0.06328125 0.09140625
2 0.86640625 0.2234375 0.08984375 0.1390625
2 0.78671875 0.2390625 0.14453125 0.134375
2 0.7234375 0.3078125 0.096875 0.1203125
2 0.63515625 0.4109375 0.09375 0.115625
2 0.4796875 0.49140625 0.08984375 0.08671875
4 0.3875 0.66015625 0.0953125 0.1140625
2 0.56796875 0.70078125 0.08671875 0.08671875
2 0.84921875 0.57265625 0.1109375 0.1015625
2 0.8890625 0.475 0.08671875 0.134375
2 0.1421875 0.221875 0.10390625 0.08671875
2 0.4015625 0.7640625 0.08671875 0.10546875
2 0.0953125 0.9109375 0.09921875 0.08046875
4 0.48671875 0.81484375 0.09375 0.10546875
4 0.63671875 0.8734375 0.07578125 0.13046875
2 0.74140625 0.90546875 0.10234375 0.0828125
2 0.86328125 0.9453125 0.08671875 0.10546875
2 0.6078125 0.95859375 0.08515625 0.0625