3 0.86015625 0.37578125 0.1359375 0.121875
3 0.61015625 0.27109375 0.121875 0.109375
3 0.2609375 0.75703125 0.17109375 0.05
3 0.0796875 0.61171875 0.0546875 0.16953125
3 0.5359375 0.9328125 0.1375 0.08515625
3 0.128125 0.1109375 0.109375 0.0953125
0 0.359375 0.8984375 0.11484375 0.12421875
1 0.8359375 0.7671875 0.10390625 0.1140625
2 0.71796875 0.7453125 0.10234375 0.10390625
2 0.67421875 0.70078125 0.0953125 0.0828125
2 0.553125 0.696875 0.08984375 0.09921875
2 0.615625 0.82890625 0.06875 0.09921875
2 0.653125 0.95625 0.0921875 0.07890625
2 0.69296875 0.92578125 0.0921875 0.109375
2 0.91640625 0.93203125 0.05859375 0.09296875
2 0.93359375 0.97421875 0.02265625 0.0515625
1 0.77265625 0.62109375 0.10234375 0.11796875
2 0.6734375 0.6265625 0.0796875 0.10390625
1 0.528125 0.55 0.08671875 0.1078125
2 0.37421875 0.6390625 0.0921875 0.10546875
1 0.36328125 0.5234375 0.10234375 0.1140625
1 0.24375 0.4625 0.10234375 0.11796875
1 0.03984375 0.4375 0.0796875 0.109375
2 0.021875 0.6328125 0.03671875 0.1140625
2 0.0484375 0.8671875 0.08984375 0.1203125
2 0.0375 0.96484375 0.075 0.0578125
1 0.14453125 0.89921875 0.109375 0.14296875
2 0.21484375 0.82890625 0.08671875 0.08515625
2 0.14296875 0.78359375 0.109375 0.17578125
2 0.1671875 0.65390625 0.07578125 0.09296875
2 0.28359375 0.94609375 0.0671875 0.0953125
2 0.48671875 0.9171875 0.10234375 0.11171875
2 0.9296875 0.84609375 0.03203125 0.06640625
2 0.9265625 0.475 0.03671875 0.09921875
2 0.87734375 0.4671875 0.07265625 0.11796875
2 0.71015625 0.4875 0.10625 0.11171875
2 0.56640625 0.37578125 0.08671875 0.134375
2 0.4234375 0.39140625 0.109375 0.08515625
1 0.2984375 0.33046875 0.10234375 0.1015625
2 0.4875 0.8078125 0.06171875 0.115625
2 0.43046875 0.82734375 0.07578125 0.09921875
2 0.3984375 0.790625 0.0703125 0.11796875
2 0.0265625 0.209375 0.04609375 0.11796875
2 0.10703125 0.178125 0.10078125 0.0828125
2 0.1984375 0.1296875 0.09375 0.1203125
2 0.30390625 0.1265625 0.08828125 0.115625
2 0.4515625 0.28984375 0.10234375 0.1078125
2 0.49296875 0.17734375 0.0921875 0.0953125
2 0.3921875 0.140625 0.08125 0.13671875
2 0.471875 0.08671875 0.09375 0.04140625
1 0.73359375 0.20625 0.0796875 0.09921875
2 0.9140625 0.31875 0.06171875 0.11171875
1 0.909375 0.20078125 0.06875 0.109375
4 0.81484375 0.1984375 0.07421875 0.1140625
2 0.803125 0.0953125 0.09375 0.06796875
2 0.01484375 0.1015625 0.02265625 0.06640625
2 0.021875 0.7890625 0.0296875 0.0828125