3 0.78671875 0.27421875 0.1765625 0.13046875
0 0.56640625 0.23671875 0.0546875 0.15703125
0 0.7015625 0.27421875 0.09375 0.09921875
3 0.465625 0.2640625 0.11484375 0.1203125
2 0.4234375 0.23671875 0.0828125 0.08515625
2 0.36875 0.284375 0.06328125 0.11796875
2 0.39921875 0.36328125 0.1109375 0.0703125
2 0.40390625 0.10078125 0.10078125 0.10390625
2 0.4640625 0.1265625 0.078125 0.0953125
2 0.4921875 0.17890625 0.09375 0.08671875
2 0.56953125 0.0796875 0.09375 0.1140625
2 0.63515625 0.09296875 0.08671875 0.0953125
2 0.734375 0.06015625 0.10390625 0.115625
1 0.703125 0.19375 0.09375 0.11796875
2 0.634375 0.221875 0.0546875 0.121875
2 0.6 0.16171875 0.0796875 0.08046875
2 0.446875 0.02578125 0.08984375 0.04765625
2 0.3609375 0.025 0.07421875 0.04140625
2 0.30234375 0.0578125 0.0953125 0.11171875
2 0.25390625 0.13984375 0.1328125 0.0953125
1 0.2796875 0.2328125 0.0796875 0.10546875
2 0.18671875 0.303125 0.0796875 0.0953125
2 0.10234375 0.38515625 0.06171875 0.1015625
2 0.1984375 0.37578125 0.10390625 0.0953125
2 0.2078125 0.4625 0.08125 0.09296875
1 0.09609375 0.51171875 0.0796875 0.09296875
1 0.36328125 0.59140625 0.109375 0.10390625
2 0.45 0.4453125 0.07578125 0.10546875
2 0.41875 0.48203125 0.07421875 0.1015625
2 0.53515625 0.47109375 0.0796875 0.06640625
1 0.64921875 0.42265625 0.0953125 0.09765625
1 0.9140625 0.1875 0.078125 0.09296875
2 0.8859375 0.01953125 0.10234375 0.0390625
2 0.88046875 0.29375 0.1078125 0.10390625
2 0.89453125 0.3578125 0.07421875 0.11171875
2 0.55234375 0.5390625 0.07265625 0.09765625
2 0.51328125 0.5765625 0.04453125 0.07890625
1 0.49296875 0.57734375 0.08125 0.08671875
1 0.28828125 0.78671875 0.08671875 0.1140625
2 0.20703125 0.8015625 0.06015625 0.0828125
2 0.13515625 0.81953125 0.08984375 0.09765625
2 0.4375 0.73828125 0.10234375 0.17578125
2 0.50703125 0.67890625 0.08125 0.10390625
2 0.5828125 0.67734375 0.096875 0.09921875
2 0.5453125 0.76328125 0.1203125 0.08671875
2 0.6515625 0.77734375 0.08984375 0.09765625
2 0.41171875 0.88828125 0.08671875 0.0828125
2 0.50625 0.87578125 0.07265625 0.115625
2 0.603125 0.88515625 0.08671875 0.08671875
2 0.64375 0.8921875 0.0953125 0.07890625
2 0.76875 0.90703125 0.10078125 0.05
2 0.96640625 0.82265625 0.06015625 0.11171875
2 0.953125 0.88203125 0.0796875 0.08671875
2 0.97109375 0.6046875 0.0546875 0.1078125
2 0.98046875 0.56796875 0.0390625 0.09765625
2 0.95 0.47421875 0.1 0.0828125
2 0.9859375 0.41640625 0.028125 0.0515625
2 0.98359375 0.74296875 0.0265625 0.06015625
2 0.06796875 0.9046875 0.0296875 0.05625
2 0.06640625 0.27421875 0.02109375 0.0953125