3 0.40078125 0.3375 0.05859375 0.16328125
3 0.903125 0.2 0.1328125 0.11171875
0 0.690625 0.36015625 0.1328125 0.06015625
0 0.86484375 0.46484375 0.10078125 0.10546875
2 0.9453125 0.3015625 0.08984375 0.09765625
4 0.81484375 0.75390625 0.11875 0.11796875
4 0.73203125 0.84140625 0.08515625 0.128125
2 0.5859375 0.71015625 0.10234375 0.09921875
2 0.1578125 0.2140625 0.11640625 0.115625
2 0.16875 0.32578125 0.08671875 0.09296875
2 0.6328125 0.23203125 0.0953125 0.13046875
2 0.6484375 0.7875 0.10234375 0.1203125
2 0.440625 0.84453125 0.10234375 0.121875
2 0.1828125 0.853125 0.08515625 0.10390625
0 0.20234375 0.8078125 0.12578125 0.06796875
2 0.09375 0.353125 0.06328125 0.11171875
2 0.328125 0.09609375 0.0953125 0.09140625
2 0.5109375 0.14765625 0.0953125 0.10546875
2 0.775 0.0796875 0.09375 0.09296875
2 0.909375 0.109375 0.10390625 0.09765625
2 0.7890625 0.178125 0.09921875 0.10546875
2 0.83515625 0.25078125 0.09375 0.128125
2 0.8171875 0.3546875 0.08515625 0.0828125
2 0.4875 0.35703125 0.08515625 0.109375
2 0.4234375 0.11796875 0.09375 0.146875
2 0.46640625 0.03515625 0.10078125 0.0625
2 0.5609375 0.0546875 0.1109375 0.07890625
2 0.1296875 0.0390625 0.10625 0.0703125
2 0.07421875 0.11875 0.0421875 0.1140625
2 0.36640625 0.48203125 0.053125 0.0625
2 0.61875 0.41796875 0.11328125 0.12421875
2 0.759375 0.43984375 0.0796875 0.109375
2 0.3765625 0.66171875 0.0796875 0.08671875
2 0.27734375 0.72578125 0.08515625 0.115625
2 0.94375 0.78046875 0.10625 0.1390625
2 0.696875 0.67578125 0.09375 0.10546875
2 0.784375 0.52890625 0.10234375 0.09765625
2 0.81015625 0.60390625 0.10078125 0.1015625
2 0.878125 0.66328125 0.08984375 0.09921875
2 0.290625 0.884375 0.0921875 0.0953125
2 0.32578125 0.83984375 0.09921875 0.09765625