2 0.37421875 0.58984375 0.09375 0.09765625
2 0.14453125 0.2671875 0.09375 0.12421875
2 0.78671875 0.39375 0.0953125 0.115625
2 0.91171875 0.41796875 0.0671875 0.1015625
2 0.88984375 0.7453125 0.08828125 0.165625
3 0.5765625 0.475 0.15 0.121875
3 0.5015625 0.290625 0.1203125 0.15546875
2 0.24140625 0.21015625 0.1109375 0.15546875
2 0.0625 0.115625 0.0921875 0.16171875
2 0.07890625 0.48671875 0.096875 0.140625
2 0.04609375 0.65078125 0.08125 0.165625
2 0.07890625 0.7671875 0.096875 0.09296875
3 0.078125 0.853125 0.12578125 0.06640625
2 0.0953125 0.90859375 0.109375 0.0375
2 0.3390625 0.8640625 0.08125 0.1203125
2 0.43125 0.8765625 0.08828125 0.1203125
2 0.62734375 0.79921875 0.12578125 0.07421875
2 0.5046875 0.68359375 0.07265625 0.09296875
2 0.678125 0.24765625 0.0828125 0.11171875
2 0.3484375 0.27734375 0.10625 0.0890625
2 0.42265625 0.0390625 0.1046875 0.078125
2 0.6984375 0.359375 0.065625 0.08671875
2 0.521875 0.3875 0.1359375 0.0828125
2 0.8234375 0.22578125 0.0828125 0.08671875
2 0.8703125 0.19375 0.1203125 0.153125
3 0.81484375 0.69140625 0.10234375 0.09765625
2 0.56875 0.71953125 0.08828125 0.10390625
2 0.5203125 0.83671875 0.08984375 0.128125
2 0.56875 0.88828125 0.11875 0.08515625
2 0.8859375 0.8796875 0.09921875 0.08515625
2 0.7296875 0.59140625 0.0796875 0.1390625
2 0.63984375 0.60625 0.10234375 0.09921875
2 0.596875 0.57109375 0.08515625 0.09140625
2 0.6671875 0.67421875 0.07578125 0.0890625
2 0.19609375 0.1375 0.078125 0.09921875
2 0.0296875 0.43046875 0.05625 0.11171875
2 0.46328125 0.21015625 0.07578125 0.11171875