3 0.27890625 0.38203125 0.14140625 0.14296875
3 0.85078125 0.16328125 0.14140625 0.0828125
3 0.77734375 0.94296875 0.09921875 0.10546875
3 0.24296875 0.69765625 0.134375 0.0703125
3 0.85234375 0.94921875 0.08515625 0.09765625
3 0.9296875 0.96875 0.1328125 0.0625
3 0.903125 0.64296875 0.07421875 0.13671875
2 0.35234375 0.9296875 0.10390625 0.109375
2 0.73046875 0.69453125 0.1109375 0.1265625
4 0.73515625 0.84375 0.109375 0.09296875
2 0.6875 0.92265625 0.08125 0.08671875
2 0.890625 0.84140625 0.08125 0.0890625
2 0.84296875 0.771875 0.134375 0.115625
2 0.82421875 0.56640625 0.121875 0.1015625
2 0.80234375 0.43203125 0.078125 0.13671875
2 0.9484375 0.4546875 0.09921875 0.11171875
2 0.9234375 0.53828125 0.08671875 0.0640625
2 0.5078125 0.51875 0.096875 0.121875
2 0.60625 0.60234375 0.0953125 0.0953125
2 0.5109375 0.64609375 0.08125 0.11171875
2 0.40390625 0.68203125 0.08671875 0.09921875
2 0.4671875 0.77109375 0.11484375 0.1140625
2 0.36328125 0.8 0.096875 0.121875
0 0.22421875 0.8640625 0.0921875 0.115625
2 0.32421875 0.2234375 0.09921875 0.115625
2 0.4296875 0.221875 0.08125 0.10390625
2 0.53203125 0.1375 0.11328125 0.1265625
2 0.5796875 0.23671875 0.1328125 0.08046875
3 0.6390625 0.17578125 0.1234375 0.07421875
2 0.315625 0.115625 0.10234375 0.08515625
2 0.1609375 0.10078125 0.1109375 0.07265625
2 0.74296875 0.11875 0.10390625 0.09765625
2 0.75625 0.2109375 0.1109375 0.0828125
2 0.13515625 0.20625 0.07421875 0.11171875
2 0.08515625 0.27421875 0.053125 0.08515625
2 0.075 0.5484375 0.0296875 0.1015625
2 0.09921875 0.63046875 0.07265625 0.09296875
2 0.171875 0.640625 0.078125 0.0890625
2 0.12578125 0.80546875 0.10390625 0.08671875
2 0.10078125 0.7203125 0.08125 0.09296875
2 0.1875 0.74921875 0.08515625 0.08046875
2 0.1 0.87890625 0.0828125 0.16796875