3 0.39140625 0.9328125 0.14296875 0.134375
3 0.7984375 0.49765625 0.203125 0.12421875
3 0.49765625 0.51953125 0.06875 0.15546875
3 0.6265625 0.09921875 0.1765625 0.06640625
3 0.62890625 0.79921875 0.07265625 0.14921875
3 0.715625 0.77734375 0.11875 0.0578125
3 0.69453125 0.81484375 0.11484375 0.0625
3 0.11015625 0.57578125 0.08984375 0.15703125
3 0.128125 0.7734375 0.13984375 0.08671875
3 0.55 0.790625 0.08984375 0.1203125
3 0.49765625 0.8046875 0.08515625 0.1015625
3 0.91484375 0.7453125 0.13046875 0.0765625
3 0.78125 0.85234375 0.08828125 0.12421875
3 0.7609375 0.74765625 0.134375 0.0765625
2 0.5609375 0.8828125 0.0921875 0.08671875
1 0.47734375 0.73359375 0.08984375 0.1015625
1 0.53125 0.62421875 0.08515625 0.09921875
1 0.89921875 0.51328125 0.08515625 0.10546875
2 0.853125 0.296875 0.07578125 0.1015625
2 0.7375 0.33671875 0.10390625 0.0890625
2 0.7703125 0.2140625 0.096875 0.1265625
2 0.45703125 0.2296875 0.10078125 0.121875
2 0.37890625 0.33984375 0.159375 0.128125
2 0.2 0.35390625 0.11640625 0.09140625
1 0.25390625 0.6125 0.07578125 0.10546875
2 0.58125 0.496875 0.07421875 0.121875
2 0.19609375 0.9375 0.10234375 0.11796875
2 0.16640625 0.87890625 0.06171875 0.0828125
2 0.09453125 0.9375 0.04765625 0.109375
2 0.23203125 0.7109375 0.07421875 0.09296875
2 0.16796875 0.57734375 0.0515625 0.09921875
2 0.11875 0.4046875 0.09375 0.0953125
4 0.0828125 0.303125 0.06328125 0.1078125
2 0.146875 0.221875 0.1203125 0.115625
2 0.29609375 0.1875 0.0921875 0.1453125
2 0.3828125 0.19765625 0.09921875 0.12421875
2 0.4703125 0.1140625 0.10625 0.0640625
2 0.196875 0.121875 0.10078125 0.08671875
2 0.23125 0.24140625 0.10078125 0.0953125
2 0.47890625 0.6296875 0.1109375 0.0515625
2 0.71328125 0.65625 0.11640625 0.09765625
2 0.6890625 0.57421875 0.09921875 0.0828125
2 0.68203125 0.48125 0.0796875 0.09140625
2 0.68984375 0.4046875 0.0828125 0.08046875
2 0.9296875 0.43984375 0.07421875 0.0703125
3 0.78671875 0.44296875 0.10078125 0.0890625
3 0.95703125 0.3234375 0.0859375 0.06875
2 0.90390625 0.17265625 0.08671875 0.11171875
4 0.8125 0.1203125 0.0921875 0.08671875