3 0.54921875 0.59609375 0.1375 0.146875
3 0.19453125 0.6296875 0.12578125 0.18203125
3 0.36015625 0.6390625 0.10390625 0.153125
3 0.3453125 0.5484375 0.146875 0.06640625
3 0.36328125 0.50390625 0.13046875 0.0625
3 0.37265625 0.771875 0.14140625 0.11171875
3 0.54140625 0.8890625 0.11640625 0.08671875
0 0.553125 0.75859375 0.13984375 0.09921875
0 0.8171875 0.72578125 0.08828125 0.1203125
0 0.48203125 0.49375 0.08828125 0.128125
0 0.29921875 0.80546875 0.159375 0.0765625
0 0.45234375 0.24921875 0.159375 0.11796875
3 0.803125 0.284375 0.06015625 0.184375
3 0.728125 0.0546875 0.06171875 0.1015625
3 0.83828125 0.08046875 0.0796875 0.15546875
3 0.87421875 0.49609375 0.134375 0.1203125
3 0.85390625 0.3109375 0.08125 0.140625
3 0.1328125 0.16015625 0.15546875 0.1203125
3 0.46015625 0.74453125 0.05625 0.17578125
3 0.29296875 0.65 0.11328125 0.09296875
3 0.28359375 0.721875 0.0796875 0.178125
2 0.65078125 0.84765625 0.08828125 0.11796875
2 0.83203125 0.82109375 0.08515625 0.08671875
2 0.69140625 0.55625 0.10078125 0.09140625
2 0.0953125 0.79296875 0.07265625 0.0890625
2 0.16015625 0.9015625 0.08984375 0.0640625
2 0.234375 0.859375 0.06875 0.10546875
2 0.33125 0.88828125 0.096875 0.08671875
2 0.26328125 0.23515625 0.14296875 0.10390625
2 0.25234375 0.47890625 0.07421875 0.1078125
2 0.7078125 0.7984375 0.1078125 0.1390625
2 0.95546875 0.21953125 0.078125 0.1203125
2 0.653125 0.0515625 0.1078125 0.0953125
2 0.6984375 0.321875 0.08125 0.0890625
2 0.928125 0.77421875 0.12734375 0.1265625
2 0.93359375 0.85078125 0.07578125 0.10390625
2 0.096875 0.69375 0.08515625 0.1328125
2 0.0734375 0.5546875 0.04609375 0.128125
2 0.0875 0.42265625 0.07265625 0.121875
2 0.1609375 0.3859375 0.12578125 0.13046875
2 0.16875 0.51640625 0.1078125 0.1078125
2 0.5515625 0.171875 0.0921875 0.109375
0 0.39140625 0.12421875 0.05625 0.134375
2 0.26484375 0.05390625 0.109375 0.09140625
2 0.07265625 0.0515625 0.04453125 0.06015625
2 0.1 0.08359375 0.10078125 0.09765625
2 0.15703125 0.1046875 0.07421875 0.1203125
2 0.23046875 0.134375 0.08125 0.159375
2 0.28984375 0.15703125 0.10625 0.1265625
2 0.0875 0.2671875 0.07421875 0.109375
2 0.64375 0.678125 0.078125 0.16328125
2 0.92109375 0.359375 0.09375 0.13671875
2 0.96640625 0.465625 0.05625 0.115625
2 0.890625 0.12421875 0.08515625 0.134375
2 0.53203125 0.67734375 0.08671875 0.1078125