3 0.18125 0.2328125 0.16796875 0.07265625
3 0.7828125 0.28671875 0.215625 0.04765625
3 0.790625 0.35078125 0.1515625 0.1078125
3 0.90078125 0.178125 0.10234375 0.1203125
3 0.44140625 0.15546875 0.14296875 0.0640625
3 0.56171875 0.44609375 0.07578125 0.18671875
3 0.16875 0.38203125 0.1515625 0.15546875
3 0.8828125 0.4109375 0.08515625 0.15546875
3 0.228125 0.82578125 0.0671875 0.140625
3 0.4890625 0.88125 0.0546875 0.1140625
3 0.328125 0.47890625 0.10390625 0.11171875
3 0.48828125 0.478125 0.11640625 0.0828125
3 0.9234375 0.59296875 0.04609375 0.08515625
3 0.8296875 0.59765625 0.1515625 0.07421875
0 0.21484375 0.2265625 0.06328125 0.1453125
0 0.8640625 0.43359375 0.1484375 0.09296875
0 0.43984375 0.19765625 0.13046875 0.07421875
0 0.30234375 0.18125 0.0953125 0.1078125
2 0.3484375 0.1203125 0.0828125 0.121875
2 0.6703125 0.0625 0.11875 0.11796875
2 0.475 0.07265625 0.0828125 0.06640625
2 0.66484375 0.190625 0.0703125 0.08046875
2 0.6203125 0.24140625 0.06015625 0.1203125
2 0.4859375 0.29375 0.1109375 0.1078125
2 0.61484375 0.1296875 0.13046875 0.09296875
2 0.56484375 0.04453125 0.0921875 0.07890625
2 0.8734375 0.09453125 0.0828125 0.1203125
2 0.75703125 0.23828125 0.109375 0.09765625
2 0.69765625 0.35390625 0.159375 0.1265625
2 0.68203125 0.51328125 0.07578125 0.0703125
2 0.65625 0.74453125 0.1625 0.16328125
2 0.76796875 0.82578125 0.10390625 0.09765625
2 0.61015625 0.88515625 0.1375 0.07421875
2 0.5296875 0.77109375 0.10078125 0.1015625
2 0.38984375 0.84921875 0.121875 0.1203125
2 0.3296875 0.65078125 0.07265625 0.1078125
2 0.40078125 0.55 0.08125 0.10390625
2 0.3125 0.29609375 0.11875 0.1265625
2 0.02890625 0.61484375 0.0515625 0.140625
2 0.115625 0.55078125 0.0921875 0.09296875
2 0.15390625 0.66484375 0.15703125 0.115625
2 0.08359375 0.85 0.09921875 0.1203125
2 0.15078125 0.7828125 0.08515625 0.146875
2 0.84609375 0.81171875 0.07421875 0.1078125
2 0.24765625 0.4421875 0.1078125 0.08671875
2 0.22734375 0.38515625 0.11328125 0.07890625