3 0.4859375 0.375 0.19453125 0.04765625
3 0.790625 0.8546875 0.134375 0.0828125
3 0.47734375 0.5296875 0.12734375 0.0765625
3 0.1078125 0.54453125 0.1078125 0.0578125
3 0.3890625 0.4421875 0.06328125 0.134375
2 0.3984375 0.49453125 0.0796875 0.09921875
1 0.16328125 0.82421875 0.10078125 0.11796875
2 0.11953125 0.7578125 0.08828125 0.12421875
2 0.92421875 0.79609375 0.0921875 0.09140625
2 0.971875 0.73984375 0.05625 0.0890625
2 0.85859375 0.54453125 0.10078125 0.0828125
2 0.81953125 0.49375 0.10234375 0.0890625
2 0.7421875 0.41953125 0.07578125 0.11171875
1 0.725 0.275 0.08671875 0.11796875
2 0.38984375 0.2515625 0.09921875 0.13671875
2 0.47265625 0.278125 0.08515625 0.1078125
2 0.68046875 0.1140625 0.0828125 0.07265625
2 0.70859375 0.09296875 0.08671875 0.07265625
2 0.9703125 0.14453125 0.059375 0.0859375
2 0.93359375 0.19140625 0.09375 0.11796875
2 0.93359375 0.26171875 0.09375 0.09296875
2 0.9640625 0.36328125 0.0703125 0.1015625
2 0.18515625 0.26171875 0.08828125 0.1203125
2 0.13046875 0.24140625 0.08515625 0.10390625
2 0.20546875 0.21875 0.0953125 0.08671875
2 0.08203125 0.3046875 0.06171875 0.1203125
2 0.1546875 0.378125 0.08125 0.0953125
2 0.2453125 0.346875 0.08515625 0.09921875
2 0.24609375 0.40859375 0.10625 0.07265625
2 0.2921875 0.56953125 0.0953125 0.1203125
2 0.27578125 0.51953125 0.078125 0.0828125
2 0.075 0.665625 0.04609375 0.109375
2 0.140625 0.61171875 0.09921875 0.115625
2 0.22265625 0.6875 0.11484375 0.140625
2 0.18203125 0.653125 0.07578125 0.0953125
2 0.425 0.7 0.109375 0.0953125
2 0.43671875 0.7796875 0.11640625 0.08671875
1 0.40078125 0.60078125 0.10390625 0.1203125
2 0.6203125 0.46171875 0.09375 0.1078125
2 0.50078125 0.58671875 0.08515625 0.09921875
2 0.56328125 0.3578125 0.10078125 0.11171875
2 0.62890625 0.35625 0.1109375 0.10390625
1 0.528125 0.1390625 0.08984375 0.1140625
1 0.425 0.10234375 0.08671875 0.08515625
2 0.1421875 0.0953125 0.08828125 0.0515625
2 0.69375 0.5421875 0.0796875 0.08671875
2 0.6109375 0.69765625 0.08671875 0.1140625
2 0.703125 0.715625 0.0796875 0.09921875
2 0.52890625 0.83515625 0.08125 0.115625
2 0.54765625 0.90546875 0.0921875 0.1203125
1 0.7625 0.95546875 0.08125 0.0828125
1 0.85234375 0.96328125 0.1015625 0.0734375
2 0.92421875 0.88828125 0.0953125 0.115625
1 0.8125 0.2171875 0.08515625 0.11171875
2 0.234375 0.97421875 0.0953125 0.04140625
2 0.3578125 0.34921875 0.0953125 0.09921875
2 0.703125 0.56953125 0.08984375 0.09140625