2 0.13359375 0.23828125 0.10234375 0.11796875
2 0.36640625 0.1875 0.10625 0.0890625
2 0.1125 0.3609375 0.08515625 0.11796875
2 0.096875 0.10078125 0.08515625 0.0640625
2 0.4046875 0.284375 0.10234375 0.0828125
2 0.25703125 0.38125 0.078125 0.1453125
2 0.22109375 0.521875 0.07265625 0.1140625
2 0.33125 0.496875 0.0828125 0.08671875
2 0.38125 0.38828125 0.07578125 0.0890625
2 0.5328125 0.284375 0.12578125 0.128125
2 0.62265625 0.23828125 0.08515625 0.10546875
2 0.74375 0.27109375 0.08515625 0.0890625
2 0.82421875 0.171875 0.0921875 0.1015625
2 0.9171875 0.390625 0.07578125 0.11796875
2 0.959375 0.25078125 0.07421875 0.1078125
2 0.71484375 0.3671875 0.0796875 0.0828125
2 0.7203125 0.503125 0.08984375 0.1203125
2 0.5015625 0.3953125 0.096875 0.0953125
2 0.4390625 0.48046875 0.0921875 0.07890625
2 0.5328125 0.5515625 0.10390625 0.0765625
2 0.18984375 0.63125 0.1203125 0.08515625
2 0.0765625 0.62109375 0.0296875 0.12421875
2 0.1734375 0.73828125 0.0828125 0.109375
2 0.51953125 0.66328125 0.10234375 0.10390625
2 0.628125 0.6921875 0.096875 0.09140625
2 0.60234375 0.865625 0.08515625 0.0703125
2 0.4796875 0.9453125 0.0828125 0.0828125
2 0.728125 0.97734375 0.10625 0.0375