3 0.30234375 0.5828125 0.1640625 0.05625
3 0.57265625 0.2125 0.08515625 0.14296875
3 0.61953125 0.453125 0.08125 0.1140625
3 0.3625 0.8015625 0.121875 0.08671875
0 0.33515625 0.15078125 0.10234375 0.08671875
3 0.1296875 0.5859375 0.13984375 0.11796875
0 0.1359375 0.06015625 0.10234375 0.1078125
2 0.940625 0.17578125 0.10234375 0.09296875
1 0.93046875 0.61796875 0.09375 0.09921875
1 0.56640625 0.7203125 0.096875 0.10546875
1 0.265625 0.853125 0.10234375 0.10546875
1 0.1421875 0.34609375 0.10390625 0.10546875
1 0.17109375 0.215625 0.096875 0.1015625
1 0.27109375 0.04140625 0.11875 0.0703125
1 0.709375 0.0625 0.10234375 0.109375
4 0.70078125 0.18359375 0.10234375 0.1015625
2 0.97734375 0.478125 0.0453125 0.1125
2 0.440625 0.7328125 0.1109375 0.11796875
2 0.26171875 0.50078125 0.09375 0.1078125
2 0.91796875 0.059375 0.0953125 0.109375
4 0.8625 0.5328125 0.0953125 0.11796875
2 0.7640625 0.503125 0.06875 0.0953125
2 0.71875 0.70390625 0.06875 0.08046875
2 0.89453125 0.7890625 0.109375 0.07890625
2 0.97421875 0.70390625 0.0421875 0.13046875
4 0.8890625 0.8890625 0.096875 0.0953125
1 0.3625 0.88203125 0.078125 0.09921875
3 0.09609375 0.9140625 0.0796875 0.0390625
2 0.47421875 0.42265625 0.08125 0.1203125
1 0.54765625 0.6046875 0.0953125 0.09921875
2 0.6359375 0.55078125 0.07421875 0.07421875
2 0.4890625 0.28046875 0.08125 0.1203125
2 0.4046875 0.5125 0.09375 0.10390625
2 0.06640625 0.43359375 0.0265625 0.10546875