3 0.86015625 0.62421875 0.1359375 0.121875
3 0.61015625 0.72890625 0.121875 0.109375
3 0.2609375 0.24296875 0.17109375 0.05
3 0.0796875 0.38828125 0.0546875 0.16953125
3 0.5359375 0.0671875 0.1375 0.08515625
3 0.128125 0.8890625 0.109375 0.0953125
0 0.359375 0.1015625 0.11484375 0.12421875
1 0.8359375 0.2328125 0.10390625 0.1140625
2 0.71796875 0.2546875 0.10234375 0.10390625
2 0.67421875 0.29921875 0.0953125 0.0828125
2 0.553125 0.303125 0.08984375 0.09921875
2 0.615625 0.17109375 0.06875 0.09921875
2 0.653125 0.04375 0.0921875 0.07890625
2 0.69296875 0.07421875 0.0921875 0.109375
2 0.91640625 0.06796875 0.05859375 0.09296875
2 0.93359375 0.02578125 0.02265625 0.0515625
1 0.77265625 0.37890625 0.10234375 0.11796875
2 0.6734375 0.3734375 0.0796875 0.10390625
1 0.528125 0.45 0.08671875 0.1078125
2 0.37421875 0.3609375 0.0921875 0.10546875
1 0.36328125 0.4765625 0.10234375 0.1140625
1 0.24375 0.5375 0.10234375 0.11796875
1 0.03984375 0.5625 0.0796875 0.109375
2 0.021875 0.3671875 0.03671875 0.1140625
2 0.0484375 0.1328125 0.08984375 0.1203125
2 0.0375 0.03515625 0.075 0.0578125
1 0.14453125 0.10078125 0.109375 0.14296875
2 0.21484375 0.17109375 0.08671875 0.08515625
2 0.14296875 0.21640625 0.109375 0.17578125
2 0.1671875 0.34609375 0.07578125 0.09296875
2 0.28359375 0.05390625 0.0671875 0.0953125
2 0.48671875 0.0828125 0.10234375 0.11171875
2 0.9296875 0.15390625 0.03203125 0.06640625
2 0.9265625 0.525 0.03671875 0.09921875
2 0.87734375 0.5328125 0.07265625 0.11796875
2 0.71015625 0.5125 0.10625 0.11171875
2 0.56640625 0.62421875 0.08671875 0.134375
2 0.4234375 0.60859375 0.109375 0.08515625
1 0.2984375 0.66953125 0.10234375 0.1015625
2 0.4875 0.1921875 0.06171875 0.115625
2 0.43046875 0.17265625 0.07578125 0.09921875
2 0.3984375 0.209375 0.0703125 0.11796875
2 0.0265625 0.790625 0.04609375 0.11796875
2 0.10703125 0.821875 0.10078125 0.0828125
2 0.1984375 0.8703125 0.09375 0.1203125
2 0.30390625 0.8734375 0.08828125 0.115625
2 0.4515625 0.71015625 0.10234375 0.1078125
2 0.49296875 0.82265625 0.0921875 0.0953125
2 0.3921875 0.859375 0.08125 0.13671875
2 0.471875 0.91328125 0.09375 0.04140625
1 0.73359375 0.79375 0.0796875 0.09921875
2 0.9140625 0.68125 0.06171875 0.11171875
1 0.909375 0.79921875 0.06875 0.109375
4 0.81484375 0.8015625 0.07421875 0.1140625
2 0.803125 0.9046875 0.09375 0.06796875
2 0.01484375 0.8984375 0.02265625 0.06640625
2 0.021875 0.2109375 0.0296875 0.0828125