3 0.81640625 0.4609375 0.10625 0.140625
3 0.98046875 0.14296875 0.0390625 0.128125
3 0.40625 0.18125 0.12734375 0.15703125
2 0.7921875 0.4453125 0.0515625 0.1203125
1 0.5859375 0.94375 0.08515625 0.09140625
2 0.2609375 0.31875 0.0953125 0.09140625
1 0.8578125 0.95625 0.0921875 0.08671875
2 0.8625 0.1890625 0.0953125 0.1140625
1 0.6234375 0.2515625 0.07421875 0.109375
2 0.51171875 0.21875 0.0796875 0.109375
2 0.6625 0.11484375 0.11875 0.08671875
2 0.45234375 0.10078125 0.08828125 0.06796875
2 0.3890625 0.34609375 0.08984375 0.1140625
2 0.2484375 0.9203125 0.0796875 0.1328125
2 0.34921875 0.90546875 0.0953125 0.09296875
2 0.12734375 0.95625 0.0921875 0.08515625
2 0.07421875 0.91484375 0.0390625 0.11171875
2 0.08046875 0.7921875 0.04921875 0.09921875
2 0.50390625 0.91796875 0.06328125 0.09296875
2 0.590625 0.83046875 0.10234375 0.109375
2 0.8671875 0.81875 0.07265625 0.09765625
4 0.94140625 0.89453125 0.0828125 0.10546875
2 0.8703125 0.7140625 0.10625 0.0953125
1 0.7609375 0.6953125 0.0953125 0.109375
2 0.83046875 0.63359375 0.08671875 0.115625
2 0.6734375 0.59140625 0.1234375 0.11171875
2 0.66953125 0.65078125 0.06015625 0.08671875
2 0.5984375 0.75078125 0.10234375 0.0765625
2 0.59296875 0.65859375 0.08125 0.1015625
2 0.60859375 0.534375 0.08984375 0.115625
2 0.7109375 0.3796875 0.0953125 0.09140625
2 0.3765625 0.66875 0.10625 0.115625
1 0.43359375 0.81875 0.08828125 0.1078125
2 0.25859375 0.77421875 0.0921875 0.11171875
2 0.175 0.853125 0.096875 0.08515625
2 0.1546875 0.79609375 0.08515625 0.1203125
0 0.11640625 0.57890625 0.06015625 0.1390625
2 0.96171875 0.79609375 0.0671875 0.1078125
2 0.48671875 0.7546875 0.096875 0.10390625
2 0.86328125 0.3546875 0.0796875 0.08671875
2 0.4453125 0.53203125 0.06328125 0.06796875
2 0.2703125 0.66328125 0.10078125 0.10390625
2 0.2 0.50234375 0.10234375 0.1203125
1 0.08125 0.446875 0.05625 0.1140625
4 0.08046875 0.2796875 0.05625 0.10546875
2 0.1375 0.19765625 0.078125 0.09296875
2 0.20234375 0.10625 0.10234375 0.0765625
2 0.0953125 0.1140625 0.08125 0.0953125
2 0.3453125 0.4359375 0.08671875 0.07421875
2 0.346875 0.56015625 0.1078125 0.10390625
2 0.46484375 0.66171875 0.07578125 0.1265625
2 0.34453125 0.73515625 0.08125 0.1078125
2 0.728125 0.50859375 0.11875 0.153125
2 0.9203125 0.57109375 0.09921875 0.115625
2 0.97421875 0.33671875 0.0515625 0.10390625