3 0.28125 0.46484375 0.1640625 0.08515625
3 0.06796875 0.77421875 0.11875 0.06015625
3 0.02109375 0.81953125 0.0421875 0.0625
3 0.328125 0.8875 0.04453125 0.09921875
0 0.89375 0.7125 0.10078125 0.0828125
0 0.3578125 0.26796875 0.134375 0.121875
2 0.44609375 0.57109375 0.1109375 0.128125
2 0.515625 0.76953125 0.0953125 0.09765625
2 0.5796875 0.84453125 0.10234375 0.146875
2 0.52421875 0.91171875 0.08828125 0.04765625
2 0.74140625 0.89609375 0.0921875 0.0828125
2 0.6734375 0.7796875 0.1078125 0.1203125
2 0.62890625 0.67578125 0.0671875 0.1265625
2 0.440625 0.79375 0.08515625 0.10390625
2 0.40390625 0.8890625 0.09921875 0.09921875
2 0.35 0.803125 0.0796875 0.09921875
2 0.278125 0.8890625 0.08671875 0.11171875
2 0.1734375 0.84296875 0.08515625 0.11171875
2 0.0265625 0.8828125 0.0515625 0.0703125
2 0.0984375 0.90234375 0.08828125 0.06796875
2 0.06171875 0.68671875 0.0921875 0.0953125
2 0.33828125 0.7015625 0.10390625 0.08515625
2 0.1546875 0.50078125 0.08671875 0.1140625
2 0.04140625 0.371875 0.08125 0.109375
2 0.15625 0.21953125 0.08671875 0.1140625
2 0.28828125 0.3828125 0.11328125 0.06796875
2 0.26484375 0.2984375 0.08828125 0.08515625
2 0.25234375 0.2109375 0.096875 0.09296875
2 0.209375 0.05390625 0.09375 0.10390625
2 0.53671875 0.10859375 0.10078125 0.11171875
2 0.60078125 0.17890625 0.078125 0.1078125
2 0.671875 0.121875 0.09375 0.1265625
2 0.75078125 0.0421875 0.109375 0.08046875
2 0.81171875 0.19765625 0.06875 0.09296875
2 0.76953125 0.6234375 0.08515625 0.11171875
2 0.85859375 0.57421875 0.09375 0.115625
2 0.68671875 0.484375 0.06171875 0.1265625
2 0.56328125 0.51640625 0.10078125 0.07890625
2 0.49296875 0.4546875 0.096875 0.09296875
2 0.44765625 0.371875 0.08984375 0.09765625
2 0.6265625 0.44375 0.08828125 0.1140625
2 0.67421875 0.34453125 0.109375 0.11796875
4 0.9125 0.33515625 0.06015625 0.11171875
2 0.9328125 0.49921875 0.0265625 0.08671875
2 0.9265625 0.625 0.0390625 0.0953125
2 0.015625 0.16328125 0.02265625 0.09140625
2 0.01875 0.2796875 0.03515625 0.0625