3 0.825 0.89609375 0.15390625 0.1015625
3 0.9609375 0.31640625 0.06875 0.09765625
3 0.43671875 0.64921875 0.146875 0.09921875
0 0.82265625 0.57265625 0.08515625 0.128125
0 0.22578125 0.73671875 0.12890625 0.1078125
0 0.31875 0.8375 0.08515625 0.18046875
0 0.596875 0.18125 0.12578125 0.08515625
1 0.490625 0.30234375 0.08984375 0.10546875
2 0.43671875 0.2109375 0.11328125 0.13671875
2 0.29765625 0.178125 0.10390625 0.1015625
2 0.23203125 0.2265625 0.08515625 0.109375
2 0.13515625 0.18671875 0.08984375 0.15078125
2 0.2203125 0.11484375 0.10625 0.09765625
2 0.5890625 0.41484375 0.08828125 0.08515625
2 0.4734375 0.4453125 0.10625 0.0890625
2 0.41640625 0.509375 0.08125 0.128125
2 0.28984375 0.51796875 0.0796875 0.11796875
2 0.17734375 0.55703125 0.08515625 0.1015625
2 0.73359375 0.6296875 0.08671875 0.109375
2 0.8578125 0.703125 0.07421875 0.1203125
2 0.7421875 0.7390625 0.096875 0.08515625
1 0.646875 0.7859375 0.08671875 0.11171875
2 0.62578125 0.884375 0.08125 0.1265625
2 0.521875 0.946875 0.10390625 0.0828125
2 0.50078125 0.809375 0.1078125 0.10390625
2 0.63671875 0.59921875 0.109375 0.09765625
2 0.6125 0.53828125 0.10390625 0.10390625
2 0.675 0.4203125 0.109375 0.0703125
2 0.7015625 0.3078125 0.096875 0.1078125
2 0.83203125 0.25078125 0.065625 0.2296875
2 0.9671875 0.19140625 0.065625 0.0703125
2 0.734375 0.2296875 0.08828125 0.0953125
2 0.3859375 0.121875 0.1109375 0.10390625
2 0.13125 0.33203125 0.10234375 0.1203125
2 0.1296875 0.45625 0.0703125 0.1328125
2 0.146875 0.70625 0.07578125 0.0953125
2 0.10703125 0.7484375 0.096875 0.09296875
2 0.15 0.84765625 0.109375 0.10546875
2 0.26640625 0.95859375 0.0671875 0.0703125
2 0.23515625 0.878125 0.0828125 0.1078125
2 0.35234375 0.92890625 0.0953125 0.0953125
2 0.3984375 0.83515625 0.12734375 0.0953125
2 0.37421875 0.7234375 0.13984375 0.1203125
2 0.26796875 0.6296875 0.06875 0.07421875
2 0.85625 0.484375 0.10234375 0.0578125
2 0.7703125 0.51953125 0.0703125 0.09296875
2 0.83203125 0.79921875 0.1109375 0.0890625
2 0.8046875 0.83671875 0.08984375 0.06796875
2 0.7359375 0.90390625 0.10234375 0.0765625
2 0.8015625 0.9671875 0.1234375 0.0625
2 0.97890625 0.95 0.0421875 0.0765625
2 0.97890625 0.65625 0.0421875 0.09296875
2 0.96484375 0.478125 0.0703125 0.09765625
2 0.878125 0.20078125 0.07578125 0.1015625
2 0.61328125 0.24140625 0.096875 0.08515625
2 0.58828125 0.08984375 0.10234375 0.04765625
2 0.5484375 0.725 0.10234375 0.09296875