0 0.0359375 0.65390625 0.0703125 0.13671875
0 0.35 0.52578125 0.0828125 0.128125
3 0.06875 0.2875 0.134375 0.1390625
3 0.18671875 0.59453125 0.08984375 0.1140625
3 0.371875 0.8859375 0.12734375 0.07265625
3 0.2546875 0.47109375 0.14453125 0.07890625
2 0.70234375 0.68203125 0.0921875 0.10390625
2 0.65703125 0.59765625 0.0921875 0.09765625
2 0.83359375 0.6234375 0.0921875 0.1015625
2 0.81484375 0.43515625 0.0953125 0.121875
2 0.7234375 0.375 0.096875 0.109375
2 0.8265625 0.2984375 0.10078125 0.115625
2 0.759375 0.19765625 0.10625 0.0890625
2 0.57578125 0.16953125 0.11875 0.10546875
2 0.55390625 0.0609375 0.11484375 0.08671875
2 0.45 0.09296875 0.10078125 0.1390625
2 0.45234375 0.05625 0.121875 0.11171875
2 0.38125 0.040625 0.10078125 0.06796875
2 0.27734375 0.03125 0.08125 0.04375
2 0.38125 0.16328125 0.08984375 0.10390625
4 0.4875 0.41640625 0.09921875 0.109375
2 0.43828125 0.5640625 0.11640625 0.1328125
2 0.51875 0.79921875 0.10234375 0.109375
2 0.49296875 0.89453125 0.121875 0.07421875
2 0.27109375 0.84375 0.0953125 0.09296875
2 0.1625 0.9078125 0.11484375 0.0578125
2 0.271875 0.628125 0.0703125 0.14296875
2 0.28671875 0.59921875 0.121875 0.08671875
4 0.1078125 0.52578125 0.1078125 0.11171875
2 0.30234375 0.4203125 0.10234375 0.07421875
2 0.18515625 0.4046875 0.134375 0.15546875
2 0.1125 0.353125 0.10234375 0.12421875
2 0.05 0.20078125 0.08671875 0.10546875
2 0.93125 0.8609375 0.025 0.10546875
2 0.93359375 0.61484375 0.0265625 0.0828125
2 0.0171875 0.83359375 0.034375 0.0765625