2 0.33984375 0.50546875 0.08984375 0.13046875
2 0.8328125 0.90078125 0.10078125 0.1203125
2 0.3734375 0.83671875 0.09375 0.1015625
2 0.26171875 0.7734375 0.11328125 0.128125
2 0.328125 0.67109375 0.0953125 0.121875
2 0.52890625 0.61875 0.10234375 0.11796875
2 0.5203125 0.9359375 0.10078125 0.1203125
2 0.62421875 0.890625 0.0921875 0.1203125
2 0.81171875 0.33515625 0.096875 0.121875
2 0.87734375 0.6875 0.0921875 0.1015625
2 0.10703125 0.58203125 0.08671875 0.12421875
0 0.67109375 0.9453125 0.11328125 0.1015625
0 0.05078125 0.9515625 0.0921875 0.096875
2 0.13515625 0.865625 0.0828125 0.11796875
2 0.825 0.14375 0.10234375 0.1078125
2 0.70078125 0.2875 0.134375 0.08046875
2 0.7109375 0.5484375 0.10390625 0.17578125
2 0.63046875 0.50546875 0.0921875 0.10390625
2 0.61875 0.6078125 0.10078125 0.10546875
2 0.8125 0.59296875 0.09921875 0.10390625
2 0.83125 0.475 0.096875 0.09921875
2 0.90390625 0.33828125 0.08671875 0.08671875
2 0.89375 0.225 0.10234375 0.0890625
2 0.16484375 0.690625 0.09375 0.1078125
2 0.0484375 0.49140625 0.08671875 0.1015625
2 0.04453125 0.675 0.08515625 0.09921875
2 0.02421875 0.60859375 0.04453125 0.09921875
2 0.040625 0.7921875 0.07421875 0.121875