3 0.478125 0.83515625 0.0671875 0.15546875
3 0.5890625 0.53828125 0.1328125 0.1390625
2 0.6140625 0.58203125 0.0921875 0.08671875
2 0.709375 0.70390625 0.065625 0.09140625
2 0.8203125 0.81484375 0.0921875 0.07890625
2 0.74921875 0.8921875 0.10234375 0.1140625
2 0.56171875 0.84453125 0.0828125 0.1078125
2 0.1484375 0.953125 0.096875 0.09296875
2 0.1890625 0.83828125 0.08828125 0.121875
2 0.0734375 0.77734375 0.08671875 0.10546875
2 0.15078125 0.696875 0.07265625 0.1203125
2 0.2984375 0.63359375 0.10234375 0.08671875
2 0.353125 0.89453125 0.096875 0.0828125
2 0.39296875 0.84609375 0.07578125 0.0625
2 0.425 0.940625 0.0828125 0.09765625
2 0.52734375 0.715625 0.10390625 0.06640625
2 0.4078125 0.75078125 0.10625 0.09140625
2 0.41484375 0.66484375 0.09375 0.0953125
2 0.46328125 0.6140625 0.12890625 0.115625
2 0.47734375 0.51875 0.10078125 0.1078125
2 0.4125 0.43046875 0.0921875 0.10390625
2 0.33828125 0.51796875 0.10078125 0.13671875
2 0.121875 0.43203125 0.07578125 0.109375
2 0.2171875 0.3796875 0.08515625 0.1203125
2 0.115625 0.315625 0.10234375 0.08046875
2 0.27109375 0.16328125 0.0921875 0.1015625
2 0.34296875 0.28984375 0.09921875 0.08515625
2 0.08984375 0.13359375 0.0796875 0.0953125
2 0.1015625 0.25234375 0.05625 0.08671875
2 0.43046875 0.16875 0.06015625 0.0953125
0 0.521875 0.228125 0.0953125 0.1203125
2 0.65546875 0.31875 0.10234375 0.115625
2 0.728125 0.51953125 0.096875 0.09296875
2 0.75234375 0.6203125 0.0953125 0.10390625
2 0.85703125 0.4625 0.096875 0.08671875
2 0.82890625 0.3546875 0.11328125 0.10546875
2 0.721875 0.40859375 0.0796875 0.0953125
2 0.771875 0.3015625 0.09375 0.0890625
2 0.79453125 0.16875 0.0921875 0.115625
2 0.909375 0.16328125 0.06875 0.1203125
2 0.6375 0.17734375 0.08515625 0.09921875
2 0.91640625 0.71640625 0.0515625 0.09296875
2 0.91484375 0.41796875 0.06328125 0.09296875
2 0.0265625 0.8859375 0.04609375 0.11171875
2 0.675 0.96875 0.10078125 0.05390625
2 0.56640625 0.971875 0.08671875 0.05