3 0.521875 0.16484375 0.0671875 0.15546875
3 0.4109375 0.46171875 0.1328125 0.1390625
2 0.3859375 0.41796875 0.0921875 0.08671875
2 0.290625 0.29609375 0.065625 0.09140625
2 0.1796875 0.18515625 0.0921875 0.07890625
2 0.25078125 0.1078125 0.10234375 0.1140625
2 0.43828125 0.15546875 0.0828125 0.1078125
2 0.8515625 0.046875 0.096875 0.09296875
2 0.8109375 0.16171875 0.08828125 0.121875
2 0.9265625 0.22265625 0.08671875 0.10546875
2 0.84921875 0.303125 0.07265625 0.1203125
2 0.7015625 0.36640625 0.10234375 0.08671875
2 0.646875 0.10546875 0.096875 0.0828125
2 0.60703125 0.15390625 0.07578125 0.0625
2 0.575 0.059375 0.0828125 0.09765625
2 0.47265625 0.284375 0.10390625 0.06640625
2 0.5921875 0.24921875 0.10625 0.09140625
2 0.58515625 0.33515625 0.09375 0.0953125
2 0.53671875 0.3859375 0.12890625 0.115625
2 0.52265625 0.48125 0.10078125 0.1078125
2 0.5875 0.56953125 0.0921875 0.10390625
2 0.66171875 0.48203125 0.10078125 0.13671875
2 0.878125 0.56796875 0.07578125 0.109375
2 0.7828125 0.6203125 0.08515625 0.1203125
2 0.884375 0.684375 0.10234375 0.08046875
2 0.72890625 0.83671875 0.0921875 0.1015625
2 0.65703125 0.71015625 0.09921875 0.08515625
2 0.91015625 0.86640625 0.0796875 0.0953125
2 0.8984375 0.74765625 0.05625 0.08671875
2 0.56953125 0.83125 0.06015625 0.0953125
0 0.478125 0.771875 0.0953125 0.1203125
2 0.34453125 0.68125 0.10234375 0.115625
2 0.271875 0.48046875 0.096875 0.09296875
2 0.24765625 0.3796875 0.0953125 0.10390625
2 0.14296875 0.5375 0.096875 0.08671875
2 0.17109375 0.6453125 0.11328125 0.10546875
2 0.278125 0.59140625 0.0796875 0.0953125
2 0.228125 0.6984375 0.09375 0.0890625
2 0.20546875 0.83125 0.0921875 0.115625
2 0.090625 0.83671875 0.06875 0.1203125
2 0.3625 0.82265625 0.08515625 0.09921875
2 0.08359375 0.28359375 0.0515625 0.09296875
2 0.08515625 0.58203125 0.06328125 0.09296875
2 0.9734375 0.1140625 0.04609375 0.11171875
2 0.325 0.03125 0.10078125 0.05390625
2 0.43359375 0.028125 0.08671875 0.05