3 0.24921875 0.8125 0.04765625 0.18046875
3 0.76875 0.16171875 0.096875 0.18203125
3 0.8578125 0.8546875 0.12578125 0.0890625
3 0.94140625 0.73671875 0.10625 0.13046875
3 0.22109375 0.35703125 0.1078125 0.140625
3 0.23046875 0.68203125 0.0390625 0.16953125
3 0.2046875 0.23671875 0.10234375 0.121875
2 0.4796875 0.74140625 0.10078125 0.1203125
2 0.565625 0.165625 0.08984375 0.10546875
2 0.115625 0.41015625 0.0921875 0.1140625
2 0.6484375 0.33984375 0.10234375 0.1140625
3 0.85625 0.6984375 0.0921875 0.14296875
2 0.36484375 0.7203125 0.0796875 0.1015625
2 0.31015625 0.50703125 0.10234375 0.1203125
2 0.22109375 0.453125 0.08125 0.10546875
0 0.2578125 0.61484375 0.08671875 0.13671875
0 0.54765625 0.334375 0.10390625 0.109375
2 0.25078125 0.1109375 0.065625 0.08046875
2 0.08046875 0.22890625 0.0515625 0.12421875
2 0.85078125 0.17890625 0.08125 0.08515625
2 0.81015625 0.30859375 0.1203125 0.10546875
2 0.7375 0.4109375 0.07421875 0.1203125
2 0.83125 0.42421875 0.10234375 0.08671875
2 0.3015625 0.3765625 0.07265625 0.12421875
2 0.62890625 0.840625 0.09921875 0.1015625
2 0.3046875 0.9015625 0.0921875 0.0703125
2 0.66484375 0.91328125 0.12734375 0.0453125
2 0.78359375 0.875 0.06875 0.08046875
2 0.709375 0.83984375 0.0671875 0.08515625
2 0.77265625 0.7765625 0.065625 0.08046875
2 0.6953125 0.74921875 0.06875 0.08046875
2 0.77578125 0.646875 0.10390625 0.146875
2 0.75078125 0.5515625 0.0953125 0.07890625
2 0.7015625 0.64296875 0.07265625 0.0953125
2 0.43125 0.034375 0.10078125 0.0640625
2 0.31328125 0.03671875 0.0953125 0.0734375
2 0.7515625 0.0546875 0.0828125 0.10546875
2 0.128125 0.17109375 0.0921875 0.10546875
2 0.096875 0.07734375 0.08125 0.0640625
2 0.19375 0.05078125 0.08671875 0.0890625
2 0.64140625 0.68828125 0.06875 0.09140625
2 0.9734375 0.87578125 0.053125 0.1015625
2 0.89765625 0.6046875 0.0671875 0.10390625
2 0.97421875 0.6375 0.0515625 0.09296875
2 0.91015625 0.47890625 0.10390625 0.1078125
2 0.921875 0.33203125 0.0796875 0.10546875
2 0.96875 0.39375 0.05625 0.1140625
2 0.83984375 0.05078125 0.08984375 0.09140625