3 0.8453125 0.6390625 0.06171875 0.19453125
3 0.94296875 0.51875 0.07421875 0.16171875
0 0.340625 0.3375 0.1078125 0.128125
0 0.31640625 0.2359375 0.096875 0.13671875
0 0.37890625 0.15078125 0.10234375 0.13046875
0 0.1125 0.73515625 0.04453125 0.14296875
2 0.16171875 0.4328125 0.08984375 0.1078125
2 0.4203125 0.61171875 0.1328125 0.159375
2 0.53515625 0.628125 0.0796875 0.1265625
2 0.453125 0.44375 0.08671875 0.1203125
2 0.30625 0.45859375 0.08671875 0.07890625
2 0.17734375 0.5890625 0.08515625 0.1078125
2 0.190625 0.77734375 0.0921875 0.10546875
2 0.16875 0.9140625 0.06171875 0.08671875
2 0.2625 0.86875 0.065625 0.09921875
2 0.3296875 0.775 0.08828125 0.0578125
2 0.25546875 0.68671875 0.0703125 0.115625
2 0.2703125 0.5578125 0.1203125 0.10390625
2 0.3328125 0.64296875 0.09375 0.1328125
2 0.61484375 0.546875 0.0703125 0.171875
2 0.4734375 0.90078125 0.0828125 0.1203125
2 0.58203125 0.9296875 0.10390625 0.09296875
2 0.60859375 0.83671875 0.0828125 0.0953125
2 0.71796875 0.859375 0.08671875 0.1140625
2 0.84296875 0.803125 0.0953125 0.115625
2 0.75 0.76015625 0.08984375 0.08671875
2 0.77421875 0.9265625 0.06875 0.09140625
2 0.66953125 0.96484375 0.109375 0.0703125
2 0.37578125 0.965625 0.10234375 0.06015625
2 0.08203125 0.48046875 0.04453125 0.12421875
2 0.9609375 0.728125 0.078125 0.08046875