3 0.71484375 0.721875 0.09921875 0.1265625
3 0.1140625 0.51875 0.134375 0.0703125
3 0.58125 0.60859375 0.12890625 0.0625
0 0.13671875 0.6625 0.11875 0.07265625
0 0.52421875 0.525 0.11484375 0.08671875
0 0.71171875 0.60546875 0.11640625 0.0953125
0 0.846875 0.78359375 0.1203125 0.0953125
0 0.58515625 0.89921875 0.109375 0.07265625
0 0.1578125 0.0609375 0.06171875 0.11796875
0 0.08828125 0.04375 0.07265625 0.07890625
2 0.884375 0.8703125 0.08671875 0.128125
2 0.75703125 0.8921875 0.08984375 0.08671875
1 0.70234375 0.81875 0.08671875 0.09921875
1 0.56953125 0.79921875 0.09375 0.10390625
2 0.853125 0.659375 0.1484375 0.153125
2 0.20390625 0.84609375 0.08671875 0.1015625
2 0.30625 0.79609375 0.08984375 0.10546875
4 0.3890625 0.7203125 0.12890625 0.1328125
2 0.31953125 0.65390625 0.10078125 0.08515625
2 0.284375 0.559375 0.0671875 0.08046875
1 0.04609375 0.72890625 0.0828125 0.09921875
2 0.059375 0.6234375 0.0828125 0.08515625
2 0.03671875 0.3828125 0.0671875 0.0640625
2 0.12109375 0.4296875 0.0828125 0.08515625
2 0.22734375 0.39609375 0.06875 0.09921875
2 0.28203125 0.3859375 0.07265625 0.0953125
2 0.64765625 0.4546875 0.08828125 0.109375
1 0.8984375 0.4296875 0.0921875 0.10390625
2 0.86328125 0.35 0.0921875 0.08671875
2 0.909375 0.28671875 0.0671875 0.1265625
2 0.5703125 0.26328125 0.09921875 0.1265625
2 0.5140625 0.34609375 0.08515625 0.09921875
4 0.39921875 0.32265625 0.0953125 0.10546875
2 0.3203125 0.2265625 0.0953125 0.121875
2 0.24765625 0.1375 0.07265625 0.0953125
1 0.42421875 0.14609375 0.08828125 0.1078125
1 0.68984375 0.153125 0.0953125 0.0953125
2 0.87578125 0.03203125 0.08984375 0.05625
2 0.14921875 0.32890625 0.0796875 0.09296875
2 0.05859375 0.28046875 0.0921875 0.09921875
1 0.04453125 0.16796875 0.06328125 0.09921875
2 0.29921875 0.046875 0.0796875 0.07890625
2 0.02109375 0.46484375 0.0390625 0.06796875