2 0.66015625 0.49453125 0.08984375 0.13046875
2 0.1671875 0.09921875 0.10078125 0.1203125
2 0.6265625 0.16328125 0.09375 0.1015625
2 0.73828125 0.2265625 0.11328125 0.128125
2 0.671875 0.32890625 0.0953125 0.121875
2 0.47109375 0.38125 0.10234375 0.11796875
2 0.4796875 0.0640625 0.10078125 0.1203125
2 0.37578125 0.109375 0.0921875 0.1203125
2 0.18828125 0.66484375 0.096875 0.121875
2 0.12265625 0.3125 0.0921875 0.1015625
2 0.89296875 0.41796875 0.08671875 0.12421875
0 0.32890625 0.0546875 0.11328125 0.1015625
0 0.94921875 0.0484375 0.0921875 0.096875
2 0.86484375 0.134375 0.0828125 0.11796875
2 0.175 0.85625 0.10234375 0.1078125
2 0.29921875 0.7125 0.134375 0.08046875
2 0.2890625 0.4515625 0.10390625 0.17578125
2 0.36953125 0.49453125 0.0921875 0.10390625
2 0.38125 0.3921875 0.10078125 0.10546875
2 0.1875 0.40703125 0.09921875 0.10390625
2 0.16875 0.525 0.096875 0.09921875
2 0.09609375 0.66171875 0.08671875 0.08671875
2 0.10625 0.775 0.10234375 0.0890625
2 0.83515625 0.309375 0.09375 0.1078125
2 0.9515625 0.50859375 0.08671875 0.1015625
2 0.95546875 0.325 0.08515625 0.09921875
2 0.97578125 0.39140625 0.04453125 0.09921875
2 0.959375 0.2078125 0.07421875 0.121875