3 0.71484375 0.278125 0.09921875 0.1265625
3 0.1140625 0.48125 0.134375 0.0703125
3 0.58125 0.39140625 0.12890625 0.0625
0 0.13671875 0.3375 0.11875 0.07265625
0 0.52421875 0.475 0.11484375 0.08671875
0 0.71171875 0.39453125 0.11640625 0.0953125
0 0.846875 0.21640625 0.1203125 0.0953125
0 0.58515625 0.10078125 0.109375 0.07265625
0 0.1578125 0.9390625 0.06171875 0.11796875
0 0.08828125 0.95625 0.07265625 0.07890625
2 0.884375 0.1296875 0.08671875 0.128125
2 0.75703125 0.1078125 0.08984375 0.08671875
1 0.70234375 0.18125 0.08671875 0.09921875
1 0.56953125 0.20078125 0.09375 0.10390625
2 0.853125 0.340625 0.1484375 0.153125
2 0.20390625 0.15390625 0.08671875 0.1015625
2 0.30625 0.20390625 0.08984375 0.10546875
4 0.3890625 0.2796875 0.12890625 0.1328125
2 0.31953125 0.34609375 0.10078125 0.08515625
2 0.284375 0.440625 0.0671875 0.08046875
1 0.04609375 0.27109375 0.0828125 0.09921875
2 0.059375 0.3765625 0.0828125 0.08515625
2 0.03671875 0.6171875 0.0671875 0.0640625
2 0.12109375 0.5703125 0.0828125 0.08515625
2 0.22734375 0.60390625 0.06875 0.09921875
2 0.28203125 0.6140625 0.07265625 0.0953125
2 0.64765625 0.5453125 0.08828125 0.109375
1 0.8984375 0.5703125 0.0921875 0.10390625
2 0.86328125 0.65 0.0921875 0.08671875
2 0.909375 0.71328125 0.0671875 0.1265625
2 0.5703125 0.73671875 0.09921875 0.1265625
2 0.5140625 0.65390625 0.08515625 0.09921875
4 0.39921875 0.67734375 0.0953125 0.10546875
2 0.3203125 0.7734375 0.0953125 0.121875
2 0.24765625 0.8625 0.07265625 0.0953125
1 0.42421875 0.85390625 0.08828125 0.1078125
1 0.68984375 0.846875 0.0953125 0.0953125
2 0.87578125 0.96796875 0.08984375 0.05625
2 0.14921875 0.67109375 0.0796875 0.09296875
2 0.05859375 0.71953125 0.0921875 0.09921875
1 0.04453125 0.83203125 0.06328125 0.09921875
2 0.29921875 0.953125 0.0796875 0.07890625
2 0.02109375 0.53515625 0.0390625 0.06796875