0 0.684375 0.33671875 0.12890625 0.07890625
0 0.778125 0.77421875 0.10234375 0.09921875
0 0.89140625 0.97421875 0.06875 0.04765625
0 0.1328125 0.66796875 0.134375 0.0625
3 0.971875 0.6140625 0.05625 0.11171875
1 0.4890625 0.4765625 0.0921875 0.10390625
2 0.62890625 0.10546875 0.11640625 0.07421875
2 0.77265625 0.3828125 0.08125 0.0953125
2 0.63359375 0.73984375 0.10078125 0.08671875
2 0.56328125 0.7328125 0.05625 0.13046875
2 0.54453125 0.853125 0.1078125 0.07421875
1 0.66484375 0.92890625 0.08984375 0.1203125
2 0.75859375 0.953125 0.0796875 0.08671875
2 0.8203125 0.89375 0.09375 0.09921875
2 0.7296875 0.85078125 0.065625 0.121875
2 0.628125 0.79296875 0.07265625 0.09765625
2 0.3234375 0.975 0.08671875 0.05
2 0.26640625 0.93203125 0.08125 0.07890625
2 0.1328125 0.96875 0.10078125 0.0625
2 0.10625 0.87265625 0.07421875 0.1015625
2 0.1953125 0.846875 0.078125 0.08515625
2 0.1140625 0.75234375 0.10078125 0.0953125
2 0.25625 0.7125 0.08671875 0.0828125
2 0.3578125 0.7265625 0.096875 0.0765625
2 0.25859375 0.62109375 0.121875 0.08515625
2 0.14765625 0.56953125 0.0796875 0.08671875
1 0.103125 0.46796875 0.078125 0.11796875
2 0.271875 0.52578125 0.0921875 0.07265625
2 0.2828125 0.440625 0.09375 0.06796875
2 0.0796875 0.26796875 0.04453125 0.08671875
2 0.3484375 0.33984375 0.10390625 0.0953125
2 0.296875 0.29375 0.065625 0.13671875
2 0.25703125 0.215625 0.08125 0.1015625
2 0.37265625 0.24609375 0.08984375 0.08671875
2 0.46640625 0.31640625 0.096875 0.09296875
2 0.97734375 0.671875 0.03203125 0.1203125
2 0.94140625 0.6125 0.10234375 0.121875
2 0.95546875 0.52109375 0.0828125 0.08671875
2 0.93515625 0.42109375 0.08984375 0.10390625
2 0.92421875 0.296875 0.10078125 0.11796875
2 0.84609375 0.21875 0.1078125 0.0953125
2 0.83515625 0.11171875 0.0953125 0.09765625
2 0.44765625 0.08984375 0.096875 0.04765625
2 0.36484375 0.1015625 0.09375 0.0625
2 0.271875 0.0890625 0.04765625 0.0375