2 0.4859375 0.2875 0.08515625 0.1078125
2 0.53359375 0.4875 0.10234375 0.1203125
2 0.47578125 0.60078125 0.08515625 0.09921875
2 0.37421875 0.5546875 0.07578125 0.1140625
2 0.68359375 0.31640625 0.10234375 0.109375
2 0.6984375 0.1984375 0.1328125 0.11796875
2 0.8828125 0.146875 0.0921875 0.08671875
2 0.8015625 0.0609375 0.096875 0.11171875
2 0.6296875 0.053125 0.1359375 0.10546875
1 0.16484375 0.28984375 0.10234375 0.08671875
2 0.14453125 0.3921875 0.08984375 0.0828125
2 0.25234375 0.38828125 0.078125 0.08671875
2 0.05859375 0.8640625 0.08984375 0.1390625
2 0.1625 0.85625 0.08125 0.13046875
2 0.26875 0.853125 0.08984375 0.09140625
2 0.33046875 0.796875 0.08515625 0.09296875
2 0.284375 0.70078125 0.1328125 0.07890625
2 0.38359375 0.72890625 0.10078125 0.1140625
2 0.4640625 0.83984375 0.06875 0.08671875
0 0.5921875 0.86640625 0.1359375 0.1078125
2 0.63984375 0.77734375 0.07421875 0.0890625
1 0.0390625 0.31328125 0.078125 0.10390625
1 0.03125 0.1125 0.06171875 0.1015625
2 0.48359375 0.190625 0.13046875 0.134375
2 0.5515625 0.271875 0.09375 0.146875
2 0.47265625 0.021875 0.10390625 0.04375
2 0.73671875 0.615625 0.07421875 0.1265625
2 0.63984375 0.66875 0.07265625 0.08515625
2 0.621875 0.5953125 0.07578125 0.0640625
2 0.8453125 0.50859375 0.07578125 0.10390625
2 0.90703125 0.5859375 0.06171875 0.128125
2 0.9234375 0.71328125 0.040625 0.1140625
2 0.9328125 0.8703125 0.03515625 0.09921875