3 0.1375 0.71015625 0.1765625 0.06640625
0 0.91640625 0.8890625 0.1203125 0.06796875
0 0.6703125 0.78671875 0.08984375 0.11796875
0 0.30234375 0.75546875 0.121875 0.06640625
0 0.30625 0.8671875 0.0703125 0.134375
0 0.95703125 0.4140625 0.0859375 0.075
0 0.72265625 0.07734375 0.10234375 0.0953125
1 0.2703125 0.2328125 0.08515625 0.109375
1 0.31796875 0.0953125 0.0828125 0.08046875
2 0.45 0.0578125 0.08671875 0.0953125
2 0.5703125 0.09296875 0.08125 0.09921875
2 0.89140625 0.025 0.10234375 0.0453125
2 0.9671875 0.03203125 0.065625 0.0640625
1 0.74609375 0.2421875 0.08828125 0.10546875
2 0.971875 0.32109375 0.05625 0.10546875
2 0.9 0.3640625 0.08515625 0.08671875
1 0.9109375 0.475 0.07421875 0.09765625
2 0.98203125 0.48359375 0.03515625 0.07421875
2 0.7421875 0.38125 0.1203125 0.134375
2 0.60078125 0.2484375 0.0921875 0.09765625
2 0.51328125 0.23203125 0.0796875 0.08515625
2 0.465625 0.309375 0.121875 0.0625
2 0.38984375 0.17734375 0.07421875 0.08046875
2 0.378125 0.24765625 0.08671875 0.0953125
2 0.13984375 0.046875 0.06328125 0.08671875
1 0.146875 0.175 0.08515625 0.10390625
2 0.0796875 0.225 0.053125 0.1140625
2 0.58671875 0.3578125 0.09375 0.08671875
2 0.65 0.4359375 0.11640625 0.13046875
2 0.79921875 0.68671875 0.0953125 0.134375
2 0.89140625 0.72890625 0.08828125 0.0953125
2 0.92578125 0.81640625 0.10078125 0.08046875
2 0.7203125 0.73828125 0.08828125 0.11796875
2 0.4390625 0.50625 0.08828125 0.134375
2 0.575 0.778125 0.0703125 0.121875
2 0.425 0.67578125 0.096875 0.1078125
2 0.2890625 0.5515625 0.08125 0.11796875
2 0.128125 0.5375 0.14140625 0.13046875
2 0.19296875 0.62734375 0.096875 0.08515625
2 0.06953125 0.775 0.03515625 0.10546875
2 0.19296875 0.79921875 0.1203125 0.08515625
2 0.13984375 0.8984375 0.08671875 0.0625