3 0.621875 0.7328125 0.06328125 0.2109375
3 0.38515625 0.70390625 0.13984375 0.146875
3 0.49140625 0.2140625 0.05859375 0.15546875
3 0.309375 0.6046875 0.12890625 0.08671875
3 0.95390625 0.6375 0.0921875 0.11171875
1 0.153125 0.50625 0.10390625 0.1203125
2 0.74765625 0.28125 0.10390625 0.13671875
2 0.93515625 0.3734375 0.0921875 0.1203125
2 0.70234375 0.71953125 0.0953125 0.11171875
4 0.92421875 0.10078125 0.0921875 0.134375
2 0.1015625 0.07734375 0.0796875 0.1140625
2 0.62578125 0.41171875 0.09921875 0.11796875
2 0.3375 0.44375 0.06875 0.1265625
2 0.46015625 0.53203125 0.0703125 0.14296875
2 0.61015625 0.58359375 0.109375 0.0890625
2 0.56328125 0.45859375 0.15390625 0.14921875
2 0.4125 0.2390625 0.078125 0.1265625
2 0.30546875 0.27109375 0.0921875 0.1203125
2 0.1765625 0.20703125 0.0671875 0.0890625
2 0.103125 0.2859375 0.08671875 0.0953125
2 0.19140625 0.0828125 0.07421875 0.08671875
2 0.08203125 0.65078125 0.0546875 0.115625
2 0.1875 0.7484375 0.08515625 0.09765625
2 0.159375 0.8109375 0.10234375 0.14921875
2 0.68671875 0.84453125 0.10234375 0.16171875
2 0.509375 0.715625 0.10078125 0.1140625
2 0.41328125 0.4359375 0.0671875 0.1015625
2 0.371875 0.309375 0.096875 0.09921875
2 0.3046875 0.034375 0.0828125 0.0640625
2 0.43984375 0.11171875 0.109375 0.115625
2 0.21875 0.26640625 0.08125 0.1140625
2 0.26484375 0.3546875 0.08671875 0.12421875
2 0.31328125 0.4015625 0.10234375 0.115625
2 0.85234375 0.4109375 0.07421875 0.09140625
2 0.2609375 0.73671875 0.0953125 0.1390625
2 0.3578125 0.784375 0.09921875 0.1203125
2 0.28671875 0.8703125 0.11640625 0.109375
2 0.090625 0.8109375 0.07265625 0.18828125
2 0.6 0.86328125 0.09375 0.109375
2 0.9671875 0.884375 0.065625 0.09140625
2 0.978125 0.7171875 0.03515625 0.10390625
2 0.96484375 0.50859375 0.0703125 0.15546875
2 0.43984375 0.0296875 0.10078125 0.0515625
2 0.103125 0.1453125 0.096875 0.140625