3 0.87890625 0.43671875 0.1515625 0.1390625
3 0.51328125 0.18828125 0.1765625 0.08515625
3 0.41875 0.38828125 0.146875 0.08671875
3 0.12421875 0.84609375 0.13046875 0.10546875
2 0.12109375 0.11171875 0.12890625 0.10390625
1 0.14765625 0.378125 0.0921875 0.1265625
2 0.72421875 0.9703125 0.1078125 0.05625
2 0.2 0.940625 0.1203125 0.1140625
1 0.24453125 0.58515625 0.08984375 0.1203125
1 0.053125 0.4484375 0.096875 0.134375
2 0.87890625 0.90390625 0.0921875 0.0953125
0 0.4140625 0.7125 0.11875 0.06796875
2 0.90703125 0.809375 0.06875 0.1265625
2 0.8359375 0.71875 0.07265625 0.0828125
2 0.821875 0.625 0.08671875 0.07421875
2 0.70078125 0.64609375 0.07265625 0.1203125
2 0.56171875 0.5625 0.096875 0.10546875
2 0.5671875 0.6921875 0.0953125 0.0953125
2 0.340625 0.5265625 0.08515625 0.10546875
2 0.12421875 0.59765625 0.07421875 0.1015625
2 0.04609375 0.628125 0.08125 0.115625
2 0.28203125 0.84296875 0.1234375 0.1203125
2 0.228125 0.7703125 0.12734375 0.08046875
2 0.33515625 0.184375 0.09375 0.11171875
2 0.346875 0.26328125 0.08828125 0.06015625
2 0.3453125 0.3375 0.10234375 0.10546875
2 0.68125 0.2046875 0.1078125 0.140625
2 0.75234375 0.10625 0.1109375 0.06015625
2 0.85703125 0.2484375 0.08671875 0.10546875
2 0.771875 0.528125 0.06875 0.0953125
2 0.69140625 0.52109375 0.07578125 0.1078125
2 0.521875 0.43984375 0.07421875 0.08671875
2 0.45703125 0.475 0.09375 0.08515625
3 0.63359375 0.453125 0.10234375 0.07421875
2 0.7078125 0.32734375 0.11484375 0.1203125
2 0.54140625 0.32421875 0.09375 0.10546875
2 0.64765625 0.3546875 0.08515625 0.1015625
2 0.81796875 0.3546875 0.08671875 0.109375
2 0.4859375 0.64296875 0.10234375 0.07890625
2 0.92421875 0.134375 0.03515625 0.10546875
2 0.921875 0.25234375 0.0390625 0.11171875