3 0.6390625 0.2953125 0.13984375 0.0953125
2 0.22734375 0.91328125 0.09921875 0.04375
3 0.66015625 0.628125 0.065625 0.13671875
0 0.10390625 0.86640625 0.10390625 0.0640625
3 0.0921875 0.8 0.0796875 0.0515625
2 0.15390625 0.72578125 0.109375 0.12421875
3 0.16953125 0.61796875 0.109375 0.16171875
2 0.075 0.68515625 0.0390625 0.121875
2 0.0859375 0.4671875 0.06328125 0.12421875
2 0.09453125 0.35078125 0.08515625 0.0890625
2 0.06953125 0.2609375 0.03515625 0.08046875
2 0.071875 0.16796875 0.03671875 0.09140625
2 0.18046875 0.2015625 0.07265625 0.09296875
2 0.25703125 0.3015625 0.1203125 0.1140625
2 0.19140625 0.0296875 0.09921875 0.0578125
2 0.28984375 0.0421875 0.0953125 0.084375
2 0.23671875 0.1140625 0.10390625 0.1015625
2 0.3859375 0.2125 0.10234375 0.121875
2 0.28203125 0.22890625 0.08125 0.11171875
2 0.528125 0.02265625 0.08984375 0.0453125
2 0.5984375 0.1890625 0.08125 0.109375
2 0.68671875 0.22578125 0.08828125 0.10390625
2 0.4890625 0.3703125 0.0921875 0.109375
2 0.384375 0.41796875 0.09921875 0.11171875
2 0.41640625 0.52109375 0.0953125 0.09140625
2 0.5140625 0.5578125 0.096875 0.1328125
2 0.58046875 0.60859375 0.11640625 0.146875
2 0.30703125 0.83828125 0.09375 0.11171875
2 0.3015625 0.65390625 0.0953125 0.1328125
2 0.353125 0.7359375 0.096875 0.146875
2 0.41328125 0.61796875 0.10390625 0.09140625
2 0.4734375 0.8875 0.07265625 0.09296875
2 0.38046875 0.6375 0.11328125 0.128125
2 0.52734375 0.80625 0.096875 0.13046875
2 0.52265625 0.68515625 0.078125 0.0828125
2 0.6953125 0.91953125 0.10234375 0.04375
2 0.96796875 0.83828125 0.06328125 0.11171875
2 0.921875 0.5375 0.1109375 0.1015625
2 0.7890625 0.5828125 0.1078125 0.09765625
2 0.62109375 0.47109375 0.08984375 0.09296875
2 0.72734375 0.4265625 0.1109375 0.115625
2 0.603125 0.371875 0.109375 0.09296875
2 0.6359375 0.0625 0.0953125 0.12421875
2 0.78671875 0.11875 0.1078125 0.115625
2 0.775 0.31875 0.096875 0.12421875
2 0.8984375 0.0859375 0.09921875 0.10546875
2 0.88125 0.29375 0.08984375 0.128125
2 0.9390625 0.36328125 0.121875 0.11171875
2 0.96328125 0.440625 0.0703125 0.09140625
2 0.86640625 0.01640625 0.07578125 0.0328125
2 0.9484375 0.0375 0.08671875 0.06640625
2 0.9484375 0.17578125 0.08984375 0.16328125