3 0.4 0.78359375 0.1203125 0.140625
3 0.43828125 0.278125 0.15390625 0.165625
3 0.1953125 0.18828125 0.1234375 0.09140625
3 0.03125 0.2109375 0.06171875 0.05390625
3 0.021875 0.1234375 0.03515625 0.0515625
3 0.3828125 0.6875 0.121875 0.07421875
0 0.921875 0.7171875 0.04765625 0.11171875
0 0.9109375 0.40234375 0.07421875 0.15546875
0 0.8109375 0.53125 0.10234375 0.0578125
3 0.03671875 0.55390625 0.07265625 0.115625
2 0.61015625 0.7734375 0.07265625 0.09296875
3 0.59921875 0.634375 0.1484375 0.1015625
2 0.5984375 0.5953125 0.096875 0.09296875
1 0.56640625 0.41015625 0.10625 0.1203125
1 0.07265625 0.31484375 0.0953125 0.109375
4 0.09921875 0.46796875 0.10234375 0.1203125
2 0.32890625 0.446875 0.10625 0.13671875
2 0.36015625 0.3640625 0.10234375 0.121875
2 0.41328125 0.42109375 0.10625 0.1203125
2 0.48515625 0.3078125 0.1328125 0.16171875
1 0.5890625 0.2765625 0.0921875 0.10390625
2 0.58984375 0.17109375 0.0703125 0.0765625
2 0.653125 0.14921875 0.11484375 0.0953125
2 0.64765625 0.0796875 0.11484375 0.0265625
2 0.41640625 0.16328125 0.10234375 0.09140625
2 0.3625 0.2390625 0.08515625 0.08515625
4 0.16484375 0.6875 0.09375 0.128125
2 0.12421875 0.6078125 0.10078125 0.11796875
2 0.04609375 0.7140625 0.08125 0.1078125
2 0.034375 0.83984375 0.06875 0.10546875
2 0.04609375 0.94375 0.0921875 0.09921875
1 0.26953125 0.96171875 0.08515625 0.06796875
2 0.359375 0.93203125 0.0921875 0.10546875
2 0.275 0.86875 0.09375 0.0953125
2 0.440625 0.953125 0.0953125 0.09296875
2 0.44375 0.84140625 0.11328125 0.10546875
2 0.60234375 0.96796875 0.10390625 0.0640625
2 0.6828125 0.9875 0.06875 0.025
2 0.7546875 0.91796875 0.08828125 0.09296875
2 0.85234375 0.9296875 0.0953125 0.109375
2 0.92734375 0.9453125 0.03515625 0.1015625
2 0.8171875 0.796875 0.0953125 0.09296875
2 0.9328125 0.84609375 0.025 0.06640625
2 0.81015625 0.69140625 0.10078125 0.0890625
2 0.69765625 0.7140625 0.09921875 0.11171875
2 0.728125 0.85703125 0.08671875 0.1015625
2 0.32421875 0.646875 0.0921875 0.10546875
2 0.25546875 0.58671875 0.09375 0.08671875
1 0.490625 0.653125 0.10234375 0.10390625
1 0.47109375 0.5578125 0.08125 0.08671875
2 0.73359375 0.5984375 0.15390625 0.134375
2 0.8859375 0.49453125 0.11875 0.1390625
2 0.83984375 0.41328125 0.07578125 0.0953125
2 0.7953125 0.284375 0.09375 0.115625
2 0.89921875 0.22890625 0.09921875 0.1140625
2 0.903125 0.11484375 0.08515625 0.09296875
2 0.8265625 0.1171875 0.09375 0.1015625
2 0.05859375 0.10625 0.10078125 0.0765625