3 0.60859375 0.0671875 0.14296875 0.134375
3 0.2015625 0.50234375 0.203125 0.12421875
3 0.50234375 0.48046875 0.06875 0.15546875
3 0.3734375 0.90078125 0.1765625 0.06640625
3 0.37109375 0.20078125 0.07265625 0.14921875
3 0.284375 0.22265625 0.11875 0.0578125
3 0.30546875 0.18515625 0.11484375 0.0625
3 0.88984375 0.42421875 0.08984375 0.15703125
3 0.871875 0.2265625 0.13984375 0.08671875
3 0.45 0.209375 0.08984375 0.1203125
3 0.50234375 0.1953125 0.08515625 0.1015625
3 0.08515625 0.2546875 0.13046875 0.0765625
3 0.21875 0.14765625 0.08828125 0.12421875
3 0.2390625 0.25234375 0.134375 0.0765625
2 0.4390625 0.1171875 0.0921875 0.08671875
1 0.52265625 0.26640625 0.08984375 0.1015625
1 0.46875 0.37578125 0.08515625 0.09921875
1 0.10078125 0.48671875 0.08515625 0.10546875
2 0.146875 0.703125 0.07578125 0.1015625
2 0.2625 0.66328125 0.10390625 0.0890625
2 0.2296875 0.7859375 0.096875 0.1265625
2 0.54296875 0.7703125 0.10078125 0.121875
2 0.62109375 0.66015625 0.159375 0.128125
2 0.8 0.64609375 0.11640625 0.09140625
1 0.74609375 0.3875 0.07578125 0.10546875
2 0.41875 0.503125 0.07421875 0.121875
2 0.80390625 0.0625 0.10234375 0.11796875
2 0.83359375 0.12109375 0.06171875 0.0828125
2 0.90546875 0.0625 0.04765625 0.109375
2 0.76796875 0.2890625 0.07421875 0.09296875
2 0.83203125 0.42265625 0.0515625 0.09921875
2 0.88125 0.5953125 0.09375 0.0953125
4 0.9171875 0.696875 0.06328125 0.1078125
2 0.853125 0.778125 0.1203125 0.115625
2 0.70390625 0.8125 0.0921875 0.1453125
2 0.6171875 0.80234375 0.09921875 0.12421875
2 0.5296875 0.8859375 0.10625 0.0640625
2 0.803125 0.878125 0.10078125 0.08671875
2 0.76875 0.75859375 0.10078125 0.0953125
2 0.52109375 0.3703125 0.1109375 0.0515625
2 0.28671875 0.34375 0.11640625 0.09765625
2 0.3109375 0.42578125 0.09921875 0.0828125
2 0.31796875 0.51875 0.0796875 0.09140625
2 0.31015625 0.5953125 0.0828125 0.08046875
2 0.0703125 0.56015625 0.07421875 0.0703125
3 0.21328125 0.55703125 0.10078125 0.0890625
3 0.04296875 0.6765625 0.0859375 0.06875
2 0.09609375 0.82734375 0.08671875 0.11171875
4 0.1875 0.8796875 0.0921875 0.08671875