0 0.48828125 0.18671875 0.146875 0.06640625
3 0.27578125 0.10859375 0.1359375 0.09921875
3 0.1765625 0.73515625 0.1484375 0.09921875
3 0.13046875 0.51875 0.1765625 0.08671875
3 0.48046875 0.98125 0.159375 0.0328125
1 0.16015625 0.634375 0.0921875 0.08515625
2 0.0609375 0.671875 0.07421875 0.09921875
1 0.12578125 0.94296875 0.0921875 0.1015625
1 0.21015625 0.87890625 0.08828125 0.10546875
1 0.25078125 0.778125 0.08671875 0.09296875
4 0.315625 0.8609375 0.08828125 0.10546875
2 0.378125 0.946875 0.10078125 0.1015625
2 0.44140625 0.92265625 0.08671875 0.08515625
2 0.61015625 0.9109375 0.0828125 0.08046875
2 0.6828125 0.97734375 0.08515625 0.0375
2 0.77109375 0.9171875 0.08125 0.06796875
2 0.603125 0.86015625 0.0703125 0.0765625
2 0.509375 0.80625 0.0828125 0.09765625
2 0.4046875 0.76015625 0.09375 0.09921875
2 0.46328125 0.675 0.08984375 0.09296875
2 0.55625 0.7125 0.0828125 0.10546875
1 0.66171875 0.7546875 0.09375 0.13046875
2 0.76796875 0.7703125 0.0921875 0.134375
2 0.85546875 0.7640625 0.08515625 0.09140625
2 0.90546875 0.690625 0.08984375 0.09765625
2 0.84375 0.56796875 0.10078125 0.09921875
2 0.728125 0.6390625 0.08828125 0.08046875
2 0.7859375 0.53203125 0.08125 0.128125
2 0.78359375 0.4625 0.08984375 0.09140625
2 0.85 0.4453125 0.08515625 0.11171875
1 0.87421875 0.34609375 0.0921875 0.11171875
2 0.87265625 0.0953125 0.10078125 0.06015625
1 0.71484375 0.25078125 0.0921875 0.109375
2 0.6390625 0.3921875 0.07421875 0.11171875
2 0.42578125 0.5578125 0.11875 0.128125
2 0.35390625 0.48125 0.08125 0.10546875
1 0.4453125 0.43359375 0.08984375 0.0953125
1 0.35859375 0.3703125 0.0953125 0.0953125
2 0.42734375 0.31328125 0.08125 0.09921875
2 0.49296875 0.30234375 0.0828125 0.10390625
2 0.53984375 0.1140625 0.096875 0.1015625
2 0.62890625 0.11171875 0.08984375 0.09296875
2 0.728125 0.08515625 0.0921875 0.0375
2 0.23125 0.37265625 0.0703125 0.09921875
4 0.103125 0.43515625 0.11484375 0.09296875
2 0.17734375 0.39921875 0.06328125 0.1015625
2 0.15390625 0.34609375 0.08125 0.09921875
2 0.1328125 0.32109375 0.11328125 0.1015625
2 0.234375 0.26796875 0.08671875 0.121875
2 0.14140625 0.2125 0.11328125 0.115625
2 0.19765625 0.1328125 0.08984375 0.1203125