3 0.5296875 0.609375 0.1328125 0.07421875
3 0.703125 0.8640625 0.10078125 0.08515625
3 0.0703125 0.7328125 0.04453125 0.06796875
2 0.58359375 0.36953125 0.11484375 0.14921875
1 0.678125 0.27109375 0.07421875 0.09765625
1 0.3734375 0.2 0.096875 0.10390625
2 0.41875 0.47421875 0.0828125 0.1078125
1 0.14921875 0.4328125 0.0921875 0.1078125
1 0.7828125 0.8765625 0.08125 0.109375
2 0.740625 0.2140625 0.08984375 0.115625
4 0.45390625 0.07578125 0.0953125 0.10390625
2 0.2078125 0.26640625 0.0953125 0.1015625
2 0.19296875 0.04140625 0.10390625 0.0703125
4 0.353125 0.08515625 0.08671875 0.0953125
1 0.53515625 0.9140625 0.09375 0.04375
2 0.4859375 0.821875 0.07265625 0.11796875
2 0.5359375 0.81484375 0.0515625 0.0890625
4 0.6234375 0.8015625 0.0828125 0.1203125
2 0.7703125 0.75390625 0.07421875 0.08671875
2 0.90546875 0.91484375 0.08125 0.05
2 0.9640625 0.7984375 0.06171875 0.14296875
2 0.94296875 0.721875 0.06875 0.08671875
2 0.8328125 0.671875 0.07421875 0.10546875
4 0.8984375 0.58046875 0.10078125 0.11171875
2 0.8 0.55078125 0.10234375 0.1203125
2 0.22578125 0.89609375 0.08828125 0.0828125
2 0.2375 0.84140625 0.0953125 0.0890625
2 0.175 0.87890625 0.0796875 0.0828125
2 0.06640625 0.84375 0.03359375 0.12421875
2 0.159375 0.7328125 0.08828125 0.10546875
2 0.1390625 0.80234375 0.07578125 0.09765625
2 0.11484375 0.7015625 0.07578125 0.08515625
4 0.08828125 0.49765625 0.07421875 0.1203125
4 0.228125 0.48359375 0.078125 0.14296875
2 0.28359375 0.4703125 0.0671875 0.1078125
2 0.64375 0.12421875 0.09921875 0.11171875
2 0.75234375 0.1046875 0.08828125 0.0953125
2 0.8375 0.05625 0.08828125 0.08515625
2 0.9703125 0.31328125 0.04921875 0.08515625
4 0.93828125 0.45 0.10625 0.1390625
2 0.846875 0.4671875 0.08828125 0.10546875
2 0.88359375 0.76796875 0.06328125 0.15703125
2 0.978125 0.59296875 0.03515625 0.11171875
2 0.88515625 0.1296875 0.06328125 0.115625
2 0.97578125 0.0828125 0.0390625 0.134375
2 0.9484375 0.05 0.0953125 0.08046875
2 0.54921875 0.05703125 0.08125 0.09296875
4 0.28125 0.290625 0.10234375 0.12421875
2 0.0890625 0.26015625 0.06875 0.1140625
2 0.11640625 0.134375 0.08671875 0.1015625
2 0.284375 0.74453125 0.08828125 0.1203125
2 0.29453125 0.690625 0.11484375 0.0953125
2 0.3015625 0.621875 0.121875 0.0640625