3 0.78671875 0.72578125 0.1765625 0.13046875
0 0.56640625 0.76328125 0.0546875 0.15703125
0 0.7015625 0.72578125 0.09375 0.09921875
3 0.465625 0.7359375 0.11484375 0.1203125
2 0.4234375 0.76328125 0.0828125 0.08515625
2 0.36875 0.715625 0.06328125 0.11796875
2 0.39921875 0.63671875 0.1109375 0.0703125
2 0.40390625 0.89921875 0.10078125 0.10390625
2 0.4640625 0.8734375 0.078125 0.0953125
2 0.4921875 0.82109375 0.09375 0.08671875
2 0.56953125 0.9203125 0.09375 0.1140625
2 0.63515625 0.90703125 0.08671875 0.0953125
2 0.734375 0.93984375 0.10390625 0.115625
1 0.703125 0.80625 0.09375 0.11796875
2 0.634375 0.778125 0.0546875 0.121875
2 0.6 0.83828125 0.0796875 0.08046875
2 0.446875 0.97421875 0.08984375 0.04765625
2 0.3609375 0.975 0.07421875 0.04140625
2 0.30234375 0.9421875 0.0953125 0.11171875
2 0.25390625 0.86015625 0.1328125 0.0953125
1 0.2796875 0.7671875 0.0796875 0.10546875
2 0.18671875 0.696875 0.0796875 0.0953125
2 0.10234375 0.61484375 0.06171875 0.1015625
2 0.1984375 0.62421875 0.10390625 0.0953125
2 0.2078125 0.5375 0.08125 0.09296875
1 0.09609375 0.48828125 0.0796875 0.09296875
1 0.36328125 0.40859375 0.109375 0.10390625
2 0.45 0.5546875 0.07578125 0.10546875
2 0.41875 0.51796875 0.07421875 0.1015625
2 0.53515625 0.52890625 0.0796875 0.06640625
1 0.64921875 0.57734375 0.0953125 0.09765625
1 0.9140625 0.8125 0.078125 0.09296875
2 0.8859375 0.98046875 0.10234375 0.0390625
2 0.88046875 0.70625 0.1078125 0.10390625
2 0.89453125 0.6421875 0.07421875 0.11171875
2 0.55234375 0.4609375 0.07265625 0.09765625
2 0.51328125 0.4234375 0.04453125 0.07890625
1 0.49296875 0.42265625 0.08125 0.08671875
1 0.28828125 0.21328125 0.08671875 0.1140625
2 0.20703125 0.1984375 0.06015625 0.0828125
2 0.13515625 0.18046875 0.08984375 0.09765625
2 0.4375 0.26171875 0.10234375 0.17578125
2 0.50703125 0.32109375 0.08125 0.10390625
2 0.5828125 0.32265625 0.096875 0.09921875
2 0.5453125 0.23671875 0.1203125 0.08671875
2 0.6515625 0.22265625 0.08984375 0.09765625
2 0.41171875 0.11171875 0.08671875 0.0828125
2 0.50625 0.12421875 0.07265625 0.115625
2 0.603125 0.11484375 0.08671875 0.08671875
2 0.64375 0.1078125 0.0953125 0.07890625
2 0.76875 0.09296875 0.10078125 0.05
2 0.96640625 0.17734375 0.06015625 0.11171875
2 0.953125 0.11796875 0.0796875 0.08671875
2 0.97109375 0.3953125 0.0546875 0.1078125
2 0.98046875 0.43203125 0.0390625 0.09765625
2 0.95 0.52578125 0.1 0.0828125
2 0.9859375 0.58359375 0.028125 0.0515625
2 0.98359375 0.25703125 0.0265625 0.06015625
2 0.06796875 0.0953125 0.0296875 0.05625
2 0.06640625 0.72578125 0.02109375 0.0953125