3 0.72109375 0.61796875 0.14140625 0.14296875
3 0.14921875 0.83671875 0.14140625 0.0828125
3 0.22265625 0.05703125 0.09921875 0.10546875
3 0.75703125 0.30234375 0.134375 0.0703125
3 0.14765625 0.05078125 0.08515625 0.09765625
3 0.0703125 0.03125 0.1328125 0.0625
3 0.096875 0.35703125 0.07421875 0.13671875
2 0.64765625 0.0703125 0.10390625 0.109375
2 0.26953125 0.30546875 0.1109375 0.1265625
4 0.26484375 0.15625 0.109375 0.09296875
2 0.3125 0.07734375 0.08125 0.08671875
2 0.109375 0.15859375 0.08125 0.0890625
2 0.15703125 0.228125 0.134375 0.115625
2 0.17578125 0.43359375 0.121875 0.1015625
2 0.19765625 0.56796875 0.078125 0.13671875
2 0.0515625 0.5453125 0.09921875 0.11171875
2 0.0765625 0.46171875 0.08671875 0.0640625
2 0.4921875 0.48125 0.096875 0.121875
2 0.39375 0.39765625 0.0953125 0.0953125
2 0.4890625 0.35390625 0.08125 0.11171875
2 0.59609375 0.31796875 0.08671875 0.09921875
2 0.5328125 0.22890625 0.11484375 0.1140625
2 0.63671875 0.2 0.096875 0.121875
0 0.77578125 0.1359375 0.0921875 0.115625
2 0.67578125 0.7765625 0.09921875 0.115625
2 0.5703125 0.778125 0.08125 0.10390625
2 0.46796875 0.8625 0.11328125 0.1265625
2 0.4203125 0.76328125 0.1328125 0.08046875
3 0.3609375 0.82421875 0.1234375 0.07421875
2 0.684375 0.884375 0.10234375 0.08515625
2 0.8390625 0.89921875 0.1109375 0.07265625
2 0.25703125 0.88125 0.10390625 0.09765625
2 0.24375 0.7890625 0.1109375 0.0828125
2 0.86484375 0.79375 0.07421875 0.11171875
2 0.91484375 0.72578125 0.053125 0.08515625
2 0.925 0.4515625 0.0296875 0.1015625
2 0.90078125 0.36953125 0.07265625 0.09296875
2 0.828125 0.359375 0.078125 0.0890625
2 0.87421875 0.19453125 0.10390625 0.08671875
2 0.89921875 0.2796875 0.08125 0.09296875
2 0.8125 0.25078125 0.08515625 0.08046875
2 0.9 0.12109375 0.0828125 0.16796875