0 0.103125 0.684375 0.096875 0.09140625
3 0.24375 0.75234375 0.09921875 0.115625
3 0.6578125 0.790625 0.13984375 0.07421875
3 0.484375 0.4328125 0.11875 0.08046875
2 0.38515625 0.81796875 0.12734375 0.1265625
2 0.21796875 0.85078125 0.096875 0.0953125
2 0.07421875 0.7828125 0.04765625 0.115625
2 0.684375 0.8765625 0.10078125 0.10546875
2 0.61953125 0.93203125 0.0921875 0.09296875
2 0.70234375 0.97421875 0.08828125 0.04375
2 0.92578125 0.8375 0.09921875 0.109375
2 0.83359375 0.74609375 0.121875 0.1140625
2 0.9671875 0.6984375 0.0546875 0.13671875
2 0.92734375 0.62421875 0.0921875 0.1078125
2 0.9484375 0.47890625 0.096875 0.1078125
2 0.91015625 0.38828125 0.10078125 0.09921875
2 0.74140625 0.4171875 0.121875 0.13046875
2 0.5546875 0.75078125 0.10078125 0.1265625
2 0.7234375 0.70703125 0.096875 0.109375
2 0.45078125 0.71953125 0.10234375 0.0953125
2 0.396875 0.60234375 0.09375 0.1078125
2 0.5015625 0.5921875 0.08671875 0.09765625
2 0.228125 0.65390625 0.10234375 0.10546875
2 0.29921875 0.4484375 0.09921875 0.08515625
2 0.2046875 0.4875 0.10078125 0.1390625
2 0.259375 0.37890625 0.10078125 0.10546875
2 0.33046875 0.2796875 0.0828125 0.10546875
2 0.16484375 0.15234375 0.10078125 0.11796875
2 0.10625 0.12109375 0.1078125 0.1140625
2 0.2796875 0.1390625 0.09375 0.09296875
2 0.66953125 0.140625 0.10078125 0.1015625
2 0.5359375 0.34453125 0.11484375 0.121875