3 0.90546875 0.0515625 0.0921875 0.08671875
3 0.9125 0.15546875 0.08125 0.07265625
3 0.73359375 0.36640625 0.07421875 0.11171875
3 0.66640625 0.559375 0.08125 0.1015625
3 0.06640625 0.5921875 0.121875 0.06640625
3 0.6359375 0.1234375 0.08125 0.1015625
0 0.52265625 0.88125 0.06015625 0.1015625
0 0.01875 0.8859375 0.03671875 0.08671875
0 0.58125 0.84375 0.1078125 0.1140625
0 0.8890625 0.67578125 0.07578125 0.12421875
2 0.7890625 0.04375 0.0921875 0.08046875
2 0.72890625 0.0359375 0.07421875 0.06015625
2 0.20859375 0.05078125 0.09375 0.1015625
4 0.30703125 0.215625 0.08828125 0.1140625
2 0.4 0.203125 0.07578125 0.09296875
2 0.55625 0.25703125 0.07578125 0.1203125
2 0.6984375 0.15859375 0.09921875 0.1140625
2 0.85859375 0.18359375 0.0796875 0.09296875
2 0.6078125 0.34765625 0.08828125 0.109375
2 0.5625 0.41015625 0.08828125 0.09296875
2 0.4578125 0.440625 0.0921875 0.0890625
2 0.23125 0.45625 0.08984375 0.1140625
2 0.12109375 0.50546875 0.0953125 0.09921875
2 0.04453125 0.36640625 0.08828125 0.134375
2 0.0203125 0.06484375 0.03359375 0.115625
4 0.53671875 0.5671875 0.10234375 0.1203125
2 0.5953125 0.68828125 0.0921875 0.11171875
2 0.71328125 0.7390625 0.065625 0.08671875
4 0.803125 0.81875 0.1234375 0.0953125
2 0.7453125 0.8765625 0.0953125 0.09765625
2 0.66171875 0.8546875 0.07421875 0.1015625
2 0.53359375 0.77734375 0.10234375 0.09296875
2 0.2359375 0.7296875 0.11484375 0.15078125
2 0.1515625 0.646875 0.09375 0.1265625
2 0.13125 0.73203125 0.1203125 0.08046875
2 0.91953125 0.4640625 0.04921875 0.1265625
2 0.17578125 0.8375 0.10234375 0.1015625
2 0.04921875 0.8046875 0.08515625 0.12421875
2 0.12734375 0.91953125 0.0953125 0.025