3 0.565625 0.503125 0.16640625 0.115625
3 0.88125 0.5921875 0.12734375 0.07421875
3 0.03828125 0.8578125 0.0703125 0.0765625
3 0.6390625 0.58046875 0.15703125 0.0640625
0 0.1703125 0.22265625 0.05859375 0.18046875
3 0.83828125 0.24609375 0.1328125 0.07890625
3 0.7390625 0.32890625 0.08828125 0.10390625
0 0.44140625 0.6234375 0.0703125 0.13671875
0 0.41640625 0.7734375 0.10234375 0.05390625
0 0.275 0.228125 0.053125 0.13046875
1 0.23125 0.90546875 0.09375 0.09296875
1 0.1421875 0.865625 0.0921875 0.09296875
1 0.73359375 0.80859375 0.096875 0.1140625
1 0.84921875 0.14765625 0.08515625 0.1140625
3 0.15546875 0.38125 0.11484375 0.07421875
3 0.18828125 0.16796875 0.15703125 0.0828125
2 0.2640625 0.671875 0.06875 0.09296875
2 0.1828125 0.48515625 0.11875 0.1078125
1 0.28828125 0.503125 0.08671875 0.08046875
2 0.52890625 0.8859375 0.08515625 0.09921875
2 0.4265625 0.86328125 0.109375 0.109375
1 0.7546875 0.96875 0.09921875 0.0625
2 0.1328125 0.97421875 0.08828125 0.0453125
4 0.0421875 0.74765625 0.08125 0.1203125
2 0.0140625 0.6265625 0.025 0.11171875
1 0.0515625 0.49140625 0.07421875 0.10546875
2 0.06015625 0.296875 0.05625 0.140625
2 0.065625 0.3734375 0.109375 0.11171875
2 0.35546875 0.2390625 0.09375 0.09140625
2 0.38984375 0.4234375 0.11640625 0.13671875
2 0.57421875 0.68125 0.065625 0.1078125
3 0.4 0.56640625 0.10234375 0.09765625
0 0.703125 0.39921875 0.08671875 0.10390625
2 0.528125 0.26640625 0.06328125 0.1328125
0 0.9015625 0.78359375 0.08984375 0.128125
2 0.8421875 0.9265625 0.1359375 0.0640625
2 0.853125 0.353125 0.11328125 0.1015625
3 0.90703125 0.47109375 0.08125 0.08671875
2 0.6625 0.26015625 0.0546875 0.1140625
2 0.4921875 0.35 0.09375 0.10546875
2 0.425 0.1984375 0.10234375 0.06640625
2 0.046875 0.15234375 0.08984375 0.12421875
2 0.73671875 0.0859375 0.10078125 0.03515625
2 0.25703125 0.08515625 0.08828125 0.0328125
2 0.48515625 0.10078125 0.10234375 0.0765625
2 0.603125 0.31171875 0.07578125 0.11171875
2 0.615625 0.4203125 0.09921875 0.128125
2 0.50859375 0.64375 0.08515625 0.10390625
2 0.81640625 0.66171875 0.08984375 0.1203125
2 0.83046875 0.7859375 0.06328125 0.09921875
2 0.74609375 0.24296875 0.0828125 0.06796875
2 0.5453125 0.2046875 0.08671875 0.0890625