0 0.5328125 0.71015625 0.1484375 0.06640625
0 0.47265625 0.2953125 0.1328125 0.07890625
0 0.05234375 0.31953125 0.10390625 0.0515625
4 0.053125 0.153125 0.10625 0.128125
0 0.22421875 0.2890625 0.12578125 0.07890625
0 0.4328125 0.9015625 0.13046875 0.06640625
2 0.5609375 0.021875 0.10390625 0.04375
2 0.7 0.0265625 0.1234375 0.05
2 0.8984375 0.08984375 0.09921875 0.11796875
2 0.8125 0.10234375 0.08671875 0.134375
2 0.72890625 0.09296875 0.10625 0.09140625
2 0.79296875 0.18671875 0.12890625 0.11171875
2 0.703125 0.1984375 0.13984375 0.13046875
2 0.61015625 0.27109375 0.1234375 0.115625
1 0.515625 0.17578125 0.0953125 0.10390625
2 0.809375 0.2984375 0.0921875 0.10546875
2 0.896875 0.28125 0.078125 0.11171875
2 0.80625 0.4421875 0.109375 0.16328125
2 0.91640625 0.3828125 0.06328125 0.10390625
2 0.88359375 0.5 0.0921875 0.128125
2 0.87890625 0.803125 0.1109375 0.09140625
2 0.89453125 0.90234375 0.09375 0.06796875
3 0.93125 0.6265625 0.03359375 0.09296875
1 0.64609375 0.6296875 0.109375 0.109375
2 0.5953125 0.47109375 0.0953125 0.10390625
2 0.56015625 0.3609375 0.10234375 0.115625
2 0.6265625 0.76640625 0.08671875 0.1015625
2 0.56328125 0.790625 0.08984375 0.1078125
2 0.4609375 0.76640625 0.078125 0.1203125
2 0.540625 0.8796875 0.1484375 0.08515625
2 0.1875 0.90859375 0.1515625 0.06015625
2 0.1484375 0.83515625 0.12578125 0.1328125
2 0.30234375 0.6375 0.0921875 0.11171875
2 0.03515625 0.715625 0.0703125 0.140625
2 0.0765625 0.63046875 0.10390625 0.11171875
2 0.2171875 0.53828125 0.1078125 0.0890625
2 0.10703125 0.553125 0.08828125 0.0953125
2 0.0296875 0.50859375 0.059375 0.1140625
2 0.03203125 0.39375 0.06328125 0.09296875
2 0.12734375 0.3765625 0.0796875 0.121875
2 0.18828125 0.375 0.08984375 0.1328125
2 0.2796875 0.4109375 0.0828125 0.0953125
1 0.37578125 0.39453125 0.10078125 0.09765625
2 0.3359375 0.28671875 0.10078125 0.1265625
2 0.3015625 0.0734375 0.096875 0.1203125
2 0.26875 0.1984375 0.09921875 0.0953125
2 0.16640625 0.17578125 0.1109375 0.1140625
2 0.20078125 0.0640625 0.09375 0.0953125
2 0.0390625 0.04375 0.078125 0.0828125
2 0.12890625 0.021875 0.08125 0.04375
2 0.3453125 0.890625 0.06875 0.05390625