0 0.65546875 0.11484375 0.17109375 0.09921875
3 0.4703125 0.35234375 0.178125 0.06796875
0 0.28984375 0.7703125 0.0953125 0.06015625
3 0.12265625 0.6015625 0.10625 0.12421875
2 0.196875 0.02734375 0.0875 0.0546875
2 0.26484375 0.0828125 0.096875 0.11171875
2 0.29921875 0.01953125 0.08984375 0.0390625
2 0.52734375 0.03359375 0.0953125 0.0671875
2 0.86484375 0.01640625 0.0796875 0.0328125
2 0.946875 0.03984375 0.0875 0.0796875
2 0.8890625 0.1890625 0.1078125 0.146875
2 0.37265625 0.2140625 0.10078125 0.1078125
2 0.5359375 0.26796875 0.13046875 0.11171875
2 0.525 0.171875 0.11484375 0.11171875
2 0.6671875 0.26796875 0.0953125 0.1140625
2 0.64453125 0.48515625 0.08984375 0.08671875
2 0.11484375 0.41796875 0.09921875 0.11171875
2 0.05 0.359375 0.03203125 0.08671875
2 0.265625 0.48203125 0.1109375 0.128125
2 0.15 0.4875 0.11640625 0.1265625
2 0.06796875 0.73828125 0.04765625 0.11171875
2 0.1765625 0.84765625 0.1203125 0.09140625
2 0.18515625 0.92109375 0.12578125 0.0453125
2 0.3421875 0.81953125 0.09375 0.09140625
2 0.30703125 0.63125 0.109375 0.1015625
2 0.37734375 0.55625 0.0953125 0.0828125
2 0.30625 0.70078125 0.1359375 0.10390625
2 0.41953125 0.659375 0.10390625 0.1265625
2 0.546875 0.68203125 0.10625 0.1265625
2 0.63359375 0.77109375 0.08984375 0.09765625
2 0.7640625 0.7734375 0.12734375 0.0765625
2 0.91875 0.76484375 0.1234375 0.11796875
2 0.7390625 0.346875 0.08125 0.0953125
2 0.83046875 0.30859375 0.09921875 0.09921875
2 0.775 0.42109375 0.0953125 0.11796875
2 0.93671875 0.4703125 0.08671875 0.109375
2 0.953125 0.375 0.08828125 0.1078125
2 0.853125 0.5890625 0.109375 0.115625
2 0.9171875 0.65078125 0.0953125 0.0765625
2 0.71796875 0.8625 0.1203125 0.109375
2 0.56875 0.9203125 0.12734375 0.04375
2 0.6703125 0.91171875 0.06328125 0.06796875
2 0.62265625 0.06015625 0.109375 0.09140625