3 0.18359375 0.5390625 0.10625 0.140625
3 0.01953125 0.85703125 0.0390625 0.128125
3 0.59375 0.81875 0.12734375 0.15703125
2 0.2078125 0.5546875 0.0515625 0.1203125
1 0.4140625 0.05625 0.08515625 0.09140625
2 0.7390625 0.68125 0.0953125 0.09140625
1 0.1421875 0.04375 0.0921875 0.08671875
2 0.1375 0.8109375 0.0953125 0.1140625
1 0.3765625 0.7484375 0.07421875 0.109375
2 0.48828125 0.78125 0.0796875 0.109375
2 0.3375 0.88515625 0.11875 0.08671875
2 0.54765625 0.89921875 0.08828125 0.06796875
2 0.6109375 0.65390625 0.08984375 0.1140625
2 0.7515625 0.0796875 0.0796875 0.1328125
2 0.65078125 0.09453125 0.0953125 0.09296875
2 0.87265625 0.04375 0.0921875 0.08515625
2 0.92578125 0.08515625 0.0390625 0.11171875
2 0.91953125 0.2078125 0.04921875 0.09921875
2 0.49609375 0.08203125 0.06328125 0.09296875
2 0.409375 0.16953125 0.10234375 0.109375
2 0.1328125 0.18125 0.07265625 0.09765625
4 0.05859375 0.10546875 0.0828125 0.10546875
2 0.1296875 0.2859375 0.10625 0.0953125
1 0.2390625 0.3046875 0.0953125 0.109375
2 0.16953125 0.36640625 0.08671875 0.115625
2 0.3265625 0.40859375 0.1234375 0.11171875
2 0.33046875 0.34921875 0.06015625 0.08671875
2 0.4015625 0.24921875 0.10234375 0.0765625
2 0.40703125 0.34140625 0.08125 0.1015625
2 0.39140625 0.465625 0.08984375 0.115625
2 0.2890625 0.6203125 0.0953125 0.09140625
2 0.6234375 0.33125 0.10625 0.115625
1 0.56640625 0.18125 0.08828125 0.1078125
2 0.74140625 0.22578125 0.0921875 0.11171875
2 0.825 0.146875 0.096875 0.08515625
2 0.8453125 0.20390625 0.08515625 0.1203125
0 0.88359375 0.42109375 0.06015625 0.1390625
2 0.03828125 0.20390625 0.0671875 0.1078125
2 0.51328125 0.2453125 0.096875 0.10390625
2 0.13671875 0.6453125 0.0796875 0.08671875
2 0.5546875 0.46796875 0.06328125 0.06796875
2 0.7296875 0.33671875 0.10078125 0.10390625
2 0.8 0.49765625 0.10234375 0.1203125
1 0.91875 0.553125 0.05625 0.1140625
4 0.91953125 0.7203125 0.05625 0.10546875
2 0.8625 0.80234375 0.078125 0.09296875
2 0.79765625 0.89375 0.10234375 0.0765625
2 0.9046875 0.8859375 0.08125 0.0953125
2 0.6546875 0.5640625 0.08671875 0.07421875
2 0.653125 0.43984375 0.1078125 0.10390625
2 0.53515625 0.33828125 0.07578125 0.1265625
2 0.65546875 0.26484375 0.08125 0.1078125
2 0.271875 0.49140625 0.11875 0.153125
2 0.0796875 0.42890625 0.09921875 0.115625
2 0.02578125 0.66328125 0.0515625 0.10390625