3 0.69140625 0.17578125 0.15390625 0.09296875
0 0.20078125 0.94375 0.0953125 0.10390625
3 0.19765625 0.878125 0.09375 0.11171875
3 0.23359375 0.83125 0.10390625 0.10390625
3 0.30390625 0.890625 0.1625 0.06640625
3 0.56640625 0.8625 0.14140625 0.1078125
3 0.290625 0.1453125 0.1515625 0.0703125
3 0.16328125 0.41640625 0.11875 0.08515625
2 0.15390625 0.3984375 0.08125 0.0953125
0 0.215625 0.10078125 0.12578125 0.07265625
0 0.48359375 0.50546875 0.134375 0.07890625
0 0.38125 0.61796875 0.109375 0.0828125
4 0.41796875 0.16328125 0.10078125 0.115625
1 0.9109375 0.28671875 0.10390625 0.115625
2 0.90078125 0.4765625 0.11328125 0.115625
2 0.7640625 0.27109375 0.13046875 0.1203125
1 0.78359375 0.3828125 0.10078125 0.09140625
2 0.58828125 0.08828125 0.10078125 0.04765625
2 0.321875 0.1171875 0.07421875 0.06640625
2 0.1359375 0.1234375 0.08671875 0.10546875
2 0.0734375 0.1234375 0.0390625 0.09296875
1 0.17734375 0.23046875 0.10078125 0.1015625
2 0.3921875 0.221875 0.08125 0.09765625
2 0.32265625 0.24765625 0.12578125 0.1078125
2 0.33125 0.315625 0.10078125 0.08515625
2 0.1515625 0.33359375 0.08515625 0.0953125
2 0.25546875 0.39375 0.10234375 0.11796875
2 0.24140625 0.51484375 0.1234375 0.1015625
1 0.14375 0.57578125 0.0796875 0.1015625
2 0.20390625 0.60234375 0.11640625 0.0703125
2 0.09375 0.66015625 0.078125 0.11171875
2 0.225 0.64609375 0.0953125 0.1015625
2 0.19453125 0.775 0.09375 0.10546875
2 0.28671875 0.72578125 0.08828125 0.09765625
2 0.32578125 0.7671875 0.0703125 0.09765625
2 0.396875 0.80546875 0.08984375 0.10390625
2 0.45078125 0.7828125 0.08125 0.184375
2 0.31953125 0.9609375 0.0828125 0.06640625
2 0.51171875 0.8875 0.0671875 0.115625
2 0.55 0.91328125 0.0828125 0.0953125
2 0.6265625 0.96484375 0.1109375 0.0578125
2 0.74921875 0.94609375 0.07421875 0.09140625
2 0.9578125 0.96484375 0.07421875 0.0625
2 0.81484375 0.63125 0.0921875 0.10390625
2 0.81171875 0.68671875 0.078125 0.11171875
2 0.75078125 0.51875 0.0796875 0.11796875
2 0.659375 0.44921875 0.08671875 0.10390625
2 0.6484375 0.53828125 0.109375 0.109375
2 0.57265625 0.5828125 0.08515625 0.07421875
2 0.56796875 0.65078125 0.0953125 0.1078125
2 0.6640625 0.67890625 0.08515625 0.10546875
2 0.66953125 0.828125 0.09921875 0.09296875
1 0.41796875 0.4109375 0.096875 0.109375
4 0.5125 0.29375 0.1078125 0.121875
2 0.60078125 0.36875 0.06875 0.09140625