3 0.5609375 0.5375 0.12578125 0.0515625
3 0.478125 0.69765625 0.0671875 0.13671875
3 0.459375 0.128125 0.05859375 0.13046875
0 0.628125 0.153125 0.1359375 0.0765625
0 0.15625 0.73359375 0.0796875 0.12421875
0 0.41796875 0.82734375 0.10234375 0.06796875
0 0.91953125 0.89375 0.05625 0.0640625
2 0.3421875 0.3578125 0.1359375 0.13046875
2 0.4046875 0.296875 0.08671875 0.09296875
2 0.4984375 0.2703125 0.08984375 0.09140625
2 0.52578125 0.171875 0.06875 0.0890625
1 0.31796875 0.1921875 0.1203125 0.14296875
2 0.234375 0.33359375 0.078125 0.1078125
1 0.70390625 0.81875 0.1109375 0.11796875
2 0.6953125 0.95625 0.096875 0.08515625
2 0.7890625 0.9046875 0.08828125 0.07890625
2 0.853125 0.9453125 0.109375 0.109375
2 0.9203125 0.9734375 0.046875 0.053125
2 0.91953125 0.81875 0.06015625 0.07265625
2 0.81015625 0.771875 0.12734375 0.1265625
2 0.90546875 0.715625 0.07421875 0.10390625
2 0.91484375 0.63046875 0.05625 0.128125
2 0.8484375 0.5484375 0.10078125 0.128125
2 0.7984375 0.66875 0.10078125 0.06796875
1 0.740625 0.540625 0.08984375 0.11171875
2 0.646875 0.54375 0.07578125 0.109375
2 0.515625 0.48984375 0.08125 0.0953125
2 0.5296875 0.6125 0.09375 0.0828125
2 0.52734375 0.67578125 0.078125 0.1015625
1 0.5484375 0.89140625 0.0828125 0.09140625
2 0.55234375 0.9765625 0.1078125 0.046875
2 0.309375 0.97421875 0.078125 0.0515625
2 0.24296875 0.89140625 0.0921875 0.115625
2 0.29609375 0.859375 0.06875 0.09296875
2 0.23359375 0.7234375 0.11640625 0.09140625
1 0.09453125 0.825 0.0921875 0.11171875
2 0.4125 0.7015625 0.07421875 0.0765625
2 0.40078125 0.75546875 0.10390625 0.1015625
2 0.35625 0.59140625 0.10390625 0.0953125
2 0.4046875 0.48828125 0.0921875 0.1015625
2 0.228125 0.63046875 0.096875 0.109375
2 0.20546875 0.5 0.0953125 0.1140625
2 0.09609375 0.5515625 0.096875 0.11171875
2 0.10390625 0.47890625 0.0921875 0.09140625
2 0.021875 0.45234375 0.0421875 0.09921875
2 0.06875 0.140625 0.0921875 0.1140625
2 0.35078125 0.07734375 0.0953125 0.03125
2 0.76875 0.33125 0.09375 0.08515625
2 0.825 0.3984375 0.096875 0.12421875
2 0.87578125 0.40859375 0.10390625 0.1078125
2 0.87578125 0.2984375 0.10625 0.1078125
2 0.82890625 0.221875 0.10625 0.08515625
2 0.83125 0.17734375 0.08828125 0.08671875
2 0.91953125 0.1453125 0.0515625 0.0828125
2 0.74609375 0.16171875 0.07421875 0.121875
2 0.8 0.08671875 0.09375 0.04140625
2 0.6234375 0.08984375 0.13046875 0.04375
2 0.0140625 0.2078125 0.025 0.09921875