2 0.41875 0.3546875 0.11328125 0.12421875
2 0.615625 0.2265625 0.10390625 0.12421875
2 0.60703125 0.09140625 0.11328125 0.13046875
2 0.7046875 0.33359375 0.10078125 0.14296875
2 0.7953125 0.2890625 0.10078125 0.1453125
2 0.9390625 0.290625 0.0921875 0.11796875
2 0.88515625 0.0671875 0.10078125 0.1265625
2 0.965625 0.08671875 0.06171875 0.121875
2 0.1796875 0.49375 0.1109375 0.1140625
2 0.40703125 0.6265625 0.0953125 0.10390625
2 0.88515625 0.7765625 0.11328125 0.1265625
3 0.87578125 0.60546875 0.10234375 0.13671875
3 0.14296875 0.9140625 0.04609375 0.0515625
3 0.0859375 0.85234375 0.06171875 0.1015625
3 0.24453125 0.66640625 0.11640625 0.1203125
3 0.6609375 0.7984375 0.121875 0.0765625
3 0.94921875 0.88828125 0.1015625 0.0984375
2 0.86015625 0.4265625 0.0828125 0.09921875
2 0.80546875 0.50390625 0.10234375 0.10546875
2 0.7515625 0.77109375 0.0796875 0.11796875
2 0.778125 0.91171875 0.0828125 0.0515625
0 0.33359375 0.1625 0.11484375 0.11796875
0 0.26484375 0.28984375 0.0828125 0.1203125
0 0.28671875 0.6203125 0.109375 0.07265625
0 0.9703125 0.59453125 0.059375 0.1140625
2 0.97578125 0.3984375 0.0390625 0.1328125
2 0.6390625 0.50859375 0.08671875 0.0953125
2 0.478125 0.521875 0.09375 0.0890625
2 0.5703125 0.6265625 0.08125 0.0953125
2 0.6359375 0.65 0.1109375 0.1328125
2 0.659375 0.71640625 0.08828125 0.109375
2 0.7296875 0.646875 0.09375 0.15546875
2 0.79140625 0.5984375 0.0703125 0.0765625
2 0.91171875 0.64921875 0.09375 0.121875
2 0.409375 0.75234375 0.1078125 0.1265625
2 0.33125 0.83828125 0.109375 0.115625
2 0.29453125 0.75234375 0.10390625 0.09140625
2 0.1671875 0.703125 0.06015625 0.1140625
2 0.3046875 0.54140625 0.07578125 0.109375
2 0.1546875 0.3859375 0.10234375 0.10390625
2 0.18359375 0.28671875 0.08125 0.08671875
2 0.08046875 0.38515625 0.0421875 0.11796875
2 0.06875 0.7640625 0.025 0.11796875
2 0.98515625 0.73671875 0.02265625 0.09921875