3 0.3453125 0.878125 0.134375 0.1203125
2 0.36015625 0.91484375 0.0828125 0.0515625
3 0.31640625 0.83828125 0.12734375 0.11171875
3 0.60859375 0.60546875 0.10078125 0.1328125
3 0.66953125 0.6265625 0.0671875 0.15546875
3 0.81796875 0.6375 0.0703125 0.16171875
3 0.8609375 0.65859375 0.0796875 0.14921875
3 0.04609375 0.18125 0.06171875 0.1390625
3 0.76796875 0.884375 0.08125 0.1078125
2 0.50390625 0.50390625 0.0703125 0.09296875
2 0.2796875 0.709375 0.10234375 0.11796875
2 0.0484375 0.89453125 0.08984375 0.07421875
2 0.3296875 0.121875 0.09921875 0.1265625
2 0.73671875 0.09296875 0.09375 0.1203125
2 0.17734375 0.1203125 0.08125 0.16953125
2 0.596875 0.51640625 0.08125 0.08046875
2 0.540625 0.703125 0.08125 0.09296875
2 0.42109375 0.66640625 0.10625 0.1078125
2 0.78828125 0.50078125 0.1359375 0.13046875
2 0.87578125 0.16171875 0.10234375 0.13046875
2 0.828125 0.0828125 0.07265625 0.09921875
2 0.24609375 0.15703125 0.0703125 0.09140625
2 0.134375 0.1109375 0.11875 0.14296875
2 0.23828125 0.04375 0.10625 0.07421875
2 0.05234375 0.0453125 0.09921875 0.07265625
2 0.6078125 0.74609375 0.14140625 0.13671875
2 0.5421875 0.90078125 0.1078125 0.0578125
2 0.6546875 0.91171875 0.078125 0.0390625
2 0.8375 0.82734375 0.06875 0.134375
2 0.8984375 0.50703125 0.09375 0.121875
2 0.91328125 0.9171875 0.06328125 0.04140625
2 0.92578125 0.625 0.03203125 0.10546875
2 0.74609375 0.6234375 0.09375 0.0890625
2 0.409375 0.76015625 0.159375 0.10546875