3 0.2109375 0.45 0.159375 0.121875
3 0.20703125 0.28046875 0.0828125 0.1390625
3 0.10390625 0.34609375 0.10390625 0.0890625
3 0.89609375 0.7 0.12578125 0.0765625
2 0.2984375 0.86328125 0.109375 0.1203125
2 0.93359375 0.1234375 0.0953125 0.1203125
2 0.62421875 0.646875 0.09921875 0.10390625
2 0.2015625 0.56015625 0.10625 0.11796875
2 0.35859375 0.7453125 0.1609375 0.1078125
3 0.675 0.16484375 0.146875 0.09921875
2 0.78125 0.5765625 0.10390625 0.1203125
0 0.46171875 0.87890625 0.109375 0.0890625
2 0.31875 0.4234375 0.07265625 0.0828125
2 0.309375 0.5640625 0.09921875 0.109375
2 0.41171875 0.678125 0.07578125 0.0890625
0 0.778125 0.88515625 0.11328125 0.1015625
2 0.8859375 0.88828125 0.09921875 0.07265625
2 0.775 0.79921875 0.1609375 0.1203125
2 0.83984375 0.76953125 0.10078125 0.09296875
2 0.7109375 0.68203125 0.07265625 0.10390625
2 0.78671875 0.690625 0.08671875 0.08671875
2 0.9640625 0.6453125 0.065625 0.09765625
2 0.971875 0.7390625 0.04453125 0.0953125
2 0.85 0.53203125 0.0796875 0.09921875
2 0.8375 0.43984375 0.07265625 0.08671875
2 0.984375 0.4 0.03125 0.121875
2 0.56015625 0.24296875 0.109375 0.08515625
2 0.384375 0.23828125 0.1109375 0.09765625
2 0.40078125 0.49140625 0.10234375 0.1140625
2 0.37890625 0.38203125 0.07265625 0.0953125
2 0.153125 0.7 0.1078125 0.08046875
2 0.14296875 0.58515625 0.08671875 0.121875
2 0.25703125 0.3875 0.04765625 0.07890625
3 0.19140625 0.42265625 0.07578125 0.159375
0 0.10625 0.23984375 0.0921875 0.12421875
2 0.1515625 0.11875 0.07421875 0.10546875
2 0.721875 0.9140625 0.0671875 0.04375
2 0.78828125 0.07109375 0.09375 0.08671875
2 0.8578125 0.053125 0.08125 0.09765625
2 0.0921875 0.04375 0.07421875 0.0765625
2 0.178125 0.04453125 0.08984375 0.0828125
2 0.97890625 0.56796875 0.03515625 0.0578125
2 0.403125 0.6109375 0.12578125 0.11171875