3 0.6 0.21640625 0.1203125 0.140625
3 0.56171875 0.721875 0.15390625 0.165625
3 0.8046875 0.81171875 0.1234375 0.09140625
3 0.96875 0.7890625 0.06171875 0.05390625
3 0.978125 0.8765625 0.03515625 0.0515625
3 0.6171875 0.3125 0.121875 0.07421875
0 0.078125 0.2828125 0.04765625 0.11171875
0 0.0890625 0.59765625 0.07421875 0.15546875
0 0.1890625 0.46875 0.10234375 0.0578125
3 0.96328125 0.44609375 0.07265625 0.115625
2 0.38984375 0.2265625 0.07265625 0.09296875
3 0.40078125 0.365625 0.1484375 0.1015625
2 0.4015625 0.4046875 0.096875 0.09296875
1 0.43359375 0.58984375 0.10625 0.1203125
1 0.92734375 0.68515625 0.0953125 0.109375
4 0.90078125 0.53203125 0.10234375 0.1203125
2 0.67109375 0.553125 0.10625 0.13671875
2 0.63984375 0.6359375 0.10234375 0.121875
2 0.58671875 0.57890625 0.10625 0.1203125
2 0.51484375 0.6921875 0.1328125 0.16171875
1 0.4109375 0.7234375 0.0921875 0.10390625
2 0.41015625 0.82890625 0.0703125 0.0765625
2 0.346875 0.85078125 0.11484375 0.0953125
2 0.35234375 0.9203125 0.11484375 0.0265625
2 0.58359375 0.83671875 0.10234375 0.09140625
2 0.6375 0.7609375 0.08515625 0.08515625
4 0.83515625 0.3125 0.09375 0.128125
2 0.87578125 0.3921875 0.10078125 0.11796875
2 0.95390625 0.2859375 0.08125 0.1078125
2 0.965625 0.16015625 0.06875 0.10546875
2 0.95390625 0.05625 0.0921875 0.09921875
1 0.73046875 0.03828125 0.08515625 0.06796875
2 0.640625 0.06796875 0.0921875 0.10546875
2 0.725 0.13125 0.09375 0.0953125
2 0.559375 0.046875 0.0953125 0.09296875
2 0.55625 0.15859375 0.11328125 0.10546875
2 0.39765625 0.03203125 0.10390625 0.0640625
2 0.3171875 0.0125 0.06875 0.025
2 0.2453125 0.08203125 0.08828125 0.09296875
2 0.14765625 0.0703125 0.0953125 0.109375
2 0.07265625 0.0546875 0.03515625 0.1015625
2 0.1828125 0.203125 0.0953125 0.09296875
2 0.0671875 0.15390625 0.025 0.06640625
2 0.18984375 0.30859375 0.10078125 0.0890625
2 0.30234375 0.2859375 0.09921875 0.11171875
2 0.271875 0.14296875 0.08671875 0.1015625
2 0.67578125 0.353125 0.0921875 0.10546875
2 0.74453125 0.41328125 0.09375 0.08671875
1 0.509375 0.346875 0.10234375 0.10390625
1 0.52890625 0.4421875 0.08125 0.08671875
2 0.26640625 0.4015625 0.15390625 0.134375
2 0.1140625 0.50546875 0.11875 0.1390625
2 0.16015625 0.58671875 0.07578125 0.0953125
2 0.2046875 0.715625 0.09375 0.115625
2 0.10078125 0.77109375 0.09921875 0.1140625
2 0.096875 0.88515625 0.08515625 0.09296875
2 0.1734375 0.8828125 0.09375 0.1015625
2 0.94140625 0.89375 0.10078125 0.0765625