0 0.65546875 0.88515625 0.17109375 0.09921875
3 0.4703125 0.64765625 0.178125 0.06796875
0 0.28984375 0.2296875 0.0953125 0.06015625
3 0.12265625 0.3984375 0.10625 0.12421875
2 0.196875 0.97265625 0.0875 0.0546875
2 0.26484375 0.9171875 0.096875 0.11171875
2 0.29921875 0.98046875 0.08984375 0.0390625
2 0.52734375 0.96640625 0.0953125 0.0671875
2 0.86484375 0.98359375 0.0796875 0.0328125
2 0.946875 0.96015625 0.0875 0.0796875
2 0.8890625 0.8109375 0.1078125 0.146875
2 0.37265625 0.7859375 0.10078125 0.1078125
2 0.5359375 0.73203125 0.13046875 0.11171875
2 0.525 0.828125 0.11484375 0.11171875
2 0.6671875 0.73203125 0.0953125 0.1140625
2 0.64453125 0.51484375 0.08984375 0.08671875
2 0.11484375 0.58203125 0.09921875 0.11171875
2 0.05 0.640625 0.03203125 0.08671875
2 0.265625 0.51796875 0.1109375 0.128125
2 0.15 0.5125 0.11640625 0.1265625
2 0.06796875 0.26171875 0.04765625 0.11171875
2 0.1765625 0.15234375 0.1203125 0.09140625
2 0.18515625 0.07890625 0.12578125 0.0453125
2 0.3421875 0.18046875 0.09375 0.09140625
2 0.30703125 0.36875 0.109375 0.1015625
2 0.37734375 0.44375 0.0953125 0.0828125
2 0.30625 0.29921875 0.1359375 0.10390625
2 0.41953125 0.340625 0.10390625 0.1265625
2 0.546875 0.31796875 0.10625 0.1265625
2 0.63359375 0.22890625 0.08984375 0.09765625
2 0.7640625 0.2265625 0.12734375 0.0765625
2 0.91875 0.23515625 0.1234375 0.11796875
2 0.7390625 0.653125 0.08125 0.0953125
2 0.83046875 0.69140625 0.09921875 0.09921875
2 0.775 0.57890625 0.0953125 0.11796875
2 0.93671875 0.5296875 0.08671875 0.109375
2 0.953125 0.625 0.08828125 0.1078125
2 0.853125 0.4109375 0.109375 0.115625
2 0.9171875 0.34921875 0.0953125 0.0765625
2 0.71796875 0.1375 0.1203125 0.109375
2 0.56875 0.0796875 0.12734375 0.04375
2 0.6703125 0.08828125 0.06328125 0.06796875
2 0.62265625 0.93984375 0.109375 0.09140625