3 0.68515625 0.825 0.12890625 0.09140625
3 0.8203125 0.5953125 0.1484375 0.115625
3 0.6265625 0.42890625 0.12734375 0.08046875
3 0.1171875 0.41484375 0.1109375 0.1265625
3 0.45703125 0.334375 0.08984375 0.171875
3 0.2078125 0.04140625 0.14453125 0.06640625
3 0.4859375 0.115625 0.10234375 0.1203125
0 0.71015625 0.08984375 0.14296875 0.0828125
0 0.803125 0.08515625 0.07578125 0.1390625
3 0.63671875 0.16484375 0.1359375 0.06796875
3 0.61640625 0.2796875 0.15703125 0.0703125
3 0.53671875 0.89921875 0.14453125 0.08046875
3 0.0796875 0.24921875 0.04765625 0.134375
3 0.3734375 0.509375 0.096875 0.11796875
3 0.22890625 0.80859375 0.11875 0.0828125
1 0.7 0.51640625 0.09375 0.1265625
1 0.85859375 0.85390625 0.096875 0.115625
4 0.4125 0.77109375 0.0953125 0.109375
2 0.51875 0.63984375 0.0828125 0.0953125
2 0.63671875 0.715625 0.0828125 0.10546875
2 0.71015625 0.68203125 0.0828125 0.121875
2 0.79765625 0.66171875 0.10234375 0.1265625
2 0.4484375 0.4421875 0.09921875 0.1265625
2 0.2609375 0.45625 0.08125 0.15078125
2 0.08984375 0.8765625 0.07421875 0.109375
1 0.13671875 0.66640625 0.10234375 0.1203125
2 0.18359375 0.5671875 0.08984375 0.10390625
2 0.29765625 0.72578125 0.1109375 0.0953125
2 0.45546875 0.70625 0.0953125 0.08671875
2 0.77265625 0.42734375 0.0703125 0.08671875
2 0.846875 0.2046875 0.0953125 0.10546875
1 0.371875 0.12734375 0.0828125 0.1015625
2 0.3640625 0.3078125 0.0921875 0.134375
2 0.50703125 0.23203125 0.08515625 0.0765625
2 0.7453125 0.303125 0.10390625 0.134375
2 0.678125 0.32890625 0.10078125 0.08515625
2 0.6015625 0.05703125 0.09375 0.07890625
2 0.73125 0.17734375 0.08671875 0.1078125
2 0.52421875 0.33671875 0.08515625 0.109375