3 0.87890625 0.56328125 0.1515625 0.1390625
3 0.51328125 0.81171875 0.1765625 0.08515625
3 0.41875 0.61171875 0.146875 0.08671875
3 0.12421875 0.15390625 0.13046875 0.10546875
2 0.12109375 0.88828125 0.12890625 0.10390625
1 0.14765625 0.621875 0.0921875 0.1265625
2 0.72421875 0.0296875 0.1078125 0.05625
2 0.2 0.059375 0.1203125 0.1140625
1 0.24453125 0.41484375 0.08984375 0.1203125
1 0.053125 0.5515625 0.096875 0.134375
2 0.87890625 0.09609375 0.0921875 0.0953125
0 0.4140625 0.2875 0.11875 0.06796875
2 0.90703125 0.190625 0.06875 0.1265625
2 0.8359375 0.28125 0.07265625 0.0828125
2 0.821875 0.375 0.08671875 0.07421875
2 0.70078125 0.35390625 0.07265625 0.1203125
2 0.56171875 0.4375 0.096875 0.10546875
2 0.5671875 0.3078125 0.0953125 0.0953125
2 0.340625 0.4734375 0.08515625 0.10546875
2 0.12421875 0.40234375 0.07421875 0.1015625
2 0.04609375 0.371875 0.08125 0.115625
2 0.28203125 0.15703125 0.1234375 0.1203125
2 0.228125 0.2296875 0.12734375 0.08046875
2 0.33515625 0.815625 0.09375 0.11171875
2 0.346875 0.73671875 0.08828125 0.06015625
2 0.3453125 0.6625 0.10234375 0.10546875
2 0.68125 0.7953125 0.1078125 0.140625
2 0.75234375 0.89375 0.1109375 0.06015625
2 0.85703125 0.7515625 0.08671875 0.10546875
2 0.771875 0.471875 0.06875 0.0953125
2 0.69140625 0.47890625 0.07578125 0.1078125
2 0.521875 0.56015625 0.07421875 0.08671875
2 0.45703125 0.525 0.09375 0.08515625
3 0.63359375 0.546875 0.10234375 0.07421875
2 0.7078125 0.67265625 0.11484375 0.1203125
2 0.54140625 0.67578125 0.09375 0.10546875
2 0.64765625 0.6453125 0.08515625 0.1015625
2 0.81796875 0.6453125 0.08671875 0.109375
2 0.4859375 0.35703125 0.10234375 0.07890625
2 0.92421875 0.865625 0.03515625 0.10546875
2 0.921875 0.74765625 0.0390625 0.11171875