0 0.4671875 0.28984375 0.1484375 0.06640625
0 0.52734375 0.7046875 0.1328125 0.07890625
0 0.94765625 0.68046875 0.10390625 0.0515625
4 0.946875 0.846875 0.10625 0.128125
0 0.77578125 0.7109375 0.12578125 0.07890625
0 0.5671875 0.0984375 0.13046875 0.06640625
2 0.4390625 0.978125 0.10390625 0.04375
2 0.3 0.9734375 0.1234375 0.05
2 0.1015625 0.91015625 0.09921875 0.11796875
2 0.1875 0.89765625 0.08671875 0.134375
2 0.27109375 0.90703125 0.10625 0.09140625
2 0.20703125 0.81328125 0.12890625 0.11171875
2 0.296875 0.8015625 0.13984375 0.13046875
2 0.38984375 0.72890625 0.1234375 0.115625
1 0.484375 0.82421875 0.0953125 0.10390625
2 0.190625 0.7015625 0.0921875 0.10546875
2 0.103125 0.71875 0.078125 0.11171875
2 0.19375 0.5578125 0.109375 0.16328125
2 0.08359375 0.6171875 0.06328125 0.10390625
2 0.11640625 0.5 0.0921875 0.128125
2 0.12109375 0.196875 0.1109375 0.09140625
2 0.10546875 0.09765625 0.09375 0.06796875
3 0.06875 0.3734375 0.03359375 0.09296875
1 0.35390625 0.3703125 0.109375 0.109375
2 0.4046875 0.52890625 0.0953125 0.10390625
2 0.43984375 0.6390625 0.10234375 0.115625
2 0.3734375 0.23359375 0.08671875 0.1015625
2 0.43671875 0.209375 0.08984375 0.1078125
2 0.5390625 0.23359375 0.078125 0.1203125
2 0.459375 0.1203125 0.1484375 0.08515625
2 0.8125 0.09140625 0.1515625 0.06015625
2 0.8515625 0.16484375 0.12578125 0.1328125
2 0.69765625 0.3625 0.0921875 0.11171875
2 0.96484375 0.284375 0.0703125 0.140625
2 0.9234375 0.36953125 0.10390625 0.11171875
2 0.7828125 0.46171875 0.1078125 0.0890625
2 0.89296875 0.446875 0.08828125 0.0953125
2 0.9703125 0.49140625 0.059375 0.1140625
2 0.96796875 0.60625 0.06328125 0.09296875
2 0.87265625 0.6234375 0.0796875 0.121875
2 0.81171875 0.625 0.08984375 0.1328125
2 0.7203125 0.5890625 0.0828125 0.0953125
1 0.62421875 0.60546875 0.10078125 0.09765625
2 0.6640625 0.71328125 0.10078125 0.1265625
2 0.6984375 0.9265625 0.096875 0.1203125
2 0.73125 0.8015625 0.09921875 0.0953125
2 0.83359375 0.82421875 0.1109375 0.1140625
2 0.79921875 0.9359375 0.09375 0.0953125
2 0.9609375 0.95625 0.078125 0.0828125
2 0.87109375 0.978125 0.08125 0.04375
2 0.6546875 0.109375 0.06875 0.05390625