3 0.56953125 0.25390625 0.13984375 0.12421875
3 0.37421875 0.05390625 0.1359375 0.08671875
3 0.840625 0.74765625 0.121875 0.1265625
3 0.43046875 0.29921875 0.10234375 0.07890625
3 0.634375 0.65859375 0.11875 0.0578125
2 0.55703125 0.47109375 0.11484375 0.12421875
4 0.7234375 0.134375 0.10625 0.1140625
2 0.24296875 0.203125 0.07578125 0.0828125
2 0.65390625 0.0453125 0.1359375 0.06015625
2 0.06640625 0.25078125 0.10625 0.0828125
3 0.16875 0.321875 0.1625 0.06640625
3 0.8453125 0.14375 0.06328125 0.14296875
0 0.64453125 0.22890625 0.0828125 0.12421875
2 0.80859375 0.54375 0.0828125 0.0953125
2 0.675 0.56796875 0.10078125 0.10546875
2 0.61015625 0.78359375 0.08125 0.10546875
2 0.7921875 0.834375 0.10390625 0.1015625
2 0.3390625 0.79609375 0.1109375 0.1390625
2 0.3375 0.540625 0.05859375 0.134375
2 0.20546875 0.4140625 0.08125 0.09765625
2 0.1171875 0.446875 0.10390625 0.07890625
2 0.08984375 0.528125 0.109375 0.08046875
2 0.078125 0.6328125 0.1078125 0.10546875
2 0.14765625 0.65078125 0.11484375 0.06796875
2 0.07890625 0.721875 0.09375 0.08671875
2 0.18984375 0.76328125 0.1234375 0.121875
2 0.1515625 0.91015625 0.11640625 0.04375
2 0.2515625 0.83046875 0.08671875 0.1015625
2 0.2359375 0.5390625 0.10234375 0.07421875
2 0.37578125 0.36875 0.078125 0.09921875
2 0.82265625 0.3765625 0.11484375 0.08671875
2 0.68046875 0.2828125 0.10078125 0.09140625
2 0.8046875 0.22578125 0.08984375 0.1078125
2 0.90078125 0.23515625 0.07265625 0.121875
2 0.83125 0.0359375 0.10078125 0.0640625
2 0.8125 0.653125 0.134375 0.08515625
2 0.72578125 0.675 0.1109375 0.1078125
2 0.2203125 0.25546875 0.109375 0.09296875