3 0.45078125 0.59609375 0.1375 0.146875
3 0.80546875 0.6296875 0.12578125 0.18203125
3 0.63984375 0.6390625 0.10390625 0.153125
3 0.6546875 0.5484375 0.146875 0.06640625
3 0.63671875 0.50390625 0.13046875 0.0625
3 0.62734375 0.771875 0.14140625 0.11171875
3 0.45859375 0.8890625 0.11640625 0.08671875
0 0.446875 0.75859375 0.13984375 0.09921875
0 0.1828125 0.72578125 0.08828125 0.1203125
0 0.51796875 0.49375 0.08828125 0.128125
0 0.70078125 0.80546875 0.159375 0.0765625
0 0.54765625 0.24921875 0.159375 0.11796875
3 0.196875 0.284375 0.06015625 0.184375
3 0.271875 0.0546875 0.06171875 0.1015625
3 0.16171875 0.08046875 0.0796875 0.15546875
3 0.12578125 0.49609375 0.134375 0.1203125
3 0.14609375 0.3109375 0.08125 0.140625
3 0.8671875 0.16015625 0.15546875 0.1203125
3 0.53984375 0.74453125 0.05625 0.17578125
3 0.70703125 0.65 0.11328125 0.09296875
3 0.71640625 0.721875 0.0796875 0.178125
2 0.34921875 0.84765625 0.08828125 0.11796875
2 0.16796875 0.82109375 0.08515625 0.08671875
2 0.30859375 0.55625 0.10078125 0.09140625
2 0.9046875 0.79296875 0.07265625 0.0890625
2 0.83984375 0.9015625 0.08984375 0.0640625
2 0.765625 0.859375 0.06875 0.10546875
2 0.66875 0.88828125 0.096875 0.08671875
2 0.73671875 0.23515625 0.14296875 0.10390625
2 0.74765625 0.47890625 0.07421875 0.1078125
2 0.2921875 0.7984375 0.1078125 0.1390625
2 0.04453125 0.21953125 0.078125 0.1203125
2 0.346875 0.0515625 0.1078125 0.0953125
2 0.3015625 0.321875 0.08125 0.0890625
2 0.071875 0.77421875 0.12734375 0.1265625
2 0.06640625 0.85078125 0.07578125 0.10390625
2 0.903125 0.69375 0.08515625 0.1328125
2 0.9265625 0.5546875 0.04609375 0.128125
2 0.9125 0.42265625 0.07265625 0.121875
2 0.8390625 0.3859375 0.12578125 0.13046875
2 0.83125 0.51640625 0.1078125 0.1078125
2 0.4484375 0.171875 0.0921875 0.109375
0 0.60859375 0.12421875 0.05625 0.134375
2 0.73515625 0.05390625 0.109375 0.09140625
2 0.92734375 0.0515625 0.04453125 0.06015625
2 0.9 0.08359375 0.10078125 0.09765625
2 0.84296875 0.1046875 0.07421875 0.1203125
2 0.76953125 0.134375 0.08125 0.159375
2 0.71015625 0.15703125 0.10625 0.1265625
2 0.9125 0.2671875 0.07421875 0.109375
2 0.35625 0.678125 0.078125 0.16328125
2 0.07890625 0.359375 0.09375 0.13671875
2 0.03359375 0.465625 0.05625 0.115625
2 0.109375 0.12421875 0.08515625 0.134375
2 0.46796875 0.67734375 0.08671875 0.1078125