3 0.1546875 0.8796875 0.13984375 0.07265625
3 0.93359375 0.06953125 0.0953125 0.11171875
2 0.96015625 0.04765625 0.07265625 0.09140625
0 0.95390625 0.6046875 0.0921875 0.0625
2 0.32578125 0.85078125 0.096875 0.11796875
2 0.51875 0.89765625 0.08984375 0.08046875
2 0.62109375 0.80546875 0.0953125 0.0953125
2 0.71796875 0.86953125 0.0953125 0.09140625
2 0.82890625 0.79296875 0.0828125 0.1015625
2 0.93203125 0.7203125 0.1109375 0.14921875
2 0.91640625 0.5546875 0.0828125 0.08515625
2 0.39921875 0.68671875 0.09921875 0.08515625
2 0.33046875 0.659375 0.07265625 0.10546875
2 0.24296875 0.73828125 0.10078125 0.09296875
2 0.1515625 0.77421875 0.08828125 0.0953125
2 0.0828125 0.5828125 0.0515625 0.09765625
2 0.2109375 0.48359375 0.096875 0.1328125
2 0.13984375 0.45234375 0.08671875 0.11796875
2 0.08984375 0.39375 0.06875 0.1328125
2 0.2046875 0.34140625 0.08125 0.0953125
2 0.33671875 0.51328125 0.07421875 0.1078125
2 0.41171875 0.5640625 0.10078125 0.09921875
2 0.60859375 0.68203125 0.109375 0.1265625
2 0.609375 0.55390625 0.08828125 0.1015625
2 0.8109375 0.53125 0.0796875 0.1078125
2 0.74609375 0.40546875 0.0953125 0.09921875
2 0.459375 0.40703125 0.0953125 0.10546875
2 0.2859375 0.26796875 0.08984375 0.109375
2 0.4453125 0.2484375 0.096875 0.1015625
2 0.68125 0.25390625 0.1109375 0.1203125
1 0.9484375 0.21875 0.09921875 0.115625
2 0.78203125 0.02421875 0.1078125 0.0484375
2 0.6796875 0.12109375 0.08828125 0.1015625
4 0.471875 0.0484375 0.096875 0.07890625
2 0.23203125 0.10078125 0.09921875 0.09140625
2 0.26171875 0.0484375 0.13046875 0.08671875
1 0.08359375 0.109375 0.0671875 0.09765625