0 0.290625 0.77734375 0.11875 0.10546875
0 0.06171875 0.54375 0.1234375 0.0828125
0 0.16796875 0.37890625 0.12578125 0.0703125
0 0.3328125 0.62734375 0.08671875 0.1140625
0 0.50703125 0.91328125 0.0921875 0.0453125
0 0.640625 0.2953125 0.10390625 0.09765625
0 0.7390625 0.10859375 0.1515625 0.07265625
4 0.04140625 0.64765625 0.07421875 0.11796875
4 0.9265625 0.19765625 0.04453125 0.1328125
1 0.53125 0.75078125 0.1109375 0.134375
2 0.68828125 0.66640625 0.096875 0.15546875
2 0.52421875 0.5890625 0.0953125 0.1203125
1 0.39453125 0.2265625 0.096875 0.128125
2 0.53515625 0.34609375 0.096875 0.1015625
1 0.4390625 0.41640625 0.0953125 0.1140625
2 0.05390625 0.0625 0.09921875 0.11796875
1 0.8859375 0.5640625 0.09921875 0.12421875
2 0.034375 0.83125 0.065625 0.121875
2 0.0765625 0.89921875 0.08984375 0.08515625
2 0.2 0.8890625 0.09375 0.08515625
2 0.26640625 0.84453125 0.109375 0.121875
1 0.18984375 0.778125 0.10234375 0.1078125
2 0.41953125 0.85390625 0.0671875 0.1078125
2 0.36328125 0.88515625 0.0671875 0.0890625
2 0.8875 0.87265625 0.10234375 0.11796875
2 0.21328125 0.6171875 0.1078125 0.1140625
2 0.25703125 0.66171875 0.10078125 0.1078125
2 0.24296875 0.48828125 0.11640625 0.1453125
2 0.16171875 0.296875 0.1203125 0.10546875
4 0.39765625 0.09296875 0.1078125 0.13046875
2 0.51171875 0.0515625 0.11328125 0.09140625
2 0.5890625 0.2140625 0.0953125 0.08671875
2 0.7890625 0.640625 0.0953125 0.109375
1 0.41875 0.56015625 0.08984375 0.09765625
4 0.825 0.42109375 0.0828125 0.1078125
1 0.91171875 0.3703125 0.0796875 0.109375
2 0.7625 0.209375 0.10234375 0.10546875
2 0.8390625 0.06015625 0.08515625 0.08671875