3 0.825 0.10390625 0.15390625 0.1015625
3 0.9609375 0.68359375 0.06875 0.09765625
3 0.43671875 0.35078125 0.146875 0.09921875
0 0.82265625 0.42734375 0.08515625 0.128125
0 0.22578125 0.26328125 0.12890625 0.1078125
0 0.31875 0.1625 0.08515625 0.18046875
0 0.596875 0.81875 0.12578125 0.08515625
1 0.490625 0.69765625 0.08984375 0.10546875
2 0.43671875 0.7890625 0.11328125 0.13671875
2 0.29765625 0.821875 0.10390625 0.1015625
2 0.23203125 0.7734375 0.08515625 0.109375
2 0.13515625 0.81328125 0.08984375 0.15078125
2 0.2203125 0.88515625 0.10625 0.09765625
2 0.5890625 0.58515625 0.08828125 0.08515625
2 0.4734375 0.5546875 0.10625 0.0890625
2 0.41640625 0.490625 0.08125 0.128125
2 0.28984375 0.48203125 0.0796875 0.11796875
2 0.17734375 0.44296875 0.08515625 0.1015625
2 0.73359375 0.3703125 0.08671875 0.109375
2 0.8578125 0.296875 0.07421875 0.1203125
2 0.7421875 0.2609375 0.096875 0.08515625
1 0.646875 0.2140625 0.08671875 0.11171875
2 0.62578125 0.115625 0.08125 0.1265625
2 0.521875 0.053125 0.10390625 0.0828125
2 0.50078125 0.190625 0.1078125 0.10390625
2 0.63671875 0.40078125 0.109375 0.09765625
2 0.6125 0.46171875 0.10390625 0.10390625
2 0.675 0.5796875 0.109375 0.0703125
2 0.7015625 0.6921875 0.096875 0.1078125
2 0.83203125 0.74921875 0.065625 0.2296875
2 0.9671875 0.80859375 0.065625 0.0703125
2 0.734375 0.7703125 0.08828125 0.0953125
2 0.3859375 0.878125 0.1109375 0.10390625
2 0.13125 0.66796875 0.10234375 0.1203125
2 0.1296875 0.54375 0.0703125 0.1328125
2 0.146875 0.29375 0.07578125 0.0953125
2 0.10703125 0.2515625 0.096875 0.09296875
2 0.15 0.15234375 0.109375 0.10546875
2 0.26640625 0.04140625 0.0671875 0.0703125
2 0.23515625 0.121875 0.0828125 0.1078125
2 0.35234375 0.07109375 0.0953125 0.0953125
2 0.3984375 0.16484375 0.12734375 0.0953125
2 0.37421875 0.2765625 0.13984375 0.1203125
2 0.26796875 0.3703125 0.06875 0.07421875
2 0.85625 0.515625 0.10234375 0.0578125
2 0.7703125 0.48046875 0.0703125 0.09296875
2 0.83203125 0.20078125 0.1109375 0.0890625
2 0.8046875 0.16328125 0.08984375 0.06796875
2 0.7359375 0.09609375 0.10234375 0.0765625
2 0.8015625 0.0328125 0.1234375 0.0625
2 0.97890625 0.05 0.0421875 0.0765625
2 0.97890625 0.34375 0.0421875 0.09296875
2 0.96484375 0.521875 0.0703125 0.09765625
2 0.878125 0.79921875 0.07578125 0.1015625
2 0.61328125 0.75859375 0.096875 0.08515625
2 0.58828125 0.91015625 0.10234375 0.04765625
2 0.5484375 0.275 0.10234375 0.09296875