0 0.921875 0.1890625 0.04921875 0.1453125
0 0.85859375 0.1375 0.08984375 0.146875
3 0.228125 0.09921875 0.13046875 0.07421875
3 0.09296875 0.10390625 0.0796875 0.0515625
3 0.63515625 0.58515625 0.10390625 0.09296875
0 0.10234375 0.4453125 0.10078125 0.08046875
4 0.22890625 0.796875 0.1078125 0.1203125
2 0.33203125 0.3734375 0.09921875 0.11796875
1 0.50234375 0.32421875 0.08125 0.115625
1 0.49140625 0.14765625 0.0953125 0.08046875
2 0.60546875 0.08359375 0.08984375 0.0390625
2 0.49765625 0.0796875 0.08125 0.0328125
2 0.08203125 0.16875 0.04921875 0.09765625
2 0.153125 0.1953125 0.08671875 0.09765625
2 0.0734375 0.27109375 0.0390625 0.09140625
2 0.22421875 0.371875 0.11640625 0.128125
2 0.2078125 0.528125 0.11328125 0.153125
2 0.12109375 0.53203125 0.08984375 0.08671875
2 0.0890625 0.621875 0.0703125 0.09765625
2 0.16640625 0.65625 0.08984375 0.10390625
2 0.265625 0.64296875 0.09375 0.115625
2 0.09453125 0.97734375 0.0796875 0.0328125
2 0.2546875 0.94921875 0.0828125 0.08671875
2 0.33203125 0.89375 0.08125 0.0953125
2 0.51953125 0.88125 0.07265625 0.0828125
1 0.56015625 0.7875 0.08984375 0.10390625
2 0.55703125 0.68046875 0.08828125 0.08515625
2 0.5359375 0.5765625 0.08125 0.0953125
2 0.46328125 0.51484375 0.0796875 0.09765625
2 0.53671875 0.44609375 0.08984375 0.10546875
2 0.62265625 0.50234375 0.0921875 0.08515625
1 0.5890625 0.3015625 0.10234375 0.109375
2 0.76875 0.15 0.09375 0.11171875
2 0.98125 0.2 0.03515625 0.128125
2 0.13671875 0.08203125 0.07265625 0.0390625
2 0.34921875 0.10546875 0.078125 0.08671875
4 0.703125 0.31796875 0.0953125 0.11171875
1 0.77734375 0.4203125 0.0828125 0.10546875
2 0.84609375 0.50703125 0.0921875 0.1015625
2 0.9078125 0.44921875 0.0921875 0.1203125
2 0.90703125 0.60234375 0.08671875 0.1015625
2 0.97734375 0.73984375 0.0421875 0.1015625
2 0.9515625 0.84375 0.07265625 0.1015625
1 0.959375 0.94921875 0.0796875 0.08671875
2 0.846875 0.74296875 0.08984375 0.09296875
2 0.97890625 0.515625 0.0390625 0.09921875
2 0.82578125 0.86953125 0.09375 0.115625
2 0.76328125 0.93671875 0.12578125 0.11171875
2 0.69375 0.6328125 0.08984375 0.09765625
2 0.6359375 0.725 0.06171875 0.08046875
2 0.7171875 0.7328125 0.08984375 0.09921875
2 0.72265625 0.83203125 0.10234375 0.10390625
2 0.55234375 0.965625 0.08984375 0.05625
2 0.35234375 0.98125 0.0921875 0.02890625