0 0.65 0.7453125 0.1234375 0.13046875
0 0.8578125 0.56328125 0.08828125 0.134375
0 0.759375 0.07578125 0.0796875 0.14296875
0 0.65546875 0.85625 0.08125 0.15078125
0 0.73046875 0.3765625 0.10234375 0.13671875
0 0.24765625 0.64296875 0.065625 0.184375
2 0.51171875 0.69453125 0.1328125 0.115625
2 0.42109375 0.34453125 0.10234375 0.09921875
2 0.30390625 0.390625 0.0921875 0.11796875
2 0.1875 0.30234375 0.1078125 0.0890625
2 0.24453125 0.2828125 0.08984375 0.115625
2 0.27421875 0.14921875 0.08125 0.121875
2 0.34921875 0.08515625 0.06875 0.121875
2 0.4109375 0.178125 0.08125 0.14921875
2 0.45703125 0.2453125 0.08671875 0.1078125
1 0.39140625 0.615625 0.0828125 0.1203125
2 0.3828125 0.77109375 0.12890625 0.07890625
2 0.359375 0.90234375 0.08125 0.0578125
2 0.2953125 0.86875 0.07421875 0.09140625
2 0.24765625 0.84140625 0.11484375 0.1140625
2 0.20703125 0.728125 0.08671875 0.10390625
2 0.06953125 0.89609375 0.1234375 0.0828125
2 0.109375 0.790625 0.0921875 0.1203125
2 0.1359375 0.70078125 0.04765625 0.1453125
2 0.1640625 0.42421875 0.0921875 0.08515625
1 0.0765625 0.45546875 0.07578125 0.0890625
2 0.16875 0.5359375 0.0828125 0.09921875
2 0.24296875 0.52265625 0.08515625 0.09921875
2 0.771875 0.81328125 0.08828125 0.08515625
2 0.859375 0.89375 0.0546875 0.08046875
2 0.9046875 0.83203125 0.08125 0.09765625
2 0.81015625 0.665625 0.10078125 0.13671875
2 0.68515625 0.64296875 0.1109375 0.0890625
2 0.7171875 0.51796875 0.11484375 0.1015625
2 0.66796875 0.42421875 0.08515625 0.10390625
2 0.8484375 0.33671875 0.10078125 0.09296875
2 0.890625 0.4609375 0.07265625 0.09765625
2 0.91171875 0.1984375 0.07421875 0.1078125
2 0.88984375 0.0703125 0.10234375 0.11796875
2 0.8328125 0.18359375 0.08671875 0.0890625
2 0.79453125 0.29296875 0.08515625 0.09765625
2 0.69765625 0.3046875 0.10390625 0.10546875
2 0.68984375 0.146875 0.08984375 0.1203125
2 0.60234375 0.05 0.07421875 0.09921875
2 0.259375 0.05703125 0.0796875 0.1015625
2 0.18828125 0.08203125 0.07578125 0.1203125
2 0.11875 0.15390625 0.1234375 0.1015625
2 0.04609375 0.68828125 0.0921875 0.09140625
2 0.0390625 0.5890625 0.06875 0.08671875
2 0.53359375 0.821875 0.0671875 0.12421875
2 0.4578125 0.88828125 0.08515625 0.0828125
2 0.92421875 0.671875 0.04765625 0.0890625