3 0.23125 0.4140625 0.11328125 0.140625
3 0.2 0.80546875 0.10625 0.165625
3 0.18828125 0.66484375 0.13984375 0.115625
3 0.365625 0.6421875 0.11484375 0.0953125
3 0.46328125 0.39140625 0.15 0.08515625
3 0.540625 0.09609375 0.14453125 0.05625
3 0.68984375 0.11171875 0.1359375 0.0625
3 0.6984375 0.31953125 0.121875 0.09296875
3 0.56015625 0.52109375 0.11328125 0.08671875
2 0.7296875 0.5984375 0.07578125 0.146875
3 0.54921875 0.63671875 0.07265625 0.128125
3 0.35546875 0.540625 0.09375 0.11171875
2 0.88671875 0.7796875 0.0703125 0.1328125
2 0.8734375 0.6109375 0.096875 0.1078125
2 0.83125 0.37265625 0.078125 0.1328125
2 0.33046875 0.1984375 0.0953125 0.13671875
2 0.14765625 0.1984375 0.08125 0.10546875
2 0.04765625 0.58984375 0.08828125 0.140625
2 0.0859375 0.67109375 0.07421875 0.0953125
2 0.21328125 0.58046875 0.07421875 0.0765625
2 0.23359375 0.5125 0.11640625 0.08515625
1 0.64453125 0.94921875 0.08984375 0.09296875
2 0.75625 0.95234375 0.11875 0.08515625
2 0.6765625 0.6953125 0.0796875 0.09765625
2 0.65546875 0.45859375 0.08515625 0.1140625
2 0.7296875 0.40859375 0.07421875 0.1203125
2 0.92109375 0.284375 0.053125 0.09765625
2 0.9171875 0.375 0.05625 0.0625
2 0.4140625 0.8125 0.121875 0.0625
2 0.48515625 0.78671875 0.08984375 0.09296875
2 0.603125 0.609375 0.08984375 0.09765625
2 0.109375 0.84921875 0.06171875 0.13046875
2 0.03125 0.81875 0.04765625 0.109375
2 0.02265625 0.9390625 0.03359375 0.09921875
2 0.38984375 0.73671875 0.0828125 0.08046875
2 0.315625 0.484375 0.09375 0.0703125
1 0.7859375 0.5265625 0.10390625 0.109375