0 0.28828125 0.50390625 0.0796875 0.1390625
0 0.1828125 0.82890625 0.11640625 0.10390625
0 0.51875 0.0359375 0.11328125 0.06796875
0 0.3796875 0.02890625 0.109375 0.0515625
3 0.23125 0.0453125 0.115625 0.090625
3 0.2046875 0.14375 0.1109375 0.146875
3 0.184375 0.2359375 0.1640625 0.06015625
3 0.04296875 0.53828125 0.0859375 0.1296875
2 0.8984375 0.046875 0.0953125 0.09296875
2 0.62265625 0.30859375 0.10234375 0.15078125
2 0.47109375 0.221875 0.08125 0.10546875
2 0.3828125 0.221875 0.078125 0.10546875
2 0.3046875 0.2203125 0.07421875 0.11171875
2 0.2625 0.31484375 0.0921875 0.10546875
2 0.03359375 0.07890625 0.06171875 0.128125
2 0.040625 0.20390625 0.0796875 0.1015625
2 0.1828125 0.353125 0.05625 0.134375
2 0.26484375 0.40234375 0.1078125 0.1015625
2 0.13359375 0.440625 0.09921875 0.1203125
2 0.01953125 0.44609375 0.03359375 0.09296875
2 0.08203125 0.6140625 0.08984375 0.11171875
2 0.040625 0.90078125 0.07421875 0.07890625
2 0.16015625 0.91015625 0.10234375 0.0390625
2 0.30703125 0.67421875 0.1109375 0.1265625
2 0.35390625 0.57109375 0.08828125 0.09296875
2 0.44296875 0.45234375 0.1078125 0.09296875
2 0.459375 0.37578125 0.11484375 0.07890625
2 0.715625 0.4671875 0.09375 0.1078125
2 0.87578125 0.3703125 0.0796875 0.1265625
2 0.78984375 0.51171875 0.14140625 0.08046875
2 0.66953125 0.5671875 0.09921875 0.1015625
2 0.79453125 0.809375 0.096875 0.09921875
2 0.56171875 0.840625 0.11328125 0.115625
2 0.48125 0.76953125 0.08984375 0.09765625
2 0.2859375 0.83984375 0.0796875 0.1015625
2 0.41796875 0.89453125 0.08984375 0.07890625
2 0.31328125 0.91796875 0.0921875 0.0265625
2 0.6625 0.90078125 0.0953125 0.0703125