3 0.49765625 0.79921875 0.12890625 0.0625
3 0.66640625 0.4015625 0.08828125 0.1265625
3 0.66875 0.18515625 0.1625 0.09765625
3 0.06484375 0.3859375 0.12578125 0.0765625
3 0.04765625 0.059375 0.08515625 0.08671875
3 0.73671875 0.2828125 0.096875 0.06796875
0 0.24609375 0.17734375 0.09375 0.09140625
0 0.9046875 0.5421875 0.078125 0.121875
0 0.7546875 0.4328125 0.08125 0.14296875
0 0.27265625 0.06015625 0.06015625 0.1078125
0 0.2140625 0.9046875 0.11875 0.0515625
0 0.58515625 0.6390625 0.12734375 0.0828125
2 0.23828125 0.7671875 0.10234375 0.1078125
2 0.3625 0.6015625 0.11484375 0.0828125
1 0.3796875 0.70078125 0.10078125 0.10546875
1 0.37578125 0.8765625 0.10234375 0.10546875
1 0.05234375 0.69453125 0.09921875 0.09921875
2 0.0796875 0.89453125 0.08828125 0.08671875
1 0.75625 0.71875 0.09921875 0.128125
2 0.69609375 0.7984375 0.09921875 0.1203125
1 0.79140625 0.82421875 0.08671875 0.109375
2 0.87890625 0.8640625 0.10234375 0.09921875
1 0.55625 0.8765625 0.08671875 0.09296875
2 0.50234375 0.7109375 0.08515625 0.1015625
2 0.19375 0.7984375 0.096875 0.09140625
2 0.01796875 0.84140625 0.028125 0.09296875
2 0.04609375 0.57890625 0.07421875 0.115625
2 0.053125 0.534375 0.096875 0.10390625
2 0.196875 0.4546875 0.09375 0.09921875
2 0.240625 0.53828125 0.096875 0.06796875
2 0.29765625 0.4578125 0.08515625 0.121875
1 0.41015625 0.33828125 0.0828125 0.11171875
2 0.15390625 0.43515625 0.08671875 0.121875
2 0.20390625 0.2671875 0.07265625 0.10546875
1 0.29453125 0.334375 0.10234375 0.10546875
4 0.36015625 0.14921875 0.10234375 0.15546875
2 0.05546875 0.2 0.07265625 0.09140625
2 0.03671875 0.12421875 0.065625 0.09140625
2 0.134375 0.12421875 0.1078125 0.121875
1 0.19609375 0.06953125 0.1078125 0.1203125
1 0.53125 0.0890625 0.1109375 0.09921875
2 0.49453125 0.49921875 0.0796875 0.09921875
2 0.46328125 0.6109375 0.096875 0.07265625
2 0.684375 0.64609375 0.07421875 0.0953125
2 0.6484375 0.70078125 0.07421875 0.0828125
2 0.60625 0.528125 0.08515625 0.10390625
2 0.565625 0.5515625 0.07421875 0.08046875
2 0.89375 0.215625 0.121875 0.16328125
1 0.903125 0.3703125 0.08515625 0.09921875
2 0.83125 0.5671875 0.08671875 0.13046875
2 0.7359375 0.5671875 0.08125 0.0953125
2 0.50546875 0.38125 0.08984375 0.1015625
2 0.56015625 0.31953125 0.08984375 0.10546875
2 0.578125 0.203125 0.0953125 0.09296875
2 0.678125 0.33984375 0.0828125 0.05390625
2 0.6375 0.2609375 0.08515625 0.09921875
2 0.7453125 0.05703125 0.08125 0.10546875
2 0.84296875 0.07734375 0.0953125 0.09765625
2 0.89921875 0.04765625 0.10234375 0.09140625
2 0.58515625 0.01796875 0.08984375 0.03515625
2 0.8640625 0.2328125 0.17109375 0.16328125