3 0.4 0.21640625 0.1203125 0.140625
3 0.43828125 0.721875 0.15390625 0.165625
3 0.1953125 0.81171875 0.1234375 0.09140625
3 0.03125 0.7890625 0.06171875 0.05390625
3 0.021875 0.8765625 0.03515625 0.0515625
3 0.3828125 0.3125 0.121875 0.07421875
0 0.921875 0.2828125 0.04765625 0.11171875
0 0.9109375 0.59765625 0.07421875 0.15546875
0 0.8109375 0.46875 0.10234375 0.0578125
3 0.03671875 0.44609375 0.07265625 0.115625
2 0.61015625 0.2265625 0.07265625 0.09296875
3 0.59921875 0.365625 0.1484375 0.1015625
2 0.5984375 0.4046875 0.096875 0.09296875
1 0.56640625 0.58984375 0.10625 0.1203125
1 0.07265625 0.68515625 0.0953125 0.109375
4 0.09921875 0.53203125 0.10234375 0.1203125
2 0.32890625 0.553125 0.10625 0.13671875
2 0.36015625 0.6359375 0.10234375 0.121875
2 0.41328125 0.57890625 0.10625 0.1203125
2 0.48515625 0.6921875 0.1328125 0.16171875
1 0.5890625 0.7234375 0.0921875 0.10390625
2 0.58984375 0.82890625 0.0703125 0.0765625
2 0.653125 0.85078125 0.11484375 0.0953125
2 0.64765625 0.9203125 0.11484375 0.0265625
2 0.41640625 0.83671875 0.10234375 0.09140625
2 0.3625 0.7609375 0.08515625 0.08515625
4 0.16484375 0.3125 0.09375 0.128125
2 0.12421875 0.3921875 0.10078125 0.11796875
2 0.04609375 0.2859375 0.08125 0.1078125
2 0.034375 0.16015625 0.06875 0.10546875
2 0.04609375 0.05625 0.0921875 0.09921875
1 0.26953125 0.03828125 0.08515625 0.06796875
2 0.359375 0.06796875 0.0921875 0.10546875
2 0.275 0.13125 0.09375 0.0953125
2 0.440625 0.046875 0.0953125 0.09296875
2 0.44375 0.15859375 0.11328125 0.10546875
2 0.60234375 0.03203125 0.10390625 0.0640625
2 0.6828125 0.0125 0.06875 0.025
2 0.7546875 0.08203125 0.08828125 0.09296875
2 0.85234375 0.0703125 0.0953125 0.109375
2 0.92734375 0.0546875 0.03515625 0.1015625
2 0.8171875 0.203125 0.0953125 0.09296875
2 0.9328125 0.15390625 0.025 0.06640625
2 0.81015625 0.30859375 0.10078125 0.0890625
2 0.69765625 0.2859375 0.09921875 0.11171875
2 0.728125 0.14296875 0.08671875 0.1015625
2 0.32421875 0.353125 0.0921875 0.10546875
2 0.25546875 0.41328125 0.09375 0.08671875
1 0.490625 0.346875 0.10234375 0.10390625
1 0.47109375 0.4421875 0.08125 0.08671875
2 0.73359375 0.4015625 0.15390625 0.134375
2 0.8859375 0.50546875 0.11875 0.1390625
2 0.83984375 0.58671875 0.07578125 0.0953125
2 0.7953125 0.715625 0.09375 0.115625
2 0.89921875 0.77109375 0.09921875 0.1140625
2 0.903125 0.88515625 0.08515625 0.09296875
2 0.8265625 0.8828125 0.09375 0.1015625
2 0.05859375 0.89375 0.10078125 0.0765625