3 0.43984375 0.77421875 0.15 0.08046875
3 0.36328125 0.9703125 0.0984375 0.059375
3 0.39765625 0.96171875 0.078125 0.06015625
3 0.5515625 0.88828125 0.121875 0.109375
3 0.82265625 0.92734375 0.1484375 0.07890625
3 0.39140625 0.2265625 0.16640625 0.05390625
3 0.540625 0.4140625 0.12890625 0.0625
3 0.69296875 0.384375 0.11875 0.06015625
3 0.88359375 0.31953125 0.146875 0.0625
3 0.459375 0.6296875 0.1328125 0.0703125
3 0.16171875 0.60625 0.146875 0.09921875
3 0.5703125 0.76796875 0.12578125 0.07265625
1 0.959375 0.775 0.06875 0.0890625
1 0.1171875 0.7578125 0.07421875 0.07890625
2 0.08828125 0.884375 0.07578125 0.08515625
2 0.31328125 0.88828125 0.0796875 0.10390625
2 0.30390625 0.78984375 0.07265625 0.0765625
2 0.27734375 0.75078125 0.07421875 0.0953125
2 0.346875 0.67109375 0.08828125 0.08671875
1 0.6546875 0.61875 0.0828125 0.13671875
2 0.7390625 0.67109375 0.0953125 0.09921875
2 0.73046875 0.5640625 0.08125 0.0890625
1 0.84296875 0.63359375 0.0953125 0.09140625
1 0.81796875 0.5125 0.096875 0.08046875
2 0.8390625 0.83125 0.10390625 0.1203125
2 0.93359375 0.92265625 0.0921875 0.09921875
2 0.70703125 0.93203125 0.109375 0.07421875
2 0.74296875 0.840625 0.07578125 0.09921875
2 0.675 0.77109375 0.0703125 0.12421875
2 0.52421875 0.7015625 0.08125 0.10390625
2 0.58125 0.78984375 0.06171875 0.08046875
2 0.171875 0.4375 0.14453125 0.12421875
2 0.278125 0.4078125 0.10234375 0.1328125
2 0.2984375 0.33359375 0.10625 0.0765625
2 0.35703125 0.1171875 0.096875 0.09296875
2 0.11015625 0.19765625 0.08828125 0.1015625
2 0.13125 0.30625 0.0671875 0.0890625
2 0.565625 0.325 0.10234375 0.1078125
2 0.5859375 0.48359375 0.07421875 0.06796875
2 0.46171875 0.509375 0.10625 0.09765625
2 0.41640625 0.43046875 0.07265625 0.08671875
2 0.4703125 0.35078125 0.07578125 0.134375
2 0.3796875 0.31171875 0.0703125 0.09140625
2 0.71640625 0.303125 0.10234375 0.0953125
2 0.7796875 0.209375 0.08984375 0.0703125
4 0.86953125 0.20078125 0.0921875 0.1203125
2 0.95078125 0.32421875 0.08125 0.09765625
2 0.42421875 0.90078125 0.08125 0.13671875
2 0.19140625 0.51953125 0.09375 0.08671875
2 0.26484375 0.20390625 0.08984375 0.1078125
2 0.153125 0.1015625 0.09921875 0.05390625
2 0.509375 0.1921875 0.10234375 0.121875
2 0.62890625 0.22578125 0.0921875 0.08671875
2 0.71328125 0.16015625 0.08515625 0.09296875
2 0.6140625 0.11796875 0.10390625 0.08671875
2 0.79296875 0.4046875 0.096875 0.09296875