3 0.146875 0.63671875 0.1875 0.07421875
3 0.59375 0.63359375 0.1359375 0.08671875
3 0.5796875 0.34921875 0.07265625 0.178125
3 0.30546875 0.2546875 0.134375 0.06796875
0 0.70390625 0.4453125 0.134375 0.0703125
0 0.55859375 0.12734375 0.09375 0.10546875
2 0.1796875 0.39375 0.10234375 0.09921875
2 0.1296875 0.32734375 0.08671875 0.0953125
2 0.0734375 0.26953125 0.040625 0.0890625
1 0.0828125 0.14296875 0.06015625 0.1140625
1 0.090625 0.4140625 0.065625 0.09296875
3 0.13359375 0.53828125 0.0796875 0.08515625
2 0.0765625 0.52265625 0.04609375 0.08671875
2 0.07265625 0.59296875 0.028125 0.0765625
2 0.071875 0.715625 0.03671875 0.07421875
2 0.23671875 0.6953125 0.07421875 0.09765625
2 0.20703125 0.528125 0.096875 0.121875
1 0.115625 0.2484375 0.078125 0.1328125
2 0.25546875 0.32734375 0.10234375 0.07265625
2 0.346875 0.346875 0.11484375 0.08671875
2 0.3109375 0.378125 0.08515625 0.08046875
2 0.33515625 0.4046875 0.0671875 0.11171875
2 0.303125 0.534375 0.0671875 0.08046875
2 0.30703125 0.48359375 0.12890625 0.134375
2 0.40546875 0.4421875 0.06875 0.115625
2 0.33046875 0.2171875 0.1484375 0.06796875
2 0.359375 0.196875 0.078125 0.0640625
2 0.34921875 0.1171875 0.10390625 0.08671875
1 0.55703125 0.225 0.08828125 0.09765625
1 0.453125 0.2515625 0.08984375 0.0828125
2 0.44453125 0.33046875 0.08125 0.07421875
2 0.4640625 0.07734375 0.08125 0.02890625
2 0.50625 0.1109375 0.08515625 0.1078125
2 0.646875 0.08984375 0.14296875 0.05390625
2 0.771875 0.08828125 0.078125 0.04765625
1 0.90078125 0.1046875 0.08515625 0.08046875
2 0.9703125 0.11171875 0.04921875 0.0890625
2 0.83984375 0.24921875 0.096875 0.1015625
2 0.96796875 0.4609375 0.053125 0.09296875
2 0.9328125 0.4453125 0.0921875 0.10546875
2 0.9046875 0.3796875 0.0515625 0.05
2 0.62734375 0.353125 0.08125 0.12421875
2 0.53828125 0.49921875 0.10625 0.08671875
2 0.63984375 0.534375 0.0828125 0.09140625
2 0.77890625 0.54765625 0.11484375 0.165625
2 0.68359375 0.6125 0.08125 0.09296875
2 0.74765625 0.66796875 0.078125 0.07421875
2 0.7484375 0.73359375 0.09375 0.10546875
2 0.97421875 0.5921875 0.0515625 0.0890625
2 0.978125 0.69453125 0.040625 0.0953125
2 0.9484375 0.64609375 0.0703125 0.0515625
2 0.93671875 0.5796875 0.07578125 0.07890625
2 0.8625 0.621875 0.10234375 0.09140625
2 0.8828125 0.74921875 0.0921875 0.0765625
2 0.48046875 0.60390625 0.08828125 0.1140625
1 0.41875 0.66015625 0.0796875 0.10546875
1 0.32890625 0.66875 0.0796875 0.10390625
1 0.3421875 0.83828125 0.08671875 0.11171875
1 0.284375 0.9375 0.0921875 0.10546875
1 0.4453125 0.81328125 0.096875 0.11171875
1 0.36015625 0.9578125 0.078125 0.0765625
2 0.4453125 0.97421875 0.0828125 0.0515625
2 0.49765625 0.96171875 0.0921875 0.0765625
2 0.58359375 0.71875 0.0921875 0.0828125
2 0.615625 0.8078125 0.0921875 0.10390625
1 0.703125 0.84296875 0.09375 0.0953125
1 0.7859375 0.91328125 0.0953125 0.1390625
1 0.8671875 0.95859375 0.0921875 0.0828125
2 0.96484375 0.9453125 0.0671875 0.06640625