3 0.534375 0.50859375 0.12890625 0.1015625
3 0.4578125 0.60859375 0.06171875 0.1390625
3 0.19765625 0.74140625 0.11484375 0.05625
3 0.33046875 0.825 0.134375 0.09140625
3 0.28515625 0.15234375 0.11640625 0.1015625
3 0.08359375 0.12421875 0.0546875 0.09140625
3 0.41171875 0.73984375 0.12734375 0.07890625
3 0.20390625 0.9734375 0.1484375 0.04765625
3 0.23203125 0.9296875 0.1328125 0.06640625
3 0.5328125 0.23515625 0.08828125 0.146875
3 0.61484375 0.353125 0.10078125 0.06640625
0 0.08515625 0.5671875 0.05625 0.1203125
0 0.0765625 0.8375 0.04609375 0.09296875
0 0.28125 0.38125 0.14453125 0.0625
0 0.80390625 0.12734375 0.11875 0.07890625
0 0.9 0.5515625 0.1234375 0.08046875
3 0.521875 0.9703125 0.1484375 0.0515625
3 0.6609375 0.92265625 0.08515625 0.1328125
1 0.5890625 0.7390625 0.0921875 0.09140625
2 0.81796875 0.7671875 0.08671875 0.10546875
2 0.6515625 0.5734375 0.08671875 0.0953125
4 0.73359375 0.49765625 0.096875 0.11796875
4 0.4046875 0.41171875 0.09375 0.0890625
2 0.3421875 0.31484375 0.09375 0.0625
2 0.271875 0.2671875 0.10625 0.1015625
2 0.18671875 0.31171875 0.09375 0.0953125
2 0.16875 0.1984375 0.11640625 0.0953125
2 0.33828125 0.0921875 0.11640625 0.05390625
2 0.3609375 0.228125 0.096875 0.13046875
2 0.46640625 0.2546875 0.0671875 0.09140625
2 0.60546875 0.290625 0.109375 0.05390625
2 0.74296875 0.290625 0.0796875 0.1015625
2 0.734375 0.11796875 0.0921875 0.1078125
2 0.61015625 0.08828125 0.0703125 0.04765625
2 0.9546875 0.26328125 0.0796875 0.09140625
2 0.971875 0.42265625 0.05625 0.11796875
2 0.9609375 0.653125 0.07265625 0.11171875
2 0.87578125 0.67578125 0.08125 0.12421875
2 0.97578125 0.91484375 0.04765625 0.115625
2 0.87578125 0.95859375 0.10078125 0.07890625
2 0.740625 0.97890625 0.10078125 0.04140625
2 0.55703125 0.9140625 0.10390625 0.11796875
2 0.4609375 0.9546875 0.07265625 0.06015625
2 0.46171875 0.85390625 0.11640625 0.09140625
2 0.4234375 0.76953125 0.08671875 0.0625
2 0.22578125 0.64375 0.078125 0.134375
2 0.30703125 0.72578125 0.078125 0.0953125
2 0.29609375 0.84765625 0.06875 0.1140625
2 0.16171875 0.8078125 0.07578125 0.08515625
2 0.10546875 0.696875 0.08984375 0.10390625
2 0.175 0.57265625 0.11640625 0.1203125
2 0.23515625 0.45625 0.09375 0.09140625
2 0.63515625 0.42890625 0.096875 0.0953125
2 0.475 0.471875 0.0703125 0.0515625