3 0.259375 0.2328125 0.18359375 0.10390625
3 0.578125 0.52109375 0.159375 0.06796875
3 0.64296875 0.20390625 0.13984375 0.11171875
0 0.4703125 0.5609375 0.109375 0.07265625
2 0.15078125 0.5640625 0.08515625 0.0890625
2 0.1734375 0.68046875 0.07421875 0.11796875
2 0.26484375 0.83125 0.10234375 0.1078125
2 0.290625 0.73203125 0.0953125 0.09921875
2 0.3984375 0.72265625 0.08984375 0.08671875
2 0.44296875 0.83671875 0.07265625 0.07421875
2 0.50703125 0.85 0.0671875 0.11796875
2 0.5875 0.890625 0.08125 0.0828125
2 0.6078125 0.809375 0.10390625 0.0953125
2 0.6671875 0.7328125 0.08984375 0.0828125
2 0.69453125 0.63671875 0.08125 0.0890625
2 0.50546875 0.64609375 0.07578125 0.0953125
2 0.85078125 0.48046875 0.06875 0.109375
2 0.76796875 0.4578125 0.11484375 0.09140625
2 0.77421875 0.634375 0.065625 0.1015625
2 0.8859375 0.7328125 0.0953125 0.0828125
2 0.83828125 0.84453125 0.0796875 0.0953125
2 0.7359375 0.7890625 0.078125 0.08671875
2 0.75625 0.73515625 0.0953125 0.0765625
2 0.94765625 0.5953125 0.10234375 0.09296875
2 0.93046875 0.48984375 0.13046875 0.08046875
1 0.9234375 0.32109375 0.0796875 0.08671875
2 0.94765625 0.2140625 0.0953125 0.08671875
2 0.9125 0.0578125 0.09921875 0.09921875
2 0.709375 0.040625 0.07421875 0.08046875
2 0.540625 0.03125 0.08828125 0.0625
2 0.428125 0.034375 0.0828125 0.06796875
2 0.3203125 0.02578125 0.08515625 0.0515625
2 0.44296875 0.215625 0.0921875 0.1203125
4 0.51953125 0.32421875 0.09921875 0.1015625
2 0.61640625 0.38828125 0.0671875 0.0890625
2 0.68515625 0.3640625 0.06875 0.08671875
2 0.74921875 0.2875 0.1109375 0.146875
2 0.83515625 0.2515625 0.096875 0.07890625
2 0.63359375 0.5515625 0.0703125 0.1265625
2 0.346875 0.4265625 0.1078125 0.1078125
2 0.45078125 0.63984375 0.1078125 0.0765625
2 0.24453125 0.5734375 0.0671875 0.134375
2 0.17578125 0.48203125 0.0953125 0.1015625
2 0.19140625 0.3921875 0.10625 0.1140625
2 0.271875 0.35 0.07265625 0.09296875
2 0.14140625 0.24296875 0.10234375 0.10390625
2 0.103125 0.34296875 0.0796875 0.08515625
2 0.078125 0.43359375 0.06171875 0.0890625
2 0.31015625 0.16328125 0.10625 0.0953125
2 0.46796875 0.7703125 0.09375 0.09140625