3 0.8203125 0.27734375 0.15 0.06015625
3 0.37578125 0.04765625 0.109375 0.06015625
1 0.8609375 0.5890625 0.10625 0.12421875
2 0.940625 0.4140625 0.01796875 0.08046875
2 0.93828125 0.625 0.015625 0.0890625
2 0.92734375 0.2890625 0.0390625 0.0953125
1 0.865625 0.16328125 0.0921875 0.1015625
2 0.703125 0.22890625 0.096875 0.11171875
2 0.7765625 0.38203125 0.1109375 0.12421875
2 0.68515625 0.4578125 0.08515625 0.0828125
2 0.77265625 0.51015625 0.0921875 0.11171875
2 0.72890625 0.73515625 0.10390625 0.109375
4 0.87109375 0.8921875 0.109375 0.0953125
2 0.74375 0.84765625 0.109375 0.115625
1 0.60703125 0.81484375 0.07578125 0.09765625
2 0.6296875 0.69140625 0.10625 0.121875
2 0.64453125 0.53515625 0.06328125 0.11171875
2 0.690625 0.0734375 0.0921875 0.1390625
2 0.596875 0.05625 0.1078125 0.11171875
2 0.4578125 0.4078125 0.10625 0.109375
1 0.45234375 0.76796875 0.1078125 0.12421875
2 0.28671875 0.784375 0.10625 0.115625
2 0.18671875 0.90234375 0.0828125 0.06796875
2 0.09453125 0.8890625 0.08515625 0.09921875
1 0.0953125 0.6875 0.0953125 0.11796875
2 0.29609375 0.59765625 0.10390625 0.09921875
2 0.115625 0.56484375 0.09921875 0.1265625
2 0.02578125 0.91015625 0.0421875 0.05625
2 0.14765625 0.4359375 0.109375 0.134375
2 0.25234375 0.4015625 0.08984375 0.13046875
2 0.40546875 0.2890625 0.08984375 0.128125
2 0.3046875 0.2921875 0.0953125 0.11796875
2 0.153125 0.16015625 0.11328125 0.128125
2 0.33671875 0.159375 0.15 0.12421875
2 0.26796875 0.07109375 0.0921875 0.1015625
2 0.01953125 0.07265625 0.0390625 0.09921875