3 0.30859375 0.82421875 0.15390625 0.09296875
0 0.79921875 0.05625 0.0953125 0.10390625
3 0.80234375 0.121875 0.09375 0.11171875
3 0.76640625 0.16875 0.10390625 0.10390625
3 0.69609375 0.109375 0.1625 0.06640625
3 0.43359375 0.1375 0.14140625 0.1078125
3 0.709375 0.8546875 0.1515625 0.0703125
3 0.83671875 0.58359375 0.11875 0.08515625
2 0.84609375 0.6015625 0.08125 0.0953125
0 0.784375 0.89921875 0.12578125 0.07265625
0 0.51640625 0.49453125 0.134375 0.07890625
0 0.61875 0.38203125 0.109375 0.0828125
4 0.58203125 0.83671875 0.10078125 0.115625
1 0.0890625 0.71328125 0.10390625 0.115625
2 0.09921875 0.5234375 0.11328125 0.115625
2 0.2359375 0.72890625 0.13046875 0.1203125
1 0.21640625 0.6171875 0.10078125 0.09140625
2 0.41171875 0.91171875 0.10078125 0.04765625
2 0.678125 0.8828125 0.07421875 0.06640625
2 0.8640625 0.8765625 0.08671875 0.10546875
2 0.9265625 0.8765625 0.0390625 0.09296875
1 0.82265625 0.76953125 0.10078125 0.1015625
2 0.6078125 0.778125 0.08125 0.09765625
2 0.67734375 0.75234375 0.12578125 0.1078125
2 0.66875 0.684375 0.10078125 0.08515625
2 0.8484375 0.66640625 0.08515625 0.0953125
2 0.74453125 0.60625 0.10234375 0.11796875
2 0.75859375 0.48515625 0.1234375 0.1015625
1 0.85625 0.42421875 0.0796875 0.1015625
2 0.79609375 0.39765625 0.11640625 0.0703125
2 0.90625 0.33984375 0.078125 0.11171875
2 0.775 0.35390625 0.0953125 0.1015625
2 0.80546875 0.225 0.09375 0.10546875
2 0.71328125 0.27421875 0.08828125 0.09765625
2 0.67421875 0.2328125 0.0703125 0.09765625
2 0.603125 0.19453125 0.08984375 0.10390625
2 0.54921875 0.2171875 0.08125 0.184375
2 0.68046875 0.0390625 0.0828125 0.06640625
2 0.48828125 0.1125 0.0671875 0.115625
2 0.45 0.08671875 0.0828125 0.0953125
2 0.3734375 0.03515625 0.1109375 0.0578125
2 0.25078125 0.05390625 0.07421875 0.09140625
2 0.0421875 0.03515625 0.07421875 0.0625
2 0.18515625 0.36875 0.0921875 0.10390625
2 0.18828125 0.31328125 0.078125 0.11171875
2 0.24921875 0.48125 0.0796875 0.11796875
2 0.340625 0.55078125 0.08671875 0.10390625
2 0.3515625 0.46171875 0.109375 0.109375
2 0.42734375 0.4171875 0.08515625 0.07421875
2 0.43203125 0.34921875 0.0953125 0.1078125
2 0.3359375 0.32109375 0.08515625 0.10546875
2 0.33046875 0.171875 0.09921875 0.09296875
1 0.58203125 0.5890625 0.096875 0.109375
4 0.4875 0.70625 0.1078125 0.121875
2 0.39921875 0.63125 0.06875 0.09140625