3 0.69765625 0.4171875 0.1640625 0.05625
3 0.42734375 0.7875 0.08515625 0.14296875
3 0.38046875 0.546875 0.08125 0.1140625
3 0.6375 0.1984375 0.121875 0.08671875
0 0.66484375 0.84921875 0.10234375 0.08671875
3 0.8703125 0.4140625 0.13984375 0.11796875
0 0.8640625 0.93984375 0.10234375 0.1078125
2 0.059375 0.82421875 0.10234375 0.09296875
1 0.06953125 0.38203125 0.09375 0.09921875
1 0.43359375 0.2796875 0.096875 0.10546875
1 0.734375 0.146875 0.10234375 0.10546875
1 0.8578125 0.65390625 0.10390625 0.10546875
1 0.82890625 0.784375 0.096875 0.1015625
1 0.72890625 0.95859375 0.11875 0.0703125
1 0.290625 0.9375 0.10234375 0.109375
4 0.29921875 0.81640625 0.10234375 0.1015625
2 0.02265625 0.521875 0.0453125 0.1125
2 0.559375 0.2671875 0.1109375 0.11796875
2 0.73828125 0.49921875 0.09375 0.1078125
2 0.08203125 0.940625 0.0953125 0.109375
4 0.1375 0.4671875 0.0953125 0.11796875
2 0.2359375 0.496875 0.06875 0.0953125
2 0.28125 0.29609375 0.06875 0.08046875
2 0.10546875 0.2109375 0.109375 0.07890625
2 0.02578125 0.29609375 0.0421875 0.13046875
4 0.1109375 0.1109375 0.096875 0.0953125
1 0.6375 0.11796875 0.078125 0.09921875
3 0.90390625 0.0859375 0.0796875 0.0390625
2 0.52578125 0.57734375 0.08125 0.1203125
1 0.45234375 0.3953125 0.0953125 0.09921875
2 0.3640625 0.44921875 0.07421875 0.07421875
2 0.5109375 0.71953125 0.08125 0.1203125
2 0.5953125 0.4875 0.09375 0.10390625
2 0.93359375 0.56640625 0.0265625 0.10546875