3 0.40078125 0.40546875 0.07265625 0.109375
3 0.1203125 0.63046875 0.13046875 0.11796875
3 0.784375 0.4359375 0.12890625 0.0703125
3 0.5203125 0.2109375 0.05625 0.16796875
3 0.31171875 0.24765625 0.053125 0.1078125
4 0.2921875 0.50078125 0.08828125 0.11171875
1 0.22734375 0.9453125 0.11640625 0.08671875
1 0.87109375 0.14609375 0.0921875 0.0953125
2 0.1375 0.50859375 0.1328125 0.11796875
2 0.4265625 0.7421875 0.0828125 0.109375
2 0.49609375 0.89921875 0.08984375 0.09921875
2 0.63984375 0.81875 0.096875 0.09140625
4 0.6828125 0.7390625 0.08125 0.1203125
2 0.73671875 0.82890625 0.10078125 0.09140625
2 0.771875 0.946875 0.09921875 0.0828125
2 0.8265625 0.91953125 0.109375 0.13046875
2 0.89921875 0.9234375 0.078125 0.10546875
2 0.94453125 0.88828125 0.065625 0.11796875
2 0.975 0.796875 0.04609375 0.1015625
2 0.95390625 0.63671875 0.08515625 0.140625
2 0.89140625 0.60234375 0.11328125 0.14296875
2 0.9484375 0.49609375 0.10078125 0.1328125
2 0.80859375 0.525 0.07421875 0.1078125
2 0.61640625 0.5859375 0.1234375 0.09765625
2 0.521875 0.68125 0.08984375 0.08515625
2 0.63125 0.93984375 0.10078125 0.1140625
4 0.340625 0.91171875 0.11875 0.09765625
2 0.278125 0.815625 0.12734375 0.11171875
2 0.14296875 0.97421875 0.096875 0.04375
4 0.07890625 0.9390625 0.053125 0.11171875
2 0.0890625 0.81484375 0.065625 0.10546875
2 0.12890625 0.73671875 0.10390625 0.14296875
2 0.215625 0.7296875 0.07265625 0.1078125
2 0.2828125 0.64375 0.08828125 0.1078125
2 0.28125 0.41484375 0.10234375 0.1078125
2 0.1828125 0.4140625 0.08515625 0.128125
2 0.0890625 0.3734375 0.07421875 0.1203125
2 0.15390625 0.2671875 0.08671875 0.11796875
2 0.18515625 0.23203125 0.08515625 0.09921875
1 0.19375 0.1265625 0.08671875 0.11171875
2 0.43125 0.13359375 0.078125 0.1078125
2 0.525 0.10390625 0.07421875 0.06640625
2 0.60703125 0.12421875 0.0703125 0.11171875
2 0.76171875 0.11796875 0.10078125 0.10390625
2 0.6796875 0.22578125 0.10390625 0.146875
2 0.7140625 0.33046875 0.11875 0.0890625
2 0.89296875 0.2828125 0.10625 0.15078125
2 0.95234375 0.26171875 0.078125 0.10546875
2 0.978125 0.12421875 0.0390625 0.09921875
2 0.78828125 0.66875 0.07421875 0.10390625
2 0.46015625 0.58984375 0.08671875 0.10546875
2 0.4890625 0.5625 0.0953125 0.11796875
2 0.46796875 0.37265625 0.07578125 0.128125
2 0.51953125 0.471875 0.0953125 0.0953125
2 0.56875 0.51171875 0.0953125 0.1140625
2 0.54453125 0.36640625 0.08515625 0.10390625
2 0.30390625 0.1046875 0.10390625 0.0765625
1 0.0890625 0.13671875 0.07421875 0.1015625
2 0.08515625 0.23515625 0.05625 0.1078125