0 0.61953125 0.3703125 0.08828125 0.0890625
3 0.77578125 0.1390625 0.0953125 0.128125
3 0.8828125 0.42890625 0.0421875 0.11171875
3 0.0359375 0.55546875 0.071875 0.1546875
3 0.12109375 0.034375 0.12578125 0.06015625
3 0.16875 0.80625 0.13046875 0.11796875
2 0.33046875 0.30234375 0.08984375 0.09296875
1 0.33046875 0.05 0.08828125 0.08515625
1 0.18125 0.24453125 0.0921875 0.10546875
1 0.23828125 0.33515625 0.0796875 0.11171875
2 0.10703125 0.1296875 0.08671875 0.09921875
2 0.1140625 0.18515625 0.08125 0.0828125
1 0.04140625 0.39921875 0.0828125 0.121875
2 0.02109375 0.2703125 0.03515625 0.121875
0 0.5703125 0.0578125 0.11484375 0.0640625
1 0.41328125 0.034375 0.0796875 0.06796875
2 0.5453125 0.1140625 0.08671875 0.08515625
2 0.53203125 0.18828125 0.109375 0.11171875
2 0.50390625 0.2796875 0.08984375 0.09296875
2 0.48125 0.31875 0.08984375 0.07890625
2 0.38125 0.29375 0.07578125 0.121875
2 0.32578125 0.3828125 0.10390625 0.1015625
1 0.35546875 0.4375 0.0671875 0.09296875
2 0.43046875 0.4671875 0.07421875 0.09296875
2 0.59921875 0.33203125 0.0953125 0.09296875
2 0.70390625 0.29609375 0.08515625 0.09921875
2 0.7 0.05078125 0.08671875 0.0828125
2 0.80546875 0.02890625 0.1078125 0.0578125
2 0.88984375 0.1125 0.10625 0.1015625
4 0.88125 0.30546875 0.08671875 0.09921875
2 0.80390625 0.41328125 0.08125 0.1078125
2 0.76875 0.44375 0.0796875 0.09921875
2 0.68828125 0.46171875 0.0703125 0.10390625
2 0.60234375 0.49453125 0.0953125 0.1265625
2 0.64140625 0.54453125 0.08984375 0.10546875
2 0.55546875 0.49296875 0.08515625 0.115625
2 0.48046875 0.5359375 0.08515625 0.0953125
2 0.26875 0.5859375 0.10234375 0.12421875
2 0.24296875 0.47421875 0.08984375 0.1078125
2 0.2140625 0.44375 0.0953125 0.09921875
2 0.06015625 0.5484375 0.0828125 0.10546875
2 0.10546875 0.63671875 0.0796875 0.1328125
2 0.0203125 0.66328125 0.040625 0.1203125
2 0.01953125 0.78984375 0.03203125 0.1203125
1 0.15078125 0.703125 0.11484375 0.1140625
1 0.38046875 0.76484375 0.0921875 0.1078125
2 0.20390625 0.85625 0.08515625 0.08671875
1 0.3109375 0.82109375 0.0953125 0.09140625
2 0.46484375 0.71015625 0.0828125 0.08671875
2 0.52109375 0.67421875 0.10390625 0.10546875
2 0.57421875 0.79609375 0.08125 0.1078125
2 0.509375 0.80859375 0.10078125 0.109375
1 0.365625 0.884375 0.10390625 0.0953125
2 0.68359375 0.84453125 0.06328125 0.0953125
2 0.7890625 0.84921875 0.10234375 0.0953125
2 0.47421875 0.90390625 0.0953125 0.0515625
2 0.5796875 0.90546875 0.10234375 0.0515625
1 0.84609375 0.7234375 0.08671875 0.115625
1 0.91875 0.74609375 0.06328125 0.1203125
2 0.9015625 0.6234375 0.08671875 0.1015625
2 0.91171875 0.56328125 0.096875 0.08046875
2 0.925 0.4265625 0.053125 0.0953125
2 0.23515625 0.92265625 0.07421875 0.025
2 0.84921875 0.78046875 0.04765625 0.0515625