3 0.49453125 0.0703125 0.10234375 0.140625
3 0.86015625 0.06484375 0.1734375 0.0640625
3 0.27109375 0.05 0.05859375 0.0953125
3 0.30625 0.1375 0.06015625 0.15078125
3 0.3453125 0.278125 0.11328125 0.13046875
3 0.2390625 0.2078125 0.12578125 0.13046875
3 0.065625 0.2671875 0.12734375 0.1078125
3 0.071875 0.175 0.10234375 0.13046875
3 0.209375 0.1109375 0.11484375 0.1203125
3 0.26640625 0.28125 0.10078125 0.11796875
3 0.8234375 0.8 0.096875 0.18671875
3 0.90546875 0.5828125 0.08515625 0.08515625
3 0.103125 0.81484375 0.10234375 0.153125
3 0.1703125 0.89609375 0.08515625 0.06640625
3 0.20859375 0.73828125 0.15 0.1015625
0 0.3328125 0.3859375 0.096875 0.1265625
0 0.421875 0.75390625 0.1375 0.07421875
0 0.74921875 0.64609375 0.12890625 0.0640625
0 0.83203125 0.678125 0.10234375 0.10546875
2 0.5625 0.696875 0.10234375 0.1203125
2 0.05546875 0.390625 0.10234375 0.109375
0 0.5328125 0.40234375 0.09921875 0.11796875
2 0.72890625 0.29375 0.065625 0.121875
0 0.0859375 0.0625 0.0546875 0.11796875
2 0.80625 0.5125 0.1203125 0.121875
2 0.9109375 0.3546875 0.07265625 0.11796875
2 0.7984375 0.328125 0.07578125 0.09765625
2 0.76953125 0.0921875 0.08515625 0.12421875
2 0.6296875 0.0765625 0.09375 0.12421875
2 0.6625 0.2 0.09921875 0.121875
2 0.73828125 0.15078125 0.08671875 0.1078125
2 0.47734375 0.20390625 0.11328125 0.1390625
2 0.540625 0.2953125 0.08828125 0.1203125
2 0.68828125 0.3921875 0.11328125 0.1203125
2 0.6375 0.36953125 0.0921875 0.07890625
2 0.7109375 0.49140625 0.10390625 0.11796875
2 0.31640625 0.60078125 0.10078125 0.13046875
0 0.6953125 0.82265625 0.11328125 0.08515625
0 0.92734375 0.9046875 0.0515625 0.05625
2 0.91875 0.66796875 0.06328125 0.1015625
2 0.6625 0.859375 0.1375 0.09296875
2 0.4078125 0.9078125 0.12734375 0.05390625
4 0.24140625 0.81640625 0.10390625 0.1015625
2 0.0921875 0.68125 0.0828125 0.12421875
2 0.0359375 0.64921875 0.06328125 0.09140625
1 0.24296875 0.3984375 0.08125 0.1015625
2 0.37109375 0.15546875 0.078125 0.13046875
2 0.35390625 0.028125 0.10234375 0.05
2 0.0859375 0.878125 0.09921875 0.08515625
2 0.76875 0.76171875 0.07578125 0.109375