2 0.59453125 0.8015625 0.08125 0.09921875
2 0.5109375 0.35703125 0.09921875 0.12421875
2 0.56640625 0.18125 0.096875 0.10546875
2 0.2765625 0.11796875 0.096875 0.09921875
2 0.32890625 0.865625 0.09375 0.10546875
2 0.96640625 0.271875 0.06015625 0.121875
1 0.42421875 0.19765625 0.09921875 0.1140625
2 0.1328125 0.14296875 0.09921875 0.1140625
2 0.2203125 0.26796875 0.096875 0.1203125
3 0.65 0.31640625 0.109375 0.07890625
0 0.64765625 0.93984375 0.06171875 0.1203125
0 0.73203125 0.15703125 0.12578125 0.06015625
0 0.4 0.57578125 0.109375 0.115625
0 0.14921875 0.8640625 0.0921875 0.15078125
0 0.87734375 0.51875 0.0953125 0.11171875
2 0.578125 0.628125 0.0953125 0.146875
2 0.59296875 0.4265625 0.07421875 0.0953125
2 0.63671875 0.50859375 0.0828125 0.09140625
2 0.25390625 0.59921875 0.09375 0.07890625
2 0.34921875 0.66015625 0.07421875 0.07890625
2 0.45546875 0.66796875 0.10234375 0.13671875
0 0.78671875 0.73359375 0.12890625 0.07890625
2 0.8453125 0.884375 0.0703125 0.1203125
2 0.9046875 0.959375 0.09921875 0.07265625
2 0.76484375 0.96875 0.096875 0.05390625
2 0.97421875 0.9390625 0.0421875 0.121875
2 0.9390625 0.73828125 0.07265625 0.109375
2 0.40078125 0.771875 0.08125 0.1203125
1 0.4234375 0.89453125 0.0828125 0.109375
2 0.5125 0.9640625 0.09375 0.071875
2 0.41875 0.97421875 0.078125 0.04375
2 0.078125 0.815625 0.04453125 0.121875
2 0.1 0.5640625 0.08984375 0.08671875
2 0.0796875 0.44296875 0.0515625 0.10546875
2 0.33203125 0.55703125 0.078125 0.1015625
2 0.67421875 0.640625 0.0921875 0.109375
2 0.8046875 0.678125 0.13046875 0.0828125
2 0.88046875 0.68671875 0.078125 0.146875
2 0.96484375 0.6296875 0.06328125 0.1140625
2 0.90625 0.4109375 0.10234375 0.11171875
2 0.7625 0.49765625 0.07421875 0.1140625
2 0.73359375 0.5796875 0.08671875 0.1328125
2 0.2390625 0.47890625 0.10390625 0.16171875
2 0.221875 0.40390625 0.09375 0.1078125
2 0.159375 0.49296875 0.08828125 0.115625
2 0.75078125 0.25703125 0.078125 0.0953125
2 0.8375 0.45 0.0921875 0.08046875
2 0.8625 0.34140625 0.08515625 0.0890625
2 0.84296875 0.2265625 0.0953125 0.09765625
2 0.89296875 0.16953125 0.07578125 0.0890625
2 0.828125 0.10859375 0.10234375 0.08046875
2 0.7625 0.1296875 0.11484375 0.115625