3 0.08125 0.1984375 0.14296875 0.06640625
3 0.27578125 0.33203125 0.08515625 0.1203125
3 0.45859375 0.26484375 0.1328125 0.10390625
3 0.61328125 0.128125 0.11328125 0.08515625
3 0.6390625 0.503125 0.1359375 0.09140625
3 0.81015625 0.69375 0.15390625 0.07421875
3 0.33125 0.88828125 0.1609375 0.10390625
3 0.31171875 0.634375 0.07578125 0.15546875
3 0.771875 0.18203125 0.1109375 0.08515625
3 0.865625 0.39921875 0.11875 0.08671875
3 0.90078125 0.76796875 0.09921875 0.11171875
3 0.890625 0.7609375 0.09921875 0.07265625
3 0.03671875 0.1328125 0.0546875 0.0515625
3 0.5109375 0.34453125 0.1328125 0.06796875
2 0.51640625 0.69375 0.10078125 0.109375
2 0.578125 0.83671875 0.09921875 0.10390625
2 0.071875 0.465625 0.11640625 0.16171875
2 0.09296875 0.62421875 0.10390625 0.10390625
2 0.2953125 0.76953125 0.10078125 0.09765625
2 0.38984375 0.75078125 0.08984375 0.11171875
2 0.36640625 0.28984375 0.0796875 0.1203125
2 0.31796875 0.21953125 0.10625 0.06796875
2 0.4671875 0.11171875 0.078125 0.09140625
2 0.87734375 0.0953125 0.10390625 0.05625
2 0.85703125 0.31953125 0.10078125 0.1015625
2 0.75078125 0.43359375 0.08828125 0.07890625
2 0.6421875 0.321875 0.06875 0.1140625
2 0.64375 0.38828125 0.121875 0.07890625
2 0.60234375 0.46484375 0.12578125 0.0828125
2 0.47421875 0.4171875 0.1328125 0.08671875
2 0.09375 0.74921875 0.109375 0.0765625
2 0.74296875 0.88125 0.07265625 0.0890625
2 0.8453125 0.97109375 0.0953125 0.0578125
2 0.83359375 0.59921875 0.0921875 0.0890625
2 0.1953125 0.146875 0.1234375 0.1265625
2 0.25703125 0.109375 0.07265625 0.08671875
2 0.365625 0.0984375 0.11484375 0.07265625
2 0.14609375 0.2828125 0.07421875 0.13046875
2 0.2046875 0.34609375 0.07578125 0.1328125
2 0.03828125 0.26171875 0.0703125 0.10546875
2 0.14375 0.39609375 0.10234375 0.12421875
2 0.25859375 0.51640625 0.08125 0.06796875
2 0.340625 0.48203125 0.08828125 0.0828125
2 0.03125 0.7671875 0.0546875 0.14296875
2 0.21484375 0.93046875 0.07421875 0.115625
2 0.29921875 0.95625 0.08515625 0.06796875
2 0.57890625 0.6078125 0.09375 0.0828125
2 0.646875 0.7125 0.08671875 0.13046875
2 0.73359375 0.74296875 0.0828125 0.1078125
2 0.728125 0.540625 0.08125 0.11171875
2 0.91875 0.52578125 0.06015625 0.0828125
2 0.8203125 0.83671875 0.08828125 0.09765625
2 0.57890625 0.203125 0.10078125 0.0703125