2 0.965625 0.19140625 0.06875 0.0953125
3 0.81953125 0.696875 0.109375 0.11171875
3 0.37578125 0.4390625 0.06015625 0.17578125
0 0.14296875 0.41796875 0.13984375 0.06796875
2 0.34296875 0.1015625 0.10078125 0.07421875
2 0.2359375 0.1265625 0.07421875 0.109375
1 0.178125 0.21953125 0.08828125 0.11171875
2 0.07421875 0.26015625 0.04453125 0.109375
2 0.2953125 0.2546875 0.07578125 0.109375
1 0.46328125 0.165625 0.08984375 0.109375
1 0.56328125 0.278125 0.08828125 0.09765625
2 0.87890625 0.24921875 0.07265625 0.1078125
2 0.88125 0.36640625 0.08125 0.1015625
2 0.9734375 0.3109375 0.053125 0.11171875
2 0.96796875 0.4046875 0.06328125 0.06015625
2 0.61484375 0.41484375 0.09921875 0.1015625
0 0.4484375 0.46171875 0.0953125 0.07421875
2 0.31796875 0.39453125 0.0546875 0.14921875
2 0.07265625 0.52109375 0.0390625 0.13046875
2 0.1390625 0.52265625 0.0703125 0.10390625
2 0.1828125 0.60859375 0.08671875 0.109375
2 0.2640625 0.57890625 0.109375 0.07421875
2 0.38515625 0.62734375 0.07578125 0.13046875
2 0.4734375 0.63359375 0.11328125 0.1078125
2 0.59453125 0.6390625 0.06015625 0.0953125
2 0.60703125 0.5296875 0.0953125 0.09140625
2 0.71328125 0.6625 0.09921875 0.07265625
2 0.07265625 0.64296875 0.04921875 0.08515625
2 0.2546875 0.67421875 0.1078125 0.09140625
2 0.315625 0.69375 0.08828125 0.0890625
2 0.56015625 0.73359375 0.08828125 0.09296875
2 0.93828125 0.60546875 0.1109375 0.09765625
2 0.965625 0.72890625 0.06875 0.128125
2 0.8703125 0.77109375 0.0828125 0.1203125
2 0.8671875 0.8984375 0.08984375 0.11171875
2 0.5359375 0.88125 0.11875 0.09765625
2 0.38671875 0.8375 0.08125 0.1140625
2 0.4015625 0.953125 0.0703125 0.0703125
2 0.3359375 0.9046875 0.109375 0.109375
2 0.2359375 0.94921875 0.10234375 0.1015625
2 0.98125 0.1125 0.028125 0.0765625
2 0.31328125 0.79296875 0.109375 0.0953125
2 0.19765625 0.44921875 0.1109375 0.0890625