3 0.175 0.89609375 0.15390625 0.1015625
3 0.0390625 0.31640625 0.06875 0.09765625
3 0.56328125 0.64921875 0.146875 0.09921875
0 0.17734375 0.57265625 0.08515625 0.128125
0 0.77421875 0.73671875 0.12890625 0.1078125
0 0.68125 0.8375 0.08515625 0.18046875
0 0.403125 0.18125 0.12578125 0.08515625
1 0.509375 0.30234375 0.08984375 0.10546875
2 0.56328125 0.2109375 0.11328125 0.13671875
2 0.70234375 0.178125 0.10390625 0.1015625
2 0.76796875 0.2265625 0.08515625 0.109375
2 0.86484375 0.18671875 0.08984375 0.15078125
2 0.7796875 0.11484375 0.10625 0.09765625
2 0.4109375 0.41484375 0.08828125 0.08515625
2 0.5265625 0.4453125 0.10625 0.0890625
2 0.58359375 0.509375 0.08125 0.128125
2 0.71015625 0.51796875 0.0796875 0.11796875
2 0.82265625 0.55703125 0.08515625 0.1015625
2 0.26640625 0.6296875 0.08671875 0.109375
2 0.1421875 0.703125 0.07421875 0.1203125
2 0.2578125 0.7390625 0.096875 0.08515625
1 0.353125 0.7859375 0.08671875 0.11171875
2 0.37421875 0.884375 0.08125 0.1265625
2 0.478125 0.946875 0.10390625 0.0828125
2 0.49921875 0.809375 0.1078125 0.10390625
2 0.36328125 0.59921875 0.109375 0.09765625
2 0.3875 0.53828125 0.10390625 0.10390625
2 0.325 0.4203125 0.109375 0.0703125
2 0.2984375 0.3078125 0.096875 0.1078125
2 0.16796875 0.25078125 0.065625 0.2296875
2 0.0328125 0.19140625 0.065625 0.0703125
2 0.265625 0.2296875 0.08828125 0.0953125
2 0.6140625 0.121875 0.1109375 0.10390625
2 0.86875 0.33203125 0.10234375 0.1203125
2 0.8703125 0.45625 0.0703125 0.1328125
2 0.853125 0.70625 0.07578125 0.0953125
2 0.89296875 0.7484375 0.096875 0.09296875
2 0.85 0.84765625 0.109375 0.10546875
2 0.73359375 0.95859375 0.0671875 0.0703125
2 0.76484375 0.878125 0.0828125 0.1078125
2 0.64765625 0.92890625 0.0953125 0.0953125
2 0.6015625 0.83515625 0.12734375 0.0953125
2 0.62578125 0.7234375 0.13984375 0.1203125
2 0.73203125 0.6296875 0.06875 0.07421875
2 0.14375 0.484375 0.10234375 0.0578125
2 0.2296875 0.51953125 0.0703125 0.09296875
2 0.16796875 0.79921875 0.1109375 0.0890625
2 0.1953125 0.83671875 0.08984375 0.06796875
2 0.2640625 0.90390625 0.10234375 0.0765625
2 0.1984375 0.9671875 0.1234375 0.0625
2 0.02109375 0.95 0.0421875 0.0765625
2 0.02109375 0.65625 0.0421875 0.09296875
2 0.03515625 0.478125 0.0703125 0.09765625
2 0.121875 0.20078125 0.07578125 0.1015625
2 0.38671875 0.24140625 0.096875 0.08515625
2 0.41171875 0.08984375 0.10234375 0.04765625
2 0.4515625 0.725 0.10234375 0.09296875