0 0.71171875 0.1328125 0.12734375 0.0890625
0 0.0953125 0.2015625 0.11328125 0.115625
3 0.69453125 0.39609375 0.12578125 0.06640625
3 0.67109375 0.38203125 0.1359375 0.09140625
0 0.8765625 0.89140625 0.12734375 0.08515625
0 0.46640625 0.66015625 0.109375 0.10546875
0 0.51171875 0.346875 0.096875 0.115625
3 0.2375 0.2046875 0.09921875 0.10546875
2 0.5984375 0.82578125 0.109375 0.11796875
2 0.3875 0.42578125 0.08515625 0.1015625
2 0.2296875 0.84296875 0.09375 0.15078125
2 0.14296875 0.7078125 0.10625 0.0953125
1 0.06328125 0.63125 0.08671875 0.1078125
2 0.05859375 0.79296875 0.0828125 0.09765625
2 0.27265625 0.6375 0.07421875 0.0953125
2 0.20078125 0.646875 0.08125 0.11171875
2 0.31640625 0.56328125 0.0828125 0.13046875
2 0.4015625 0.60859375 0.096875 0.14296875
0 0.54609375 0.59453125 0.05859375 0.15546875
2 0.70703125 0.74765625 0.1328125 0.146875
2 0.8671875 0.59921875 0.07421875 0.1140625
2 0.73359375 0.653125 0.07578125 0.09140625
2 0.7015625 0.59921875 0.096875 0.09765625
2 0.653125 0.5796875 0.0953125 0.09296875
2 0.74296875 0.53203125 0.0953125 0.08515625
2 0.78671875 0.4734375 0.0953125 0.0828125
2 0.86953125 0.4296875 0.08515625 0.08671875
2 0.9125 0.50859375 0.07421875 0.0703125
2 0.93046875 0.621875 0.040625 0.0953125
2 0.790625 0.3953125 0.1078125 0.115625
2 0.90703125 0.28125 0.08828125 0.09765625
2 0.91953125 0.36015625 0.04765625 0.0953125
2 0.87109375 0.175 0.08828125 0.08671875
1 0.815625 0.09296875 0.08984375 0.08515625
2 0.84375 0.02265625 0.0796875 0.0375
2 0.60703125 0.08359375 0.08671875 0.1015625
2 0.60625 0.14609375 0.08828125 0.06015625
2 0.57578125 0.221875 0.08125 0.0953125
2 0.634375 0.24609375 0.10234375 0.0828125
2 0.596875 0.33671875 0.11484375 0.11171875
2 0.63125 0.43515625 0.07578125 0.08515625
2 0.58828125 0.43515625 0.096875 0.08046875
2 0.58046875 0.51328125 0.0703125 0.06640625
2 0.39921875 0.3609375 0.10390625 0.1140625
1 0.3 0.3015625 0.08984375 0.09140625
2 0.33828125 0.2578125 0.09375 0.09296875
2 0.1421875 0.4765625 0.0953125 0.09765625
2 0.16796875 0.35 0.0953125 0.1015625
2 0.07890625 0.32734375 0.08671875 0.10390625
2 0.01640625 0.4265625 0.0265625 0.05625
2 0.5484375 0.90546875 0.10078125 0.05390625
2 0.60546875 0.91953125 0.08671875 0.025
2 0.16015625 0.90078125 0.0796875 0.07421875
2 0.02734375 0.21640625 0.04453125 0.10546875
2 0.0328125 0.3015625 0.0546875 0.07890625
2 0.23515625 0.1125 0.08984375 0.07421875
2 0.3 0.0484375 0.109375 0.0890625
2 0.1375 0.03515625 0.08515625 0.0703125
2 0.0859375 0.0796875 0.14140625 0.12421875
2 0.140625 0.1390625 0.0921875 0.08671875
2 0.81640625 0.89921875 0.08125 0.06796875