3 0.6875 0.2265625 0.1609375 0.07421875
0 0.59453125 0.153125 0.11484375 0.06015625
0 0.759375 0.5421875 0.10234375 0.128125
0 0.8453125 0.59765625 0.10390625 0.11796875
0 0.16875 0.34453125 0.12890625 0.0828125
0 0.38046875 0.8015625 0.11484375 0.0765625
2 0.0921875 0.025 0.06875 0.04140625
1 0.3359375 0.06015625 0.0921875 0.11171875
1 0.51171875 0.0375 0.07421875 0.0703125
2 0.790625 0.09140625 0.10390625 0.1078125
1 0.871875 0.17578125 0.08125 0.109375
1 0.92734375 0.04375 0.08671875 0.07890625
1 0.85 0.36953125 0.1109375 0.1015625
2 0.61015625 0.3046875 0.08984375 0.09921875
2 0.64375 0.40078125 0.10390625 0.1078125
2 0.69296875 0.5125 0.0921875 0.109375
2 0.9046875 0.5390625 0.07265625 0.0640625
2 0.96796875 0.53203125 0.05859375 0.11796875
2 0.965625 0.646875 0.06328125 0.09921875
1 0.86953125 0.778125 0.096875 0.11796875
1 0.92109375 0.871875 0.08828125 0.09140625
2 0.77890625 0.7328125 0.0828125 0.11171875
2 0.74296875 0.90859375 0.09921875 0.0375
2 0.50234375 0.7703125 0.0921875 0.1203125
2 0.60703125 0.7609375 0.096875 0.07421875
2 0.65546875 0.70078125 0.0828125 0.109375
2 0.59453125 0.57890625 0.07265625 0.11171875
1 0.4859375 0.50390625 0.078125 0.1203125
2 0.4203125 0.42890625 0.08515625 0.10546875
1 0.10546875 0.24765625 0.08828125 0.1203125
1 0.0984375 0.44296875 0.08125 0.1078125
2 0.24140625 0.38203125 0.10390625 0.08671875
2 0.22578125 0.49765625 0.13984375 0.1078125
2 0.21328125 0.61796875 0.109375 0.10546875
4 0.10234375 0.5921875 0.08984375 0.1203125
2 0.0703125 0.8875 0.0265625 0.0953125
2 0.14921875 0.92109375 0.07421875 0.01640625