3 0.20546875 0.059375 0.12890625 0.1140625
3 0.19375 0.528125 0.1359375 0.11171875
3 0.31015625 0.17734375 0.1359375 0.0765625
3 0.5609375 0.18359375 0.1328125 0.0828125
3 0.7078125 0.38515625 0.121875 0.09765625
3 0.62421875 0.6953125 0.159375 0.12421875
3 0.1265625 0.85390625 0.146875 0.06796875
3 0.62734375 0.853125 0.0546875 0.153125
3 0.8890625 0.88515625 0.096875 0.10546875
3 0.41015625 0.48828125 0.0703125 0.159375
3 0.58359375 0.2765625 0.0515625 0.1390625
3 0.4609375 0.33046875 0.07265625 0.1328125
3 0.6671875 0.44609375 0.05625 0.146875
3 0.525 0.3015625 0.06015625 0.15078125
3 0.515625 0.6265625 0.1109375 0.08671875
2 0.803125 0.3828125 0.10234375 0.140625
2 0.890625 0.61171875 0.09921875 0.128125
2 0.7296875 0.6375 0.0796875 0.11171875
2 0.61953125 0.06015625 0.0921875 0.10390625
3 0.33046875 0.51875 0.0828125 0.1203125
0 0.41015625 0.10859375 0.0796875 0.20078125
2 0.7625 0.20078125 0.0921875 0.09296875
2 0.20546875 0.7203125 0.06875 0.12421875
2 0.340625 0.459375 0.078125 0.09921875
2 0.38515625 0.371875 0.10078125 0.11171875
2 0.23828125 0.365625 0.10625 0.0703125
2 0.1703125 0.29296875 0.07265625 0.1015625
2 0.1578125 0.45234375 0.0796875 0.11171875
2 0.23046875 0.45546875 0.11875 0.07890625
2 0.12421875 0.11796875 0.134375 0.09921875
2 0.16640625 0.18046875 0.1109375 0.09296875
2 0.10703125 0.2171875 0.11328125 0.08671875
2 0.92734375 0.190625 0.10390625 0.13046875
2 0.840625 0.0625 0.12890625 0.1203125
2 0.9484375 0.08828125 0.08984375 0.09765625
2 0.9671875 0.4703125 0.06171875 0.09921875
2 0.859375 0.521875 0.10234375 0.109375
2 0.78203125 0.65234375 0.08671875 0.14921875
2 0.39921875 0.7125 0.10234375 0.115625
2 0.440625 0.82421875 0.08828125 0.1203125
2 0.41796875 0.91015625 0.0953125 0.04375
2 0.54765625 0.8609375 0.078125 0.0828125
2 0.8515625 0.75859375 0.0703125 0.0953125
2 0.6 0.59453125 0.096875 0.1015625
2 0.9609375 0.77109375 0.07265625 0.0703125
2 0.075 0.5984375 0.06015625 0.10390625
2 0.08984375 0.68828125 0.07578125 0.1078125
2 0.5265625 0.1109375 0.11640625 0.0953125
2 0.34921875 0.10625 0.10234375 0.1390625
2 0.65546875 0.284375 0.0953125 0.1203125
2 0.26953125 0.76171875 0.08125 0.1015625
2 0.20546875 0.8578125 0.07421875 0.1078125