3 0.9265625 0.4375 0.1359375 0.140625
3 0.553125 0.2640625 0.11640625 0.15546875
3 0.725 0.06953125 0.13984375 0.09921875
3 0.596875 0.68125 0.14453125 0.0625
3 0.26875 0.803125 0.1234375 0.11171875
2 0.3515625 0.67421875 0.11328125 0.1453125
1 0.64375 0.471875 0.09921875 0.115625
2 0.8859375 0.09765625 0.1109375 0.1203125
2 0.3703125 0.4609375 0.08984375 0.1203125
3 0.771875 0.7984375 0.11484375 0.0765625
3 0.971875 0.76796875 0.05625 0.0765625
2 0.14140625 0.5515625 0.096875 0.11171875
1 0.25078125 0.2828125 0.10390625 0.11171875
2 0.25546875 0.08046875 0.08984375 0.13046875
2 0.490625 0.49296875 0.1328125 0.09921875
2 0.5921875 0.17734375 0.10234375 0.146875
2 0.46796875 0.18828125 0.10234375 0.146875
2 0.3640625 0.18046875 0.0921875 0.15546875
2 0.33828125 0.07734375 0.08671875 0.0890625
2 0.1125 0.23828125 0.078125 0.1203125
2 0.34375 0.3015625 0.07421875 0.08671875
2 0.19453125 0.1453125 0.121875 0.09296875
2 0.53125 0.38125 0.0921875 0.1015625
2 0.4953125 0.57578125 0.121875 0.08046875
2 0.48671875 0.6390625 0.08671875 0.0890625
2 0.909375 0.9015625 0.065625 0.06015625
2 0.27578125 0.90703125 0.06171875 0.05
2 0.196875 0.90390625 0.07578125 0.0515625
2 0.0703125 0.775 0.03515625 0.1015625