3 0.31875 0.28671875 0.1625 0.07421875
3 0.30859375 0.47109375 0.08984375 0.128125
3 0.9671875 0.815625 0.065625 0.0453125
0 0.58203125 0.59140625 0.12578125 0.0953125
2 0.94609375 0.96171875 0.1078125 0.0765625
2 0.9890625 0.8953125 0.01796875 0.05390625
2 0.90703125 0.7125 0.08125 0.08671875
2 0.92734375 0.5515625 0.10078125 0.10546875
2 0.92109375 0.43046875 0.10234375 0.1078125
2 0.8265625 0.38828125 0.0953125 0.11171875
2 0.634375 0.86953125 0.109375 0.10546875
2 0.5703125 0.82578125 0.07265625 0.1140625
2 0.48125 0.83203125 0.0953125 0.1015625
2 0.48203125 0.95078125 0.0953125 0.0984375
2 0.590625 0.95 0.08125 0.0890625
2 0.66953125 0.98515625 0.07421875 0.02890625
2 0.3109375 0.975 0.09375 0.05
2 0.17421875 0.8625 0.09375 0.1015625
2 0.1125 0.95234375 0.0953125 0.09296875
2 0.0890625 0.83359375 0.08125 0.1328125
2 0.14765625 0.73515625 0.09375 0.07265625
2 0.559375 0.496875 0.09921875 0.0953125
2 0.40078125 0.45234375 0.09921875 0.1140625
2 0.46015625 0.34921875 0.10078125 0.1140625
2 0.653125 0.13984375 0.0921875 0.11171875
2 0.5703125 0.18828125 0.096875 0.11796875
2 0.27578125 0.19140625 0.0953125 0.09765625
2 0.27265625 0.10234375 0.1078125 0.07890625
2 0.19140625 0.0921875 0.08984375 0.06015625
2 0.09453125 0.146875 0.08828125 0.11171875
2 0.0984375 0.328125 0.0953125 0.10546875
2 0.17421875 0.40390625 0.09375 0.10546875
2 0.15390625 0.50390625 0.10234375 0.0828125
2 0.06953125 0.49609375 0.03671875 0.1265625
2 0.6796875 0.0765625 0.109375 0.0265625
2 0.55234375 0.68359375 0.096875 0.12421875
2 0.3015625 0.8015625 0.08828125 0.04375