0 0.078125 0.1890625 0.04921875 0.1453125
0 0.14140625 0.1375 0.08984375 0.146875
3 0.771875 0.09921875 0.13046875 0.07421875
3 0.90703125 0.10390625 0.0796875 0.0515625
3 0.36484375 0.58515625 0.10390625 0.09296875
0 0.89765625 0.4453125 0.10078125 0.08046875
4 0.77109375 0.796875 0.1078125 0.1203125
2 0.66796875 0.3734375 0.09921875 0.11796875
1 0.49765625 0.32421875 0.08125 0.115625
1 0.50859375 0.14765625 0.0953125 0.08046875
2 0.39453125 0.08359375 0.08984375 0.0390625
2 0.50234375 0.0796875 0.08125 0.0328125
2 0.91796875 0.16875 0.04921875 0.09765625
2 0.846875 0.1953125 0.08671875 0.09765625
2 0.9265625 0.27109375 0.0390625 0.09140625
2 0.77578125 0.371875 0.11640625 0.128125
2 0.7921875 0.528125 0.11328125 0.153125
2 0.87890625 0.53203125 0.08984375 0.08671875
2 0.9109375 0.621875 0.0703125 0.09765625
2 0.83359375 0.65625 0.08984375 0.10390625
2 0.734375 0.64296875 0.09375 0.115625
2 0.90546875 0.97734375 0.0796875 0.0328125
2 0.7453125 0.94921875 0.0828125 0.08671875
2 0.66796875 0.89375 0.08125 0.0953125
2 0.48046875 0.88125 0.07265625 0.0828125
1 0.43984375 0.7875 0.08984375 0.10390625
2 0.44296875 0.68046875 0.08828125 0.08515625
2 0.4640625 0.5765625 0.08125 0.0953125
2 0.53671875 0.51484375 0.0796875 0.09765625
2 0.46328125 0.44609375 0.08984375 0.10546875
2 0.37734375 0.50234375 0.0921875 0.08515625
1 0.4109375 0.3015625 0.10234375 0.109375
2 0.23125 0.15 0.09375 0.11171875
2 0.01875 0.2 0.03515625 0.128125
2 0.86328125 0.08203125 0.07265625 0.0390625
2 0.65078125 0.10546875 0.078125 0.08671875
4 0.296875 0.31796875 0.0953125 0.11171875
1 0.22265625 0.4203125 0.0828125 0.10546875
2 0.15390625 0.50703125 0.0921875 0.1015625
2 0.0921875 0.44921875 0.0921875 0.1203125
2 0.09296875 0.60234375 0.08671875 0.1015625
2 0.02265625 0.73984375 0.0421875 0.1015625
2 0.0484375 0.84375 0.07265625 0.1015625
1 0.040625 0.94921875 0.0796875 0.08671875
2 0.153125 0.74296875 0.08984375 0.09296875
2 0.02109375 0.515625 0.0390625 0.09921875
2 0.17421875 0.86953125 0.09375 0.115625
2 0.23671875 0.93671875 0.12578125 0.11171875
2 0.30625 0.6328125 0.08984375 0.09765625
2 0.3640625 0.725 0.06171875 0.08046875
2 0.2828125 0.7328125 0.08984375 0.09921875
2 0.27734375 0.83203125 0.10234375 0.10390625
2 0.44765625 0.965625 0.08984375 0.05625
2 0.64765625 0.98125 0.0921875 0.02890625