2 0.26640625 0.93203125 0.08671875 0.109375
2 0.5609375 0.528125 0.121875 0.13046875
3 0.6625 0.83125 0.08515625 0.0953125
2 0.70859375 0.8078125 0.0796875 0.1078125
2 0.28828125 0.60546875 0.07421875 0.08671875
2 0.25546875 0.58515625 0.07421875 0.0953125
2 0.32265625 0.52578125 0.08125 0.109375
2 0.903125 0.90078125 0.07421875 0.12421875
2 0.94453125 0.9234375 0.07265625 0.1140625
2 0.8 0.965625 0.07421875 0.06015625
2 0.83125 0.9015625 0.08828125 0.0953125
2 0.81796875 0.80546875 0.1234375 0.134375
2 0.88515625 0.66328125 0.0671875 0.08515625
2 0.878125 0.60546875 0.07421875 0.08671875
2 0.79765625 0.60078125 0.0953125 0.08671875
2 0.93203125 0.4328125 0.096875 0.1203125
2 0.77890625 0.42421875 0.08125 0.1265625
2 0.71328125 0.321875 0.1078125 0.128125
2 0.85234375 0.3046875 0.08515625 0.08671875
2 0.83046875 0.4234375 0.0703125 0.0890625
2 0.85546875 0.23203125 0.0796875 0.0765625
2 0.79140625 0.16640625 0.0796875 0.09140625
2 0.62265625 0.15546875 0.12578125 0.09140625
1 0.60390625 0.2453125 0.09921875 0.0953125
2 0.5671875 0.34453125 0.1109375 0.09921875
1 0.48828125 0.76953125 0.08671875 0.10546875
0 0.4046875 0.3671875 0.1109375 0.0578125
1 0.24921875 0.76953125 0.0921875 0.1203125
2 0.18359375 0.859375 0.121875 0.1015625
2 0.71875 0.71015625 0.09921875 0.0765625
2 0.96640625 0.67109375 0.05625 0.08671875
2 0.96484375 0.5625 0.06015625 0.1015625
2 0.94765625 0.2296875 0.08515625 0.08671875
1 0.3828125 0.28046875 0.0953125 0.0953125
2 0.58046875 0.8890625 0.07421875 0.14296875
0 0.559375 0.75078125 0.04765625 0.1390625
2 0.578125 0.6921875 0.08515625 0.10390625
2 0.64453125 0.59765625 0.0796875 0.1015625
2 0.60078125 0.621875 0.10234375 0.1265625
2 0.6671875 0.4671875 0.096875 0.11796875
2 0.43515625 0.503125 0.0953125 0.1203125
2 0.396875 0.534375 0.053125 0.0765625
1 0.35 0.83515625 0.096875 0.0953125
2 0.4125 0.92734375 0.05859375 0.12421875
2 0.37109375 0.90859375 0.078125 0.08046875
1 0.48046875 0.8703125 0.078125 0.09765625
2 0.5078125 0.9734375 0.10234375 0.04765625
2 0.675 0.97421875 0.10078125 0.0515625
1 0.3046875 0.3828125 0.0828125 0.09765625
2 0.134375 0.67734375 0.08828125 0.1078125
2 0.1265625 0.959375 0.0828125 0.07265625
2 0.10078125 0.853125 0.078125 0.1203125
2 0.10234375 0.6109375 0.0515625 0.0640625
2 0.0875 0.66875 0.05859375 0.11171875
2 0.13046875 0.43203125 0.08828125 0.1140625
2 0.2359375 0.2234375 0.08828125 0.09921875
2 0.33671875 0.1046875 0.10078125 0.08515625
2 0.740625 0.14765625 0.0828125 0.07890625
2 0.1078125 0.1375 0.0953125 0.11171875
2 0.1109375 0.2 0.07578125 0.09921875
2 0.128125 0.24921875 0.096875 0.1078125
2 0.2140625 0.35078125 0.0921875 0.1203125
2 0.09375 0.528125 0.07421875 0.0640625
1 0.475 0.1125 0.08671875 0.0890625
2 0.1515625 0.115625 0.12734375 0.08515625
2 0.96875 0.13125 0.06171875 0.121875
2 0.86328125 0.08671875 0.07421875 0.05