3 0.3046875 0.1953125 0.16953125 0.09765625
3 0.76796875 0.6015625 0.1375 0.09296875
3 0.7484375 0.459375 0.1234375 0.0640625
3 0.7359375 0.4203125 0.134375 0.0703125
0 0.6734375 0.20078125 0.12734375 0.1140625
0 0.53203125 0.1125 0.07421875 0.09296875
0 0.47734375 0.2640625 0.1359375 0.07890625
0 0.4734375 0.44921875 0.1359375 0.07421875
3 0.29609375 0.82578125 0.078125 0.140625
2 0.3484375 0.6265625 0.08671875 0.07265625
4 0.271875 0.3015625 0.0953125 0.1265625
2 0.903125 0.146875 0.06875 0.08046875
2 0.5859375 0.48828125 0.07265625 0.0890625
1 0.64375 0.3875 0.09921875 0.09765625
2 0.70390625 0.321875 0.09921875 0.07421875
2 0.80625 0.32109375 0.05625 0.0953125
2 0.878125 0.39765625 0.03671875 0.115625
2 0.84609375 0.4671875 0.06328125 0.09296875
2 0.93125 0.59296875 0.11484375 0.10390625
2 0.85234375 0.66640625 0.065625 0.1078125
2 0.88359375 0.8046875 0.10625 0.1015625
2 0.93515625 0.75234375 0.1109375 0.08515625
2 0.91484375 0.85625 0.1203125 0.09921875
2 0.65703125 0.9453125 0.05859375 0.09765625
2 0.6171875 0.91796875 0.134375 0.0703125
2 0.64453125 0.8015625 0.0828125 0.09140625
2 0.5859375 0.67578125 0.07265625 0.1015625
2 0.60078125 0.7515625 0.08125 0.0890625
2 0.478125 0.73984375 0.12734375 0.05390625
2 0.44140625 0.75078125 0.08671875 0.09921875
2 0.3359375 0.75078125 0.0921875 0.09765625
1 0.234375 0.72890625 0.0921875 0.0890625
2 0.18125 0.61171875 0.08828125 0.1078125
2 0.1296875 0.49921875 0.0796875 0.09140625
2 0.12421875 0.853125 0.09921875 0.09765625
2 0.215625 0.88203125 0.1078125 0.06796875
3 0.2375 0.97421875 0.1484375 0.04765625
3 0.6703125 0.54375 0.078125 0.08671875
3 0.446875 0.3609375 0.1203125 0.10546875
2 0.24453125 0.1359375 0.11640625 0.06796875
2 0.9625 0.35546875 0.075 0.1203125
2 0.91796875 0.2171875 0.09921875 0.06796875
2 0.41015625 0.92734375 0.09375 0.0890625
2 0.08828125 0.6984375 0.08671875 0.11171875