3 0.53828125 0.825 0.0796875 0.1984375
3 0.61953125 0.0953125 0.11484375 0.0640625
0 0.85390625 0.9328125 0.12734375 0.134375
0 0.58125 0.91484375 0.10234375 0.1265625
0 0.2640625 0.67578125 0.08515625 0.109375
3 0.559375 0.41171875 0.146875 0.0703125
2 0.08671875 0.91640625 0.08671875 0.1015625
2 0.04296875 0.82578125 0.08125 0.121875
2 0.075 0.703125 0.0828125 0.12421875
2 0.01953125 0.61171875 0.0390625 0.10390625
2 0.009375 0.72890625 0.01875 0.0765625
2 0.06328125 0.28203125 0.1265625 0.1421875
2 0.0265625 0.16796875 0.053125 0.11796875
2 0.146875 0.14609375 0.0953125 0.1078125
4 0.2203125 0.31484375 0.109375 0.1390625
4 0.26171875 0.165625 0.08984375 0.109375
2 0.39296875 0.21640625 0.11328125 0.11171875
2 0.4953125 0.2734375 0.08828125 0.13671875
2 0.47890625 0.146875 0.0828125 0.1015625
2 0.6203125 0.171875 0.0921875 0.09921875
2 0.6671875 0.2703125 0.0828125 0.1078125
2 0.71796875 0.38125 0.10390625 0.13671875
2 0.67421875 0.4578125 0.0921875 0.1015625
1 0.53671875 0.5 0.09921875 0.09765625
2 0.24453125 0.490625 0.0953125 0.12421875
2 0.35078125 0.52109375 0.096875 0.109375
2 0.20703125 0.6171875 0.1078125 0.121875
1 0.20390625 0.9015625 0.109375 0.121875
2 0.2765625 0.97421875 0.065625 0.04765625
2 0.3765625 0.9453125 0.0953125 0.1015625
2 0.33359375 0.8953125 0.11875 0.12421875
2 0.3015625 0.775 0.1515625 0.13046875
2 0.33984375 0.68359375 0.078125 0.10546875
2 0.4328125 0.67265625 0.0953125 0.09296875
2 0.47734375 0.7546875 0.0953125 0.09296875
2 0.471875 0.85625 0.0953125 0.09296875
2 0.69375 0.92890625 0.09375 0.1421875
2 0.7609375 0.9109375 0.096875 0.11171875
2 0.690625 0.80234375 0.10234375 0.08046875
2 0.92578125 0.884375 0.04453125 0.16171875
2 0.88984375 0.74921875 0.11640625 0.1390625
2 0.79296875 0.69375 0.08125 0.1015625
2 0.6703125 0.721875 0.1515625 0.13046875
2 0.65625 0.65703125 0.096875 0.09140625
0 0.7359375 0.5734375 0.0953125 0.146875
2 0.82578125 0.5921875 0.0828125 0.0953125
1 0.86328125 0.42578125 0.08125 0.1078125
2 0.92421875 0.628125 0.05859375 0.09296875
2 0.9390625 0.534375 0.025 0.08046875
2 0.803125 0.2734375 0.06015625 0.09921875
2 0.7421875 0.1171875 0.0953125 0.10546875
2 0.8171875 0.15625 0.08828125 0.109375
2 0.92578125 0.15546875 0.04609375 0.1140625
2 0.8828125 0.08515625 0.0953125 0.0515625
2 0.50546875 0.95234375 0.15703125 0.0953125