3 0.28671875 0.54453125 0.1484375 0.0578125
3 0.20390625 0.49765625 0.14453125 0.15546875
2 0.209375 0.48984375 0.0953125 0.0765625
0 0.90703125 0.5125 0.078125 0.08046875
0 0.53203125 0.5125 0.109375 0.10390625
0 0.41875 0.81875 0.08671875 0.109375
0 0.41015625 0.06640625 0.10078125 0.109375
0 0.55 0.0921875 0.10234375 0.0890625
0 0.29453125 0.05625 0.10390625 0.08046875
0 0.825 0.42265625 0.11640625 0.08515625
0 0.828125 0.5359375 0.065625 0.146875
0 0.08984375 0.10625 0.1203125 0.07265625
2 0.27734375 0.73515625 0.1078125 0.146875
1 0.11875 0.6921875 0.09375 0.1203125
1 0.0796875 0.87265625 0.08828125 0.10546875
2 0.37890625 0.890625 0.06875 0.08671875
2 0.33046875 0.89921875 0.0828125 0.0640625
2 0.55546875 0.9015625 0.10234375 0.0640625
2 0.65078125 0.84921875 0.06875 0.134375
2 0.8015625 0.871875 0.08125 0.09921875
2 0.846875 0.81875 0.08515625 0.10546875
2 0.87734375 0.69140625 0.08828125 0.09765625
2 0.77265625 0.68125 0.08671875 0.09765625
2 0.6359375 0.5296875 0.0921875 0.115625
2 0.70078125 0.440625 0.08828125 0.12421875
2 0.89921875 0.43671875 0.0921875 0.08671875
2 0.89296875 0.31640625 0.08671875 0.09296875
2 0.91328125 0.23984375 0.0671875 0.11796875
2 0.8 0.31875 0.0796875 0.09140625
2 0.7078125 0.296875 0.07421875 0.109375
2 0.64609375 0.34453125 0.065625 0.13046875
2 0.5828125 0.371875 0.07578125 0.1265625
2 0.33359375 0.2234375 0.0921875 0.11171875
2 0.3734375 0.47734375 0.10234375 0.0765625
2 0.4109375 0.55390625 0.1078125 0.0953125
1 0.53203125 0.7953125 0.07421875 0.13671875
2 0.4671875 0.7796875 0.04765625 0.0828125
2 0.1015625 0.4453125 0.096875 0.09296875
2 0.22734375 0.33671875 0.0828125 0.11171875
2 0.18359375 0.2328125 0.0671875 0.0953125
2 0.1078125 0.315625 0.08125 0.0953125
2 0.05234375 0.34921875 0.07421875 0.09921875
2 0.82421875 0.196875 0.09921875 0.08671875
2 0.83984375 0.134375 0.10078125 0.09296875
2 0.89296875 0.05703125 0.0828125 0.08671875
2 0.78984375 0.05 0.109375 0.09921875
2 0.49921875 0.02734375 0.0953125 0.0546875
2 0.17578125 0.07265625 0.09921875 0.09765625
2 0.03984375 0.0515625 0.0796875 0.0953125
2 0.02265625 0.2046875 0.0453125 0.084375
2 0.01953125 0.4296875 0.0390625 0.0625
2 0.01484375 0.27109375 0.0296875 0.09765625