3 0.43046875 0.74609375 0.13984375 0.12421875
3 0.62578125 0.94609375 0.1359375 0.08671875
3 0.159375 0.25234375 0.121875 0.1265625
3 0.56953125 0.70078125 0.10234375 0.07890625
3 0.365625 0.34140625 0.11875 0.0578125
2 0.44296875 0.52890625 0.11484375 0.12421875
4 0.2765625 0.865625 0.10625 0.1140625
2 0.75703125 0.796875 0.07578125 0.0828125
2 0.34609375 0.9546875 0.1359375 0.06015625
2 0.93359375 0.74921875 0.10625 0.0828125
3 0.83125 0.678125 0.1625 0.06640625
3 0.1546875 0.85625 0.06328125 0.14296875
0 0.35546875 0.77109375 0.0828125 0.12421875
2 0.19140625 0.45625 0.0828125 0.0953125
2 0.325 0.43203125 0.10078125 0.10546875
2 0.38984375 0.21640625 0.08125 0.10546875
2 0.2078125 0.165625 0.10390625 0.1015625
2 0.6609375 0.20390625 0.1109375 0.1390625
2 0.6625 0.459375 0.05859375 0.134375
2 0.79453125 0.5859375 0.08125 0.09765625
2 0.8828125 0.553125 0.10390625 0.07890625
2 0.91015625 0.471875 0.109375 0.08046875
2 0.921875 0.3671875 0.1078125 0.10546875
2 0.85234375 0.34921875 0.11484375 0.06796875
2 0.92109375 0.278125 0.09375 0.08671875
2 0.81015625 0.23671875 0.1234375 0.121875
2 0.8484375 0.08984375 0.11640625 0.04375
2 0.7484375 0.16953125 0.08671875 0.1015625
2 0.7640625 0.4609375 0.10234375 0.07421875
2 0.62421875 0.63125 0.078125 0.09921875
2 0.17734375 0.6234375 0.11484375 0.08671875
2 0.31953125 0.7171875 0.10078125 0.09140625
2 0.1953125 0.77421875 0.08984375 0.1078125
2 0.09921875 0.76484375 0.07265625 0.121875
2 0.16875 0.9640625 0.10078125 0.0640625
2 0.1875 0.346875 0.134375 0.08515625
2 0.27421875 0.325 0.1109375 0.1078125
2 0.7796875 0.74453125 0.109375 0.09296875