3 0.71484375 0.0734375 0.078125 0.140625
3 0.47109375 0.28984375 0.10625 0.08515625
0 0.80234375 0.71953125 0.10390625 0.09296875
0 0.78359375 0.8578125 0.12578125 0.06640625
0 0.83203125 0.046875 0.0515625 0.09296875
0 0.853125 0.46796875 0.11328125 0.08515625
2 0.8875 0.0375 0.06875 0.07421875
1 0.91484375 0.12734375 0.06171875 0.11171875
1 0.853125 0.2265625 0.07578125 0.09140625
2 0.80703125 0.13984375 0.08515625 0.109375
2 0.64296875 0.20078125 0.0921875 0.0953125
2 0.61875 0.1390625 0.10625 0.1078125
2 0.5625 0.0421875 0.103125 0.084375
2 0.67421875 0.01640625 0.0828125 0.02890625
2 0.4203125 0.07421875 0.11640625 0.14296875
2 0.38046875 0.121875 0.09375 0.0890625
1 0.5046875 0.15234375 0.096875 0.109375
2 0.2796875 0.0546875 0.0953125 0.109375
2 0.203125 0.13046875 0.0796875 0.12421875
2 0.13359375 0.03125 0.0953125 0.0625
2 0.01328125 0.159375 0.0265625 0.1078125
2 0.121875 0.22890625 0.1109375 0.128125
2 0.0375 0.26953125 0.075 0.0953125
1 0.2296875 0.3 0.0796875 0.10546875
2 0.13125 0.3625 0.0953125 0.1078125
2 0.03359375 0.3828125 0.0671875 0.1078125
2 0.07421875 0.48125 0.1078125 0.109375
2 0.20390625 0.4703125 0.08984375 0.14921875
2 0.296875 0.5578125 0.11484375 0.1328125
2 0.19375 0.64765625 0.11640625 0.1203125
2 0.1609375 0.82265625 0.096875 0.13671875
2 0.2578125 0.83671875 0.0953125 0.128125
2 0.0171875 0.8375 0.034375 0.115625
2 0.01015625 0.71015625 0.0203125 0.0953125
2 0.37734375 0.75390625 0.08984375 0.11171875
1 0.40546875 0.6421875 0.08984375 0.11171875
2 0.546875 0.90546875 0.0953125 0.06015625
2 0.66484375 0.82578125 0.10390625 0.1078125
2 0.6953125 0.71875 0.08828125 0.11171875
2 0.6109375 0.725 0.109375 0.1140625
2 0.9109375 0.7390625 0.07421875 0.11171875
2 0.88046875 0.64296875 0.08671875 0.11796875
2 0.9265625 0.55390625 0.0390625 0.09765625
2 0.8453125 0.375 0.12890625 0.1140625
2 0.728125 0.4671875 0.09375 0.109375
2 0.74765625 0.59140625 0.0921875 0.0953125
2 0.64453125 0.521875 0.08828125 0.11796875
2 0.5859375 0.44296875 0.0828125 0.11171875
2 0.56640625 0.59921875 0.08515625 0.09765625
2 0.525 0.55625 0.10078125 0.121875
2 0.51328125 0.3734375 0.0671875 0.1328125
2 0.3734375 0.36875 0.10078125 0.0953125
2 0.35234375 0.46171875 0.10625 0.09296875