3 0.56015625 0.22578125 0.15 0.08046875
3 0.63671875 0.0296875 0.0984375 0.059375
3 0.60234375 0.03828125 0.078125 0.06015625
3 0.4484375 0.11171875 0.121875 0.109375
3 0.17734375 0.07265625 0.1484375 0.07890625
3 0.60859375 0.7734375 0.16640625 0.05390625
3 0.459375 0.5859375 0.12890625 0.0625
3 0.30703125 0.615625 0.11875 0.06015625
3 0.11640625 0.68046875 0.146875 0.0625
3 0.540625 0.3703125 0.1328125 0.0703125
3 0.83828125 0.39375 0.146875 0.09921875
3 0.4296875 0.23203125 0.12578125 0.07265625
1 0.040625 0.225 0.06875 0.0890625
1 0.8828125 0.2421875 0.07421875 0.07890625
2 0.91171875 0.115625 0.07578125 0.08515625
2 0.68671875 0.11171875 0.0796875 0.10390625
2 0.69609375 0.21015625 0.07265625 0.0765625
2 0.72265625 0.24921875 0.07421875 0.0953125
2 0.653125 0.32890625 0.08828125 0.08671875
1 0.3453125 0.38125 0.0828125 0.13671875
2 0.2609375 0.32890625 0.0953125 0.09921875
2 0.26953125 0.4359375 0.08125 0.0890625
1 0.15703125 0.36640625 0.0953125 0.09140625
1 0.18203125 0.4875 0.096875 0.08046875
2 0.1609375 0.16875 0.10390625 0.1203125
2 0.06640625 0.07734375 0.0921875 0.09921875
2 0.29296875 0.06796875 0.109375 0.07421875
2 0.25703125 0.159375 0.07578125 0.09921875
2 0.325 0.22890625 0.0703125 0.12421875
2 0.47578125 0.2984375 0.08125 0.10390625
2 0.41875 0.21015625 0.06171875 0.08046875
2 0.828125 0.5625 0.14453125 0.12421875
2 0.721875 0.5921875 0.10234375 0.1328125
2 0.7015625 0.66640625 0.10625 0.0765625
2 0.64296875 0.8828125 0.096875 0.09296875
2 0.88984375 0.80234375 0.08828125 0.1015625
2 0.86875 0.69375 0.0671875 0.0890625
2 0.434375 0.675 0.10234375 0.1078125
2 0.4140625 0.51640625 0.07421875 0.06796875
2 0.53828125 0.490625 0.10625 0.09765625
2 0.58359375 0.56953125 0.07265625 0.08671875
2 0.5296875 0.64921875 0.07578125 0.134375
2 0.6203125 0.68828125 0.0703125 0.09140625
2 0.28359375 0.696875 0.10234375 0.0953125
2 0.2203125 0.790625 0.08984375 0.0703125
4 0.13046875 0.79921875 0.0921875 0.1203125
2 0.04921875 0.67578125 0.08125 0.09765625
2 0.57578125 0.09921875 0.08125 0.13671875
2 0.80859375 0.48046875 0.09375 0.08671875
2 0.73515625 0.79609375 0.08984375 0.1078125
2 0.846875 0.8984375 0.09921875 0.05390625
2 0.490625 0.8078125 0.10234375 0.121875
2 0.37109375 0.77421875 0.0921875 0.08671875
2 0.28671875 0.83984375 0.08515625 0.09296875
2 0.3859375 0.88203125 0.10390625 0.08671875
2 0.20703125 0.5953125 0.096875 0.09296875