3 0.76328125 0.128125 0.0796875 0.1265625
3 0.2375 0.1296875 0.1328125 0.0953125
3 0.4046875 0.4421875 0.09921875 0.121875
0 0.51953125 0.50234375 0.06171875 0.153125
0 0.61953125 0.78671875 0.09921875 0.12421875
2 0.3234375 0.76484375 0.146875 0.121875
1 0.0953125 0.28125 0.08125 0.1203125
1 0.11640625 0.1421875 0.08984375 0.121875
2 0.38046875 0.09921875 0.0921875 0.0703125
2 0.571875 0.0984375 0.10078125 0.0640625
2 0.5984375 0.2140625 0.096875 0.09140625
2 0.5875 0.31484375 0.1109375 0.09296875
1 0.38984375 0.29609375 0.0953125 0.11171875
2 0.60703125 0.41328125 0.08984375 0.09921875
2 0.43671875 0.51640625 0.08984375 0.09140625
2 0.4375 0.63359375 0.10234375 0.11171875
1 0.65390625 0.5625 0.07578125 0.1015625
2 0.8734375 0.32265625 0.10078125 0.1390625
2 0.84609375 0.4484375 0.09375 0.10390625
2 0.675 0.109375 0.11640625 0.08671875
2 0.0703125 0.778125 0.028125 0.1078125
2 0.071875 0.878125 0.0296875 0.09921875
2 0.18984375 0.96171875 0.08984375 0.0765625
2 0.28671875 0.98671875 0.0796875 0.0265625
2 0.34921875 0.8828125 0.11484375 0.109375
2 0.528125 0.7671875 0.109375 0.1140625
2 0.1984375 0.08203125 0.08671875 0.0390625
4 0.6125 0.67421875 0.08828125 0.12421875
2 0.9046875 0.53125 0.08125 0.1015625
2 0.9640625 0.34375 0.065625 0.11796875
2 0.95859375 0.42265625 0.07578125 0.159375
4 0.96484375 0.59609375 0.06015625 0.1203125
1 0.8015625 0.64609375 0.09921875 0.121875
2 0.7375 0.68359375 0.0921875 0.109375
1 0.92109375 0.7171875 0.0796875 0.09921875
2 0.871875 0.81484375 0.0796875 0.1203125
1 0.95703125 0.8640625 0.0796875 0.10390625
2 0.78984375 0.84453125 0.0796875 0.11171875
4 0.72421875 0.9140625 0.10390625 0.1140625
2 0.58828125 0.953125 0.096875 0.0828125
2 0.528125 0.875 0.07578125 0.0890625
2 0.91015625 0.98203125 0.09375 0.03515625
2 0.115625 0.97265625 0.065625 0.0546875
2 0.240625 0.4640625 0.0828125 0.06015625
2 0.303125 0.0765625 0.0828125 0.0265625
2 0.115625 0.784375 0.0515625 0.04375