3 0.28515625 0.9265625 0.078125 0.140625
3 0.52890625 0.71015625 0.10625 0.08515625
0 0.19765625 0.28046875 0.10390625 0.09296875
0 0.21640625 0.1421875 0.12578125 0.06640625
0 0.16796875 0.953125 0.0515625 0.09296875
0 0.146875 0.53203125 0.11328125 0.08515625
2 0.1125 0.9625 0.06875 0.07421875
1 0.08515625 0.87265625 0.06171875 0.11171875
1 0.146875 0.7734375 0.07578125 0.09140625
2 0.19296875 0.86015625 0.08515625 0.109375
2 0.35703125 0.79921875 0.0921875 0.0953125
2 0.38125 0.8609375 0.10625 0.1078125
2 0.4375 0.9578125 0.103125 0.084375
2 0.32578125 0.98359375 0.0828125 0.02890625
2 0.5796875 0.92578125 0.11640625 0.14296875
2 0.61953125 0.878125 0.09375 0.0890625
1 0.4953125 0.84765625 0.096875 0.109375
2 0.7203125 0.9453125 0.0953125 0.109375
2 0.796875 0.86953125 0.0796875 0.12421875
2 0.86640625 0.96875 0.0953125 0.0625
2 0.98671875 0.840625 0.0265625 0.1078125
2 0.878125 0.77109375 0.1109375 0.128125
2 0.9625 0.73046875 0.075 0.0953125
1 0.7703125 0.7 0.0796875 0.10546875
2 0.86875 0.6375 0.0953125 0.1078125
2 0.96640625 0.6171875 0.0671875 0.1078125
2 0.92578125 0.51875 0.1078125 0.109375
2 0.79609375 0.5296875 0.08984375 0.14921875
2 0.703125 0.4421875 0.11484375 0.1328125
2 0.80625 0.35234375 0.11640625 0.1203125
2 0.8390625 0.17734375 0.096875 0.13671875
2 0.7421875 0.16328125 0.0953125 0.128125
2 0.9828125 0.1625 0.034375 0.115625
2 0.98984375 0.28984375 0.0203125 0.0953125
2 0.62265625 0.24609375 0.08984375 0.11171875
1 0.59453125 0.3578125 0.08984375 0.11171875
2 0.453125 0.09453125 0.0953125 0.06015625
2 0.33515625 0.17421875 0.10390625 0.1078125
2 0.3046875 0.28125 0.08828125 0.11171875
2 0.3890625 0.275 0.109375 0.1140625
2 0.0890625 0.2609375 0.07421875 0.11171875
2 0.11953125 0.35703125 0.08671875 0.11796875
2 0.0734375 0.44609375 0.0390625 0.09765625
2 0.1546875 0.625 0.12890625 0.1140625
2 0.271875 0.5328125 0.09375 0.109375
2 0.25234375 0.40859375 0.0921875 0.0953125
2 0.35546875 0.478125 0.08828125 0.11796875
2 0.4140625 0.55703125 0.0828125 0.11171875
2 0.43359375 0.40078125 0.08515625 0.09765625
2 0.475 0.44375 0.10078125 0.121875
2 0.48671875 0.6265625 0.0671875 0.1328125
2 0.6265625 0.63125 0.10078125 0.0953125
2 0.64765625 0.53828125 0.10625 0.09296875