3 0.7890625 0.55 0.159375 0.121875
3 0.79296875 0.71953125 0.0828125 0.1390625
3 0.89609375 0.65390625 0.10390625 0.0890625
3 0.10390625 0.3 0.12578125 0.0765625
2 0.7015625 0.13671875 0.109375 0.1203125
2 0.06640625 0.8765625 0.0953125 0.1203125
2 0.37578125 0.353125 0.09921875 0.10390625
2 0.7984375 0.43984375 0.10625 0.11796875
2 0.64140625 0.2546875 0.1609375 0.1078125
3 0.325 0.83515625 0.146875 0.09921875
2 0.21875 0.4234375 0.10390625 0.1203125
0 0.53828125 0.12109375 0.109375 0.0890625
2 0.68125 0.5765625 0.07265625 0.0828125
2 0.690625 0.4359375 0.09921875 0.109375
2 0.58828125 0.321875 0.07578125 0.0890625
0 0.221875 0.11484375 0.11328125 0.1015625
2 0.1140625 0.11171875 0.09921875 0.07265625
2 0.225 0.20078125 0.1609375 0.1203125
2 0.16015625 0.23046875 0.10078125 0.09296875
2 0.2890625 0.31796875 0.07265625 0.10390625
2 0.21328125 0.309375 0.08671875 0.08671875
2 0.0359375 0.3546875 0.065625 0.09765625
2 0.028125 0.2609375 0.04453125 0.0953125
2 0.15 0.46796875 0.0796875 0.09921875
2 0.1625 0.56015625 0.07265625 0.08671875
2 0.015625 0.6 0.03125 0.121875
2 0.43984375 0.75703125 0.109375 0.08515625
2 0.615625 0.76171875 0.1109375 0.09765625
2 0.59921875 0.50859375 0.10234375 0.1140625
2 0.62109375 0.61796875 0.07265625 0.0953125
2 0.846875 0.3 0.1078125 0.08046875
2 0.85703125 0.41484375 0.08671875 0.121875
2 0.74296875 0.6125 0.04765625 0.07890625
3 0.80859375 0.57734375 0.07578125 0.159375
0 0.89375 0.76015625 0.0921875 0.12421875
2 0.8484375 0.88125 0.07421875 0.10546875
2 0.278125 0.0859375 0.0671875 0.04375
2 0.21171875 0.92890625 0.09375 0.08671875
2 0.1421875 0.946875 0.08125 0.09765625
2 0.9078125 0.95625 0.07421875 0.0765625
2 0.821875 0.95546875 0.08984375 0.0828125
2 0.02109375 0.43203125 0.03515625 0.0578125
2 0.596875 0.3890625 0.12578125 0.11171875