3 0.31875 0.71328125 0.1625 0.07421875
3 0.30859375 0.52890625 0.08984375 0.128125
3 0.9671875 0.184375 0.065625 0.0453125
0 0.58203125 0.40859375 0.12578125 0.0953125
2 0.94609375 0.03828125 0.1078125 0.0765625
2 0.9890625 0.1046875 0.01796875 0.05390625
2 0.90703125 0.2875 0.08125 0.08671875
2 0.92734375 0.4484375 0.10078125 0.10546875
2 0.92109375 0.56953125 0.10234375 0.1078125
2 0.8265625 0.61171875 0.0953125 0.11171875
2 0.634375 0.13046875 0.109375 0.10546875
2 0.5703125 0.17421875 0.07265625 0.1140625
2 0.48125 0.16796875 0.0953125 0.1015625
2 0.48203125 0.04921875 0.0953125 0.0984375
2 0.590625 0.05 0.08125 0.0890625
2 0.66953125 0.01484375 0.07421875 0.02890625
2 0.3109375 0.025 0.09375 0.05
2 0.17421875 0.1375 0.09375 0.1015625
2 0.1125 0.04765625 0.0953125 0.09296875
2 0.0890625 0.16640625 0.08125 0.1328125
2 0.14765625 0.26484375 0.09375 0.07265625
2 0.559375 0.503125 0.09921875 0.0953125
2 0.40078125 0.54765625 0.09921875 0.1140625
2 0.46015625 0.65078125 0.10078125 0.1140625
2 0.653125 0.86015625 0.0921875 0.11171875
2 0.5703125 0.81171875 0.096875 0.11796875
2 0.27578125 0.80859375 0.0953125 0.09765625
2 0.27265625 0.89765625 0.1078125 0.07890625
2 0.19140625 0.9078125 0.08984375 0.06015625
2 0.09453125 0.853125 0.08828125 0.11171875
2 0.0984375 0.671875 0.0953125 0.10546875
2 0.17421875 0.59609375 0.09375 0.10546875
2 0.15390625 0.49609375 0.10234375 0.0828125
2 0.06953125 0.50390625 0.03671875 0.1265625
2 0.6796875 0.9234375 0.109375 0.0265625
2 0.55234375 0.31640625 0.096875 0.12421875
2 0.3015625 0.1984375 0.08828125 0.04375