4 0.63515625 0.284375 0.08984375 0.134375
4 0.5984375 0.38828125 0.1203125 0.1140625
4 0.8578125 0.4765625 0.0921875 0.13671875
3 0.228125 0.57890625 0.109375 0.0953125
3 0.73125 0.23203125 0.14296875 0.09140625
3 0.190625 0.778125 0.2046875 0.1203125
3 0.203125 0.625 0.06015625 0.12421875
4 0.8890625 0.73828125 0.0828125 0.10546875
4 0.678125 0.66484375 0.08984375 0.11171875
2 0.59375 0.5953125 0.08984375 0.1015625
2 0.66953125 0.525 0.06875 0.08671875
2 0.6078125 0.50859375 0.1109375 0.09140625
2 0.7984375 0.375 0.10078125 0.10546875
2 0.7046875 0.34453125 0.09375 0.13046875
2 0.67734375 0.16328125 0.08828125 0.121875
1 0.59609375 0.171875 0.0828125 0.1015625
2 0.49765625 0.06015625 0.10234375 0.1140625
4 0.43203125 0.16171875 0.096875 0.11171875
2 0.46796875 0.309375 0.0796875 0.1203125
2 0.38359375 0.4015625 0.08984375 0.08046875
2 0.36484375 0.62109375 0.08671875 0.09296875
2 0.20703125 0.41015625 0.0828125 0.09296875
1 0.303125 0.36640625 0.0828125 0.1078125
2 0.35234375 0.2515625 0.08828125 0.109375
2 0.33046875 0.21953125 0.12578125 0.08671875
1 0.3109375 0.08515625 0.08515625 0.08671875
1 0.19296875 0.178125 0.0921875 0.12421875
1 0.1171875 0.24921875 0.08828125 0.08515625
2 0.0625 0.14296875 0.0921875 0.1140625
2 0.11953125 0.06015625 0.1109375 0.09140625
2 0.86015625 0.0703125 0.109375 0.1203125
2 0.92109375 0.17265625 0.04921875 0.115625
2 0.91796875 0.321875 0.06171875 0.1203125
3 0.73671875 0.540625 0.08984375 0.1265625
2 0.7546875 0.56953125 0.06171875 0.08046875
2 0.82578125 0.5390625 0.07421875 0.128125
2 0.9078125 0.609375 0.0703125 0.09296875
2 0.803125 0.58515625 0.0703125 0.10390625
2 0.31171875 0.60078125 0.07578125 0.121875
2 0.16015625 0.5 0.09375 0.12421875
1 0.10546875 0.38828125 0.096875 0.1015625
2 0.06640625 0.60859375 0.0953125 0.09921875
2 0.10078125 0.81640625 0.08515625 0.0890625
2 0.19375 0.78671875 0.0796875 0.08671875
2 0.14921875 0.825 0.07421875 0.09140625
2 0.071875 0.875 0.07578125 0.1015625
2 0.18515625 0.665625 0.08515625 0.09765625
2 0.4046875 0.69453125 0.1328125 0.121875
1 0.315625 0.7796875 0.0671875 0.10546875
2 0.42421875 0.81171875 0.10390625 0.0765625
2 0.371875 0.8625 0.0671875 0.1203125
2 0.5078125 0.87578125 0.0828125 0.09921875
2 0.6234375 0.81328125 0.07421875 0.0765625
1 0.72578125 0.84609375 0.08515625 0.0890625
2 0.79140625 0.78046875 0.07578125 0.0765625
2 0.82578125 0.83046875 0.08515625 0.09296875
2 0.60078125 0.90234375 0.10390625 0.0625
2 0.8046875 0.9046875 0.08671875 0.05625
2 0.02109375 0.43046875 0.03515625 0.11171875