3 0.50546875 0.9296875 0.10234375 0.140625
3 0.13984375 0.93515625 0.1734375 0.0640625
3 0.72890625 0.95 0.05859375 0.0953125
3 0.69375 0.8625 0.06015625 0.15078125
3 0.6546875 0.721875 0.11328125 0.13046875
3 0.7609375 0.7921875 0.12578125 0.13046875
3 0.934375 0.7328125 0.12734375 0.1078125
3 0.928125 0.825 0.10234375 0.13046875
3 0.790625 0.8890625 0.11484375 0.1203125
3 0.73359375 0.71875 0.10078125 0.11796875
3 0.1765625 0.2 0.096875 0.18671875
3 0.09453125 0.4171875 0.08515625 0.08515625
3 0.896875 0.18515625 0.10234375 0.153125
3 0.8296875 0.10390625 0.08515625 0.06640625
3 0.79140625 0.26171875 0.15 0.1015625
0 0.6671875 0.6140625 0.096875 0.1265625
0 0.578125 0.24609375 0.1375 0.07421875
0 0.25078125 0.35390625 0.12890625 0.0640625
0 0.16796875 0.321875 0.10234375 0.10546875
2 0.4375 0.303125 0.10234375 0.1203125
2 0.94453125 0.609375 0.10234375 0.109375
0 0.4671875 0.59765625 0.09921875 0.11796875
2 0.27109375 0.70625 0.065625 0.121875
0 0.9140625 0.9375 0.0546875 0.11796875
2 0.19375 0.4875 0.1203125 0.121875
2 0.0890625 0.6453125 0.07265625 0.11796875
2 0.2015625 0.671875 0.07578125 0.09765625
2 0.23046875 0.9078125 0.08515625 0.12421875
2 0.3703125 0.9234375 0.09375 0.12421875
2 0.3375 0.8 0.09921875 0.121875
2 0.26171875 0.84921875 0.08671875 0.1078125
2 0.52265625 0.79609375 0.11328125 0.1390625
2 0.459375 0.7046875 0.08828125 0.1203125
2 0.31171875 0.6078125 0.11328125 0.1203125
2 0.3625 0.63046875 0.0921875 0.07890625
2 0.2890625 0.50859375 0.10390625 0.11796875
2 0.68359375 0.39921875 0.10078125 0.13046875
0 0.3046875 0.17734375 0.11328125 0.08515625
0 0.07265625 0.0953125 0.0515625 0.05625
2 0.08125 0.33203125 0.06328125 0.1015625
2 0.3375 0.140625 0.1375 0.09296875
2 0.5921875 0.0921875 0.12734375 0.05390625
4 0.75859375 0.18359375 0.10390625 0.1015625
2 0.9078125 0.31875 0.0828125 0.12421875
2 0.9640625 0.35078125 0.06328125 0.09140625
1 0.75703125 0.6015625 0.08125 0.1015625
2 0.62890625 0.84453125 0.078125 0.13046875
2 0.64609375 0.971875 0.10234375 0.05
2 0.9140625 0.121875 0.09921875 0.08515625
2 0.23125 0.23828125 0.07578125 0.109375