0 0.37890625 0.8890625 0.175 0.06796875
0 0.51171875 0.68046875 0.14296875 0.07890625
2 0.08359375 0.49140625 0.07265625 0.15546875
3 0.9203125 0.7265625 0.04453125 0.0578125
2 0.76484375 0.51171875 0.10625 0.12421875
2 0.81796875 0.80546875 0.109375 0.10390625
2 0.16015625 0.621875 0.096875 0.121875
2 0.17734375 0.3609375 0.078125 0.1203125
2 0.41640625 0.359375 0.08515625 0.1015625
2 0.53671875 0.37578125 0.08828125 0.09921875
2 0.48359375 0.3875 0.0796875 0.203125
2 0.41015625 0.7546875 0.10625 0.09140625
2 0.671875 0.665625 0.0953125 0.08671875
2 0.84375 0.57734375 0.0703125 0.09140625
2 0.7234375 0.3015625 0.109375 0.08515625
2 0.81171875 0.22265625 0.10625 0.13671875
2 0.62265625 0.0546875 0.11875 0.10546875
2 0.2359375 0.02578125 0.11484375 0.04765625
2 0.0515625 0.01328125 0.08671875 0.0265625
2 0.06484375 0.09453125 0.09921875 0.08671875
2 0.228125 0.09453125 0.07421875 0.0890625
2 0.21328125 0.184375 0.06328125 0.09140625
2 0.2859375 0.19765625 0.07421875 0.08671875
2 0.03203125 0.29375 0.06328125 0.10390625
2 0.33046875 0.8015625 0.0796875 0.09296875
2 0.62890625 0.8890625 0.10234375 0.09140625
2 0.0796875 0.7359375 0.065625 0.0828125
2 0.82421875 0.89453125 0.14140625 0.06640625
2 0.02734375 0.42265625 0.0546875 0.10546875
2 0.07421875 0.63125 0.07421875 0.121875
2 0.0265625 0.67265625 0.04609375 0.09140625
2 0.05859375 0.81484375 0.09375 0.0890625
2 0.23125 0.90234375 0.10234375 0.05390625