3 0.146875 0.36328125 0.1875 0.07421875
3 0.59375 0.36640625 0.1359375 0.08671875
3 0.5796875 0.65078125 0.07265625 0.178125
3 0.30546875 0.7453125 0.134375 0.06796875
0 0.70390625 0.5546875 0.134375 0.0703125
0 0.55859375 0.87265625 0.09375 0.10546875
2 0.1796875 0.60625 0.10234375 0.09921875
2 0.1296875 0.67265625 0.08671875 0.0953125
2 0.0734375 0.73046875 0.040625 0.0890625
1 0.0828125 0.85703125 0.06015625 0.1140625
1 0.090625 0.5859375 0.065625 0.09296875
3 0.13359375 0.46171875 0.0796875 0.08515625
2 0.0765625 0.47734375 0.04609375 0.08671875
2 0.07265625 0.40703125 0.028125 0.0765625
2 0.071875 0.284375 0.03671875 0.07421875
2 0.23671875 0.3046875 0.07421875 0.09765625
2 0.20703125 0.471875 0.096875 0.121875
1 0.115625 0.7515625 0.078125 0.1328125
2 0.25546875 0.67265625 0.10234375 0.07265625
2 0.346875 0.653125 0.11484375 0.08671875
2 0.3109375 0.621875 0.08515625 0.08046875
2 0.33515625 0.5953125 0.0671875 0.11171875
2 0.303125 0.465625 0.0671875 0.08046875
2 0.30703125 0.51640625 0.12890625 0.134375
2 0.40546875 0.5578125 0.06875 0.115625
2 0.33046875 0.7828125 0.1484375 0.06796875
2 0.359375 0.803125 0.078125 0.0640625
2 0.34921875 0.8828125 0.10390625 0.08671875
1 0.55703125 0.775 0.08828125 0.09765625
1 0.453125 0.7484375 0.08984375 0.0828125
2 0.44453125 0.66953125 0.08125 0.07421875
2 0.4640625 0.92265625 0.08125 0.02890625
2 0.50625 0.8890625 0.08515625 0.1078125
2 0.646875 0.91015625 0.14296875 0.05390625
2 0.771875 0.91171875 0.078125 0.04765625
1 0.90078125 0.8953125 0.08515625 0.08046875
2 0.9703125 0.88828125 0.04921875 0.0890625
2 0.83984375 0.75078125 0.096875 0.1015625
2 0.96796875 0.5390625 0.053125 0.09296875
2 0.9328125 0.5546875 0.0921875 0.10546875
2 0.9046875 0.6203125 0.0515625 0.05
2 0.62734375 0.646875 0.08125 0.12421875
2 0.53828125 0.50078125 0.10625 0.08671875
2 0.63984375 0.465625 0.0828125 0.09140625
2 0.77890625 0.45234375 0.11484375 0.165625
2 0.68359375 0.3875 0.08125 0.09296875
2 0.74765625 0.33203125 0.078125 0.07421875
2 0.7484375 0.26640625 0.09375 0.10546875
2 0.97421875 0.4078125 0.0515625 0.0890625
2 0.978125 0.30546875 0.040625 0.0953125
2 0.9484375 0.35390625 0.0703125 0.0515625
2 0.93671875 0.4203125 0.07578125 0.07890625
2 0.8625 0.378125 0.10234375 0.09140625
2 0.8828125 0.25078125 0.0921875 0.0765625
2 0.48046875 0.39609375 0.08828125 0.1140625
1 0.41875 0.33984375 0.0796875 0.10546875
1 0.32890625 0.33125 0.0796875 0.10390625
1 0.3421875 0.16171875 0.08671875 0.11171875
1 0.284375 0.0625 0.0921875 0.10546875
1 0.4453125 0.18671875 0.096875 0.11171875
1 0.36015625 0.0421875 0.078125 0.0765625
2 0.4453125 0.02578125 0.0828125 0.0515625
2 0.49765625 0.03828125 0.0921875 0.0765625
2 0.58359375 0.28125 0.0921875 0.0828125
2 0.615625 0.1921875 0.0921875 0.10390625
1 0.703125 0.15703125 0.09375 0.0953125
1 0.7859375 0.08671875 0.0953125 0.1390625
1 0.8671875 0.04140625 0.0921875 0.0828125
2 0.96484375 0.0546875 0.0671875 0.06640625