3 0.76875 0.4140625 0.11328125 0.140625
3 0.8 0.80546875 0.10625 0.165625
3 0.81171875 0.66484375 0.13984375 0.115625
3 0.634375 0.6421875 0.11484375 0.0953125
3 0.53671875 0.39140625 0.15 0.08515625
3 0.459375 0.09609375 0.14453125 0.05625
3 0.31015625 0.11171875 0.1359375 0.0625
3 0.3015625 0.31953125 0.121875 0.09296875
3 0.43984375 0.52109375 0.11328125 0.08671875
2 0.2703125 0.5984375 0.07578125 0.146875
3 0.45078125 0.63671875 0.07265625 0.128125
3 0.64453125 0.540625 0.09375 0.11171875
2 0.11328125 0.7796875 0.0703125 0.1328125
2 0.1265625 0.6109375 0.096875 0.1078125
2 0.16875 0.37265625 0.078125 0.1328125
2 0.66953125 0.1984375 0.0953125 0.13671875
2 0.85234375 0.1984375 0.08125 0.10546875
2 0.95234375 0.58984375 0.08828125 0.140625
2 0.9140625 0.67109375 0.07421875 0.0953125
2 0.78671875 0.58046875 0.07421875 0.0765625
2 0.76640625 0.5125 0.11640625 0.08515625
1 0.35546875 0.94921875 0.08984375 0.09296875
2 0.24375 0.95234375 0.11875 0.08515625
2 0.3234375 0.6953125 0.0796875 0.09765625
2 0.34453125 0.45859375 0.08515625 0.1140625
2 0.2703125 0.40859375 0.07421875 0.1203125
2 0.07890625 0.284375 0.053125 0.09765625
2 0.0828125 0.375 0.05625 0.0625
2 0.5859375 0.8125 0.121875 0.0625
2 0.51484375 0.78671875 0.08984375 0.09296875
2 0.396875 0.609375 0.08984375 0.09765625
2 0.890625 0.84921875 0.06171875 0.13046875
2 0.96875 0.81875 0.04765625 0.109375
2 0.97734375 0.9390625 0.03359375 0.09921875
2 0.61015625 0.73671875 0.0828125 0.08046875
2 0.684375 0.484375 0.09375 0.0703125
1 0.2140625 0.5265625 0.10390625 0.109375