3 0.09609375 0.2015625 0.09375 0.08671875
3 0.12265625 0.540625 0.15546875 0.0640625
3 0.2234375 0.6984375 0.146875 0.07265625
3 0.8984375 0.3375 0.15703125 0.0703125
0 0.51640625 0.0703125 0.07421875 0.109375
0 0.0796875 0.7140625 0.05859375 0.1078125
0 0.34375 0.75234375 0.1359375 0.08515625
1 0.7109375 0.57265625 0.10234375 0.10546875
2 0.60546875 0.6359375 0.08671875 0.11171875
2 0.59453125 0.49140625 0.07421875 0.1203125
2 0.68203125 0.48515625 0.08984375 0.11171875
2 0.5875 0.23671875 0.10234375 0.08671875
2 0.22109375 0.06328125 0.0953125 0.10390625
1 0.24296875 0.365625 0.07265625 0.10546875
2 0.146875 0.028125 0.0796875 0.05625
4 0.7703125 0.19765625 0.0828125 0.11796875
1 0.96328125 0.26171875 0.0734375 0.0953125
4 0.36953125 0.88828125 0.0953125 0.0953125
2 0.3453125 0.43984375 0.08125 0.09921875
2 0.509375 0.65703125 0.0828125 0.09921875
2 0.521875 0.5953125 0.0796875 0.1078125
2 0.50546875 0.50625 0.096875 0.1015625
2 0.440625 0.490625 0.1078125 0.109375
2 0.403125 0.58828125 0.0921875 0.07890625
2 0.3328125 0.61171875 0.10234375 0.121875
2 0.4125 0.6984375 0.08515625 0.09921875
2 0.46328125 0.7921875 0.0703125 0.08671875
2 0.5203125 0.859375 0.08671875 0.140625
2 0.22421875 0.85234375 0.0953125 0.1203125
2 0.08828125 0.853125 0.0671875 0.09140625
1 0.859375 0.82890625 0.10390625 0.09140625
2 0.6640625 0.8875 0.0921875 0.09765625
2 0.77109375 0.8703125 0.07265625 0.128125
2 0.9328125 0.77109375 0.06875 0.0828125
2 0.96640625 0.859375 0.05625 0.140625
2 0.63984375 0.725 0.07578125 0.11796875
2 0.83984375 0.59453125 0.096875 0.12421875
2 0.98203125 0.41328125 0.03203125 0.08515625
2 0.88515625 0.39921875 0.10234375 0.121875
2 0.784375 0.42578125 0.078125 0.153125
4 0.73046875 0.3640625 0.1109375 0.115625
2 0.2453125 0.5609375 0.08125 0.1078125
2 0.2765625 0.67109375 0.11640625 0.0953125
4 0.128125 0.4265625 0.10078125 0.115625
2 0.24375 0.24453125 0.11484375 0.1203125
4 0.35234375 0.2578125 0.08515625 0.128125
2 0.43359375 0.28125 0.08828125 0.07890625
2 0.459375 0.21875 0.134375 0.1015625
2 0.41875 0.1140625 0.10390625 0.0953125
2 0.315625 0.07734375 0.08984375 0.1265625
2 0.7046875 0.128125 0.07421875 0.1203125
2 0.85 0.11875 0.07578125 0.1203125
2 0.865625 0.2328125 0.09921875 0.08671875
2 0.85703125 0.3046875 0.13046875 0.0625
2 0.6984375 0.78359375 0.08828125 0.109375
2 0.09296875 0.28359375 0.07265625 0.1140625
2 0.97734375 0.15 0.04453125 0.10546875
2 0.96015625 0.03515625 0.0703125 0.0703125
2 0.13125 0.58359375 0.07421875 0.1203125
2 0.16953125 0.6046875 0.07578125 0.146875
2 0.11953125 0.62734375 0.07421875 0.13671875
2 0.64453125 0.16796875 0.11640625 0.1203125