3 0.51640625 0.24765625 0.13984375 0.0953125
3 0.62109375 0.659375 0.08828125 0.134375
3 0.45546875 0.84921875 0.06171875 0.16953125
3 0.31875 0.52265625 0.0546875 0.15546875
3 0.33515625 0.35 0.1609375 0.07890625
3 0.8453125 0.46875 0.1234375 0.1015625
3 0.51484375 0.43359375 0.0796875 0.1328125
2 0.64765625 0.74921875 0.12578125 0.08515625
2 0.44296875 0.321875 0.06171875 0.14921875
2 0.23046875 0.8125 0.1109375 0.11796875
2 0.1765625 0.509375 0.10234375 0.109375
2 0.5046875 0.59921875 0.1078125 0.140625
1 0.84609375 0.17265625 0.08984375 0.10390625
2 0.33828125 0.41953125 0.10234375 0.115625
2 0.1125 0.775 0.065625 0.0890625
2 0.15078125 0.67890625 0.08125 0.09921875
2 0.69375 0.89921875 0.06328125 0.07265625
2 0.76484375 0.884375 0.0703125 0.1078125
2 0.83125 0.9046875 0.10625 0.05390625
2 0.921875 0.840625 0.09921875 0.08671875
2 0.87578125 0.78359375 0.1078125 0.09765625
2 0.2375 0.38515625 0.07421875 0.0890625
2 0.559375 0.5125 0.11875 0.146875
2 0.74140625 0.646875 0.0921875 0.09921875
2 0.91171875 0.58046875 0.09375 0.07265625
2 0.89609375 0.653125 0.11875 0.0640625
2 0.91953125 0.40234375 0.11484375 0.1328125
2 0.7765625 0.55390625 0.0671875 0.121875
2 0.90625 0.48984375 0.06328125 0.08671875
2 0.384375 0.21875 0.1109375 0.1140625
2 0.5140625 0.33828125 0.09921875 0.1078125
2 0.228125 0.215625 0.05625 0.13046875
2 0.16015625 0.15390625 0.08984375 0.1140625
2 0.11875 0.10078125 0.0828125 0.1078125
2 0.3625 0.11484375 0.065625 0.07421875
2 0.3109375 0.06796875 0.121875 0.0890625
2 0.20703125 0.0328125 0.07578125 0.0625
2 0.43359375 0.0375 0.10625 0.0625
2 0.72265625 0.040625 0.07421875 0.07265625
2 0.96484375 0.5234375 0.06015625 0.0890625
2 0.83125 0.6078125 0.0921875 0.109375