3 0.25234375 0.24296875 0.175 0.0640625
3 0.09375 0.66484375 0.09375 0.15703125
3 0.81953125 0.525 0.13046875 0.134375
3 0.396875 0.7734375 0.10625 0.1328125
3 0.91875 0.61484375 0.05625 0.10546875
3 0.76953125 0.86875 0.1078125 0.1203125
3 0.50078125 0.028125 0.065625 0.0453125
3 0.090625 0.8890625 0.121875 0.08671875
3 0.225 0.8875 0.1234375 0.0828125
2 0.278125 0.64296875 0.10234375 0.1140625
3 0.103125 0.2359375 0.13984375 0.0703125
2 0.76484375 0.22578125 0.096875 0.121875
1 0.2046875 0.5578125 0.096875 0.08671875
2 0.6328125 0.8 0.06171875 0.0765625
2 0.259375 0.0703125 0.0671875 0.1328125
1 0.53671875 0.2640625 0.09921875 0.11796875
2 0.63125 0.2390625 0.10234375 0.121875
2 0.75625 0.646875 0.11484375 0.1265625
3 0.79140625 0.81875 0.09375 0.10546875
2 0.75859375 0.75234375 0.08828125 0.121875
2 0.5875 0.859375 0.10390625 0.09765625
2 0.3390625 0.57109375 0.1109375 0.115625
2 0.2359375 0.4296875 0.10390625 0.1328125
2 0.16640625 0.3546875 0.08828125 0.109375
2 0.08046875 0.32265625 0.08828125 0.09921875
2 0.1234375 0.1375 0.08984375 0.09921875
2 0.0703125 0.059375 0.11484375 0.09765625
2 0.48203125 0.88515625 0.1078125 0.09296875
2 0.56875 0.75234375 0.065625 0.11171875
2 0.48671875 0.7046875 0.08671875 0.0890625
2 0.68203125 0.89609375 0.07578125 0.07421875
2 0.5015625 0.81953125 0.10078125 0.11796875
2 0.31875 0.03828125 0.065625 0.0640625