3 0.10859375 0.64921875 0.0703125 0.16953125
3 0.68359375 0.03203125 0.1203125 0.05625
0 0.03671875 0.52578125 0.065625 0.1453125
2 0.81953125 0.54453125 0.14296875 0.140625
2 0.871875 0.64765625 0.10625 0.10546875
2 0.89453125 0.75703125 0.096875 0.121875
1 0.6890625 0.7703125 0.10390625 0.1203125
2 0.51171875 0.70078125 0.11328125 0.1203125
2 0.56640625 0.615625 0.09375 0.09921875
2 0.63359375 0.90859375 0.109375 0.0515625
2 0.81640625 0.9078125 0.078125 0.05390625
2 0.925 0.91484375 0.053125 0.04140625
2 0.91171875 0.4671875 0.0703125 0.109375
2 0.865625 0.3625 0.08125 0.09921875
2 0.7421875 0.1015625 0.10078125 0.12421875
2 0.63359375 0.1296875 0.096875 0.109375
2 0.56875 0.06953125 0.08828125 0.10390625
2 0.43515625 0.09765625 0.10390625 0.1203125
2 0.1625 0.08828125 0.10234375 0.1140625
1 0.06796875 0.1390625 0.0828125 0.10546875
2 0.16796875 0.4109375 0.12890625 0.146875
2 0.02265625 0.4015625 0.04453125 0.11171875
2 0.021875 0.64375 0.0296875 0.14296875
2 0.0625 0.77421875 0.1109375 0.10390625
2 0.08984375 0.86328125 0.109375 0.1203125
2 0.17421875 0.88828125 0.08515625 0.09296875
2 0.26953125 0.90703125 0.08515625 0.05
2 0.26953125 0.82890625 0.08828125 0.09921875
2 0.38359375 0.7109375 0.08984375 0.1015625
1 0.25625 0.6265625 0.09921875 0.1203125
2 0.2546875 0.49140625 0.1109375 0.12421875
2 0.25 0.3375 0.0828125 0.12421875
1 0.396875 0.55625 0.0828125 0.1078125
2 0.48828125 0.50390625 0.09375 0.10546875
2 0.5359375 0.30234375 0.08125 0.128125
1 0.44140625 0.2875 0.09375 0.121875
2 0.07421875 0.66171875 0.078125 0.1078125
2 0.13046875 0.78671875 0.0421875 0.0515625