3 0.8203125 0.72265625 0.15 0.06015625
3 0.37578125 0.95234375 0.109375 0.06015625
1 0.8609375 0.4109375 0.10625 0.12421875
2 0.940625 0.5859375 0.01796875 0.08046875
2 0.93828125 0.375 0.015625 0.0890625
2 0.92734375 0.7109375 0.0390625 0.0953125
1 0.865625 0.83671875 0.0921875 0.1015625
2 0.703125 0.77109375 0.096875 0.11171875
2 0.7765625 0.61796875 0.1109375 0.12421875
2 0.68515625 0.5421875 0.08515625 0.0828125
2 0.77265625 0.48984375 0.0921875 0.11171875
2 0.72890625 0.26484375 0.10390625 0.109375
4 0.87109375 0.1078125 0.109375 0.0953125
2 0.74375 0.15234375 0.109375 0.115625
1 0.60703125 0.18515625 0.07578125 0.09765625
2 0.6296875 0.30859375 0.10625 0.121875
2 0.64453125 0.46484375 0.06328125 0.11171875
2 0.690625 0.9265625 0.0921875 0.1390625
2 0.596875 0.94375 0.1078125 0.11171875
2 0.4578125 0.5921875 0.10625 0.109375
1 0.45234375 0.23203125 0.1078125 0.12421875
2 0.28671875 0.215625 0.10625 0.115625
2 0.18671875 0.09765625 0.0828125 0.06796875
2 0.09453125 0.1109375 0.08515625 0.09921875
1 0.0953125 0.3125 0.0953125 0.11796875
2 0.29609375 0.40234375 0.10390625 0.09921875
2 0.115625 0.43515625 0.09921875 0.1265625
2 0.02578125 0.08984375 0.0421875 0.05625
2 0.14765625 0.5640625 0.109375 0.134375
2 0.25234375 0.5984375 0.08984375 0.13046875
2 0.40546875 0.7109375 0.08984375 0.128125
2 0.3046875 0.7078125 0.0953125 0.11796875
2 0.153125 0.83984375 0.11328125 0.128125
2 0.33671875 0.840625 0.15 0.12421875
2 0.26796875 0.92890625 0.0921875 0.1015625
2 0.01953125 0.92734375 0.0390625 0.09921875