3 0.36015625 0.9375 0.109375 0.12421875
3 0.36328125 0.52578125 0.1359375 0.0953125
3 0.11015625 0.23359375 0.08515625 0.14921875
0 0.74765625 0.43984375 0.11484375 0.08671875
2 0.27734375 0.7015625 0.10390625 0.0953125
2 0.74765625 0.25703125 0.0953125 0.13046875
1 0.29765625 0.81875 0.0953125 0.1078125
2 0.04140625 0.55 0.0796875 0.1265625
2 0.7015625 0.81640625 0.1234375 0.13671875
4 0.58046875 0.465625 0.11640625 0.146875
0 0.025 0.40390625 0.04921875 0.121875
0 0.03515625 0.309375 0.0703125 0.13046875
0 0.37421875 0.375 0.10234375 0.08671875
3 0.19765625 0.98046875 0.06171875 0.03125
2 0.04296875 0.9734375 0.0734375 0.053125
2 0.109375 0.8625 0.1109375 0.08671875
1 0.24296875 0.57421875 0.08515625 0.10546875
1 0.15 0.49140625 0.09375 0.09296875
2 0.27578125 0.359375 0.09921875 0.11796875
2 0.16953125 0.346875 0.10625 0.09921875
2 0.24296875 0.19765625 0.11328125 0.1140625
2 0.453125 0.13125 0.10234375 0.0640625
2 0.43046875 0.20078125 0.109375 0.0625
2 0.4390625 0.26328125 0.11875 0.07265625
2 0.76328125 0.6046875 0.1359375 0.115625
1 0.8828125 0.6984375 0.065625 0.1140625
2 0.5953125 0.87890625 0.07421875 0.10546875
2 0.8453125 0.875 0.0796875 0.0890625
4 0.7984375 0.79609375 0.08671875 0.1203125
2 0.925 0.846875 0.04453125 0.146875
2 0.91015625 0.96796875 0.07421875 0.05625
2 0.80390625 0.93515625 0.0953125 0.121875
2 0.69296875 0.9640625 0.0953125 0.06796875
2 0.6 0.9734375 0.10234375 0.04765625
2 0.5296875 0.975 0.0796875 0.0453125
3 0.38046875 0.7515625 0.0921875 0.07890625
3 0.48515625 0.53125 0.1203125 0.0828125
2 0.6109375 0.58828125 0.09375 0.07890625
2 0.90390625 0.2671875 0.0671875 0.14296875
2 0.8875 0.22578125 0.10390625 0.09921875
2 0.64765625 0.1046875 0.11484375 0.0765625
2 0.675 0.5359375 0.0671875 0.121875
2 0.68515625 0.17421875 0.0921875 0.0890625
2 0.82890625 0.08671875 0.04921875 0.04140625
2 0.91953125 0.134375 0.04921875 0.0890625
2 0.4484375 0.4546875 0.0828125 0.09921875
2 0.35703125 0.4765625 0.09375 0.0828125
2 0.0453125 0.15703125 0.0703125 0.10390625
2 0.26875 0.1109375 0.1359375 0.08515625
2 0.1546875 0.09921875 0.15390625 0.04765625
2 0.759375 0.09453125 0.0796875 0.04765625