0 0.69765625 0.4421875 0.078125 0.140625
0 0.840625 0.76640625 0.13046875 0.0640625
0 0.77578125 0.64609375 0.14296875 0.07890625
0 0.57265625 0.9265625 0.11875 0.0953125
0 0.1625 0.609375 0.11640625 0.09921875
0 0.26875 0.6890625 0.0515625 0.13046875
3 0.25546875 0.87265625 0.09921875 0.128125
3 0.25078125 0.359375 0.13984375 0.08515625
3 0.4203125 0.78046875 0.1328125 0.07421875
2 0.65390625 0.7296875 0.08671875 0.1140625
2 0.56953125 0.64765625 0.096875 0.128125
2 0.53203125 0.553125 0.08984375 0.1078125
2 0.4703125 0.63984375 0.0671875 0.1140625
2 0.4453125 0.90859375 0.06328125 0.09140625
2 0.640625 0.80859375 0.109375 0.128125
2 0.72890625 0.92578125 0.14296875 0.128125
2 0.9078125 0.94296875 0.10234375 0.109375
2 0.95078125 0.84296875 0.08671875 0.1078125
2 0.94375 0.76328125 0.078125 0.121875
2 0.91171875 0.65 0.1078125 0.11796875
2 0.86328125 0.56328125 0.0921875 0.109375
2 0.77265625 0.55078125 0.078125 0.09921875
2 0.60390625 0.4515625 0.11875 0.1265625
2 0.50703125 0.3859375 0.096875 0.11171875
1 0.64375 0.3671875 0.08984375 0.109375
1 0.740625 0.309375 0.096875 0.11796875
2 0.95078125 0.20078125 0.096875 0.115625
2 0.33125 0.57421875 0.08671875 0.0953125
2 0.3515625 0.68828125 0.0796875 0.10546875
2 0.33828125 0.8859375 0.109375 0.08671875
2 0.3484375 0.9671875 0.109375 0.0625
2 0.5515625 0.984375 0.09921875 0.03125
2 0.0921875 0.965625 0.08515625 0.06015625
2 0.128125 0.88828125 0.06875 0.109375
2 0.19140625 0.803125 0.08828125 0.11171875
2 0.20234375 0.69765625 0.06171875 0.06796875
1 0.10078125 0.7546875 0.096875 0.09921875
2 0.08359375 0.52578125 0.06328125 0.0953125
2 0.19453125 0.48671875 0.10078125 0.115625
2 0.25703125 0.53828125 0.07265625 0.08671875
2 0.1125 0.4171875 0.096875 0.08671875
1 0.265625 0.2703125 0.096875 0.10546875
1 0.33125 0.16484375 0.10390625 0.1328125
1 0.43671875 0.1375 0.10078125 0.115625
2 0.60546875 0.20078125 0.08984375 0.13046875
2 0.64296875 0.10234375 0.121875 0.06015625
2 0.82890625 0.0828125 0.08671875 0.0328125
2 0.9140625 0.10859375 0.10078125 0.07265625
2 0.9875 0.3546875 0.02265625 0.08046875
2 0.98203125 0.4609375 0.03515625 0.08046875
2 0.37265625 0.0859375 0.0796875 0.04765625