3 0.3375 0.14921875 0.1625 0.06015625
3 0.1546875 0.353125 0.1515625 0.0890625
3 0.34296875 0.20703125 0.11875 0.07421875
3 0.5671875 0.0515625 0.103125 0.103125
3 0.5203125 0.51640625 0.13984375 0.1203125
0 0.34375 0.66328125 0.1203125 0.1015625
0 0.69375 0.66484375 0.1203125 0.09140625
0 0.265625 0.60625 0.08515625 0.0953125
0 0.909375 0.8765625 0.1078125 0.10546875
3 0.7859375 0.3640625 0.14453125 0.0453125
2 0.86015625 0.50546875 0.08984375 0.0953125
2 0.87109375 0.39375 0.0953125 0.09921875
2 0.95 0.2765625 0.0828125 0.09921875
1 0.94375 0.0609375 0.08984375 0.10390625
1 0.85078125 0.121875 0.08515625 0.10390625
2 0.74765625 0.17265625 0.1109375 0.09921875
2 0.7484375 0.053125 0.1234375 0.10546875
1 0.5296875 0.16015625 0.09375 0.1015625
2 0.4859375 0.0359375 0.09921875 0.05625
2 0.353125 0.040625 0.11328125 0.08046875
2 0.40078125 0.09296875 0.09921875 0.08515625
2 0.1296875 0.04453125 0.08671875 0.07421875
2 0.13671875 0.134375 0.10234375 0.09765625
2 0.25390625 0.27109375 0.096875 0.1140625
4 0.3265625 0.3921875 0.10078125 0.12421875
2 0.46015625 0.21328125 0.12734375 0.1203125
2 0.6109375 0.353125 0.10234375 0.1265625
2 0.8171875 0.25078125 0.11484375 0.134375
2 0.9171875 0.50078125 0.07421875 0.1078125
2 0.95703125 0.6015625 0.0796875 0.10546875
2 0.80625 0.60234375 0.0671875 0.08046875
2 0.853125 0.6921875 0.109375 0.134375
2 0.9 0.72890625 0.109375 0.09296875
2 0.7640625 0.81875 0.078125 0.1078125
2 0.68125 0.49375 0.08828125 0.06640625
2 0.61953125 0.55078125 0.07265625 0.05390625
2 0.4546875 0.6078125 0.096875 0.11796875
2 0.46796875 0.70390625 0.13046875 0.0640625
1 0.475 0.8015625 0.08671875 0.10546875
2 0.52109375 0.88203125 0.0546875 0.0953125
3 0.44609375 0.8921875 0.07421875 0.08671875
2 0.10546875 0.8578125 0.10078125 0.14296875
2 0.16328125 0.72265625 0.12734375 0.1203125
2 0.18671875 0.49765625 0.11640625 0.09765625
2 0.24453125 0.39921875 0.08671875 0.10390625