3 0.2234375 0.63125 0.146875 0.115625
3 0.16171875 0.67890625 0.16640625 0.0640625
3 0.1953125 0.34453125 0.1203125 0.08671875
3 0.06796875 0.18828125 0.04609375 0.165625
3 0.57265625 0.25390625 0.14453125 0.07421875
3 0.46796875 0.43203125 0.10625 0.1328125
3 0.6609375 0.784375 0.16796875 0.09921875
3 0.390625 0.90390625 0.11484375 0.10390625
3 0.36875 0.82890625 0.1328125 0.0515625
3 0.38359375 0.78359375 0.14296875 0.0625
3 0.75703125 0.6984375 0.146875 0.1078125
2 0.90390625 0.3640625 0.1203125 0.1203125
2 0.721875 0.5453125 0.07578125 0.11171875
2 0.80390625 0.2578125 0.08125 0.10546875
2 0.2421875 0.165625 0.09375 0.1203125
2 0.91953125 0.65859375 0.1234375 0.140625
2 0.70546875 0.9421875 0.08125 0.10390625
2 0.66875 0.321875 0.07421875 0.12421875
2 0.49375 0.13671875 0.0921875 0.10546875
2 0.42421875 0.1109375 0.08125 0.08046875
2 0.32890625 0.140625 0.096875 0.12421875
2 0.1734375 0.2328125 0.11640625 0.1015625
2 0.134375 0.17890625 0.08828125 0.09140625
2 0.325 0.34140625 0.07421875 0.1203125
2 0.4234375 0.51171875 0.11640625 0.09296875
2 0.81328125 0.490625 0.096875 0.11796875
2 0.73125 0.353125 0.09375 0.11796875
2 0.7203125 0.16328125 0.10078125 0.07265625
2 0.64765625 0.13046875 0.11484375 0.0828125
2 0.8296875 0.1078125 0.0921875 0.08671875
2 0.9640625 0.0953125 0.065625 0.0578125
2 0.965625 0.49453125 0.0546875 0.09140625
4 0.33359375 0.68203125 0.0921875 0.1203125
2 0.4484375 0.7109375 0.1078125 0.109375
2 0.56640625 0.6328125 0.10078125 0.0890625
1 0.60859375 0.67890625 0.10078125 0.09921875
2 0.8 0.8078125 0.13984375 0.0640625
2 0.84609375 0.72578125 0.096875 0.09921875
2 0.95 0.75078125 0.09375 0.1078125
2 0.9375 0.86328125 0.07421875 0.128125
2 0.87265625 0.9671875 0.12890625 0.0515625
2 0.55234375 0.8640625 0.1109375 0.09140625
2 0.48046875 0.92734375 0.07421875 0.11796875
2 0.58203125 0.3984375 0.0921875 0.08671875
2 0.51796875 0.30859375 0.1109375 0.07890625
2 0.0828125 0.63125 0.0703125 0.1265625
2 0.1234375 0.95234375 0.1234375 0.09140625
2 0.24375 0.96875 0.10234375 0.0578125
2 0.30234375 0.93984375 0.06875 0.08515625
2 0.80703125 0.5890625 0.07421875 0.0953125
2 0.75703125 0.0890625 0.096875 0.05625
2 0.11015625 0.1015625 0.10390625 0.0703125
2 0.5546875 0.95234375 0.0703125 0.0765625