3 0.259375 0.7671875 0.18359375 0.10390625
3 0.578125 0.47890625 0.159375 0.06796875
3 0.64296875 0.79609375 0.13984375 0.11171875
0 0.4703125 0.4390625 0.109375 0.07265625
2 0.15078125 0.4359375 0.08515625 0.0890625
2 0.1734375 0.31953125 0.07421875 0.11796875
2 0.26484375 0.16875 0.10234375 0.1078125
2 0.290625 0.26796875 0.0953125 0.09921875
2 0.3984375 0.27734375 0.08984375 0.08671875
2 0.44296875 0.16328125 0.07265625 0.07421875
2 0.50703125 0.15 0.0671875 0.11796875
2 0.5875 0.109375 0.08125 0.0828125
2 0.6078125 0.190625 0.10390625 0.0953125
2 0.6671875 0.2671875 0.08984375 0.0828125
2 0.69453125 0.36328125 0.08125 0.0890625
2 0.50546875 0.35390625 0.07578125 0.0953125
2 0.85078125 0.51953125 0.06875 0.109375
2 0.76796875 0.5421875 0.11484375 0.09140625
2 0.77421875 0.365625 0.065625 0.1015625
2 0.8859375 0.2671875 0.0953125 0.0828125
2 0.83828125 0.15546875 0.0796875 0.0953125
2 0.7359375 0.2109375 0.078125 0.08671875
2 0.75625 0.26484375 0.0953125 0.0765625
2 0.94765625 0.4046875 0.10234375 0.09296875
2 0.93046875 0.51015625 0.13046875 0.08046875
1 0.9234375 0.67890625 0.0796875 0.08671875
2 0.94765625 0.7859375 0.0953125 0.08671875
2 0.9125 0.9421875 0.09921875 0.09921875
2 0.709375 0.959375 0.07421875 0.08046875
2 0.540625 0.96875 0.08828125 0.0625
2 0.428125 0.965625 0.0828125 0.06796875
2 0.3203125 0.97421875 0.08515625 0.0515625
2 0.44296875 0.784375 0.0921875 0.1203125
4 0.51953125 0.67578125 0.09921875 0.1015625
2 0.61640625 0.61171875 0.0671875 0.0890625
2 0.68515625 0.6359375 0.06875 0.08671875
2 0.74921875 0.7125 0.1109375 0.146875
2 0.83515625 0.7484375 0.096875 0.07890625
2 0.63359375 0.4484375 0.0703125 0.1265625
2 0.346875 0.5734375 0.1078125 0.1078125
2 0.45078125 0.36015625 0.1078125 0.0765625
2 0.24453125 0.4265625 0.0671875 0.134375
2 0.17578125 0.51796875 0.0953125 0.1015625
2 0.19140625 0.6078125 0.10625 0.1140625
2 0.271875 0.65 0.07265625 0.09296875
2 0.14140625 0.75703125 0.10234375 0.10390625
2 0.103125 0.65703125 0.0796875 0.08515625
2 0.078125 0.56640625 0.06171875 0.0890625
2 0.31015625 0.83671875 0.10625 0.0953125
2 0.46796875 0.2296875 0.09375 0.09140625