0 0.1984375 0.87890625 0.10234375 0.11796875
0 0.72421875 0.89375 0.09921875 0.08046875
0 0.66875 0.73359375 0.1234375 0.07890625
0 0.628125 0.61171875 0.08984375 0.1328125
0 0.0703125 0.58984375 0.03515625 0.07890625
3 0.75234375 0.20390625 0.0546875 0.134375
3 0.403125 0.0703125 0.11875 0.11796875
0 0.46484375 0.1984375 0.08671875 0.09296875
4 0.1265625 0.85 0.10078125 0.109375
2 0.0828125 0.77421875 0.05625 0.1203125
2 0.11640625 0.64609375 0.0796875 0.1078125
2 0.196875 0.51328125 0.10078125 0.1015625
1 0.22265625 0.39140625 0.0953125 0.1078125
2 0.2390625 0.28125 0.08515625 0.09296875
2 0.109375 0.2015625 0.07421875 0.121875
2 0.18359375 0.16328125 0.05859375 0.0953125
2 0.484375 0.7328125 0.11875 0.10546875
2 0.28515625 0.9078125 0.096875 0.0515625
2 0.39453125 0.90859375 0.0671875 0.05625
1 0.4921875 0.89375 0.10078125 0.08046875
2 0.81796875 0.8609375 0.096875 0.09296875
2 0.6109375 0.8875 0.0828125 0.0890625
2 0.67734375 0.81796875 0.08125 0.08671875
2 0.871875 0.784375 0.10234375 0.09296875
2 0.95546875 0.65546875 0.08125 0.115625
2 0.90546875 0.59140625 0.078125 0.1078125
2 0.95234375 0.50703125 0.08828125 0.10390625
2 0.97734375 0.26796875 0.0453125 0.1109375
2 0.9125 0.23203125 0.08828125 0.11171875
2 0.93984375 0.17890625 0.07578125 0.09921875
2 0.8015625 0.09921875 0.1203125 0.09296875
2 0.825 0.20703125 0.11328125 0.13671875
1 0.7953125 0.35234375 0.0703125 0.09296875
1 0.703125 0.52265625 0.096875 0.1078125
1 0.540625 0.60078125 0.0953125 0.121875
2 0.57421875 0.42265625 0.10390625 0.0890625
2 0.55625 0.26953125 0.08984375 0.128125
2 0.61953125 0.24921875 0.09921875 0.0890625
2 0.7171875 0.27109375 0.08828125 0.128125
2 0.70234375 0.17890625 0.09921875 0.0765625
4 0.521875 0.140625 0.109375 0.11796875
2 0.35 0.15078125 0.13046875 0.08515625
2 0.33515625 0.07421875 0.096875 0.08671875
2 0.25546875 0.03203125 0.08671875 0.0640625
2 0.2109375 0.01171875 0.07421875 0.02265625
2 0.98203125 0.328125 0.028125 0.0828125