4 0.36484375 0.715625 0.08984375 0.134375
4 0.4015625 0.61171875 0.1203125 0.1140625
4 0.1421875 0.5234375 0.0921875 0.13671875
3 0.771875 0.42109375 0.109375 0.0953125
3 0.26875 0.76796875 0.14296875 0.09140625
3 0.809375 0.221875 0.2046875 0.1203125
3 0.796875 0.375 0.06015625 0.12421875
4 0.1109375 0.26171875 0.0828125 0.10546875
4 0.321875 0.33515625 0.08984375 0.11171875
2 0.40625 0.4046875 0.08984375 0.1015625
2 0.33046875 0.475 0.06875 0.08671875
2 0.3921875 0.49140625 0.1109375 0.09140625
2 0.2015625 0.625 0.10078125 0.10546875
2 0.2953125 0.65546875 0.09375 0.13046875
2 0.32265625 0.83671875 0.08828125 0.121875
1 0.40390625 0.828125 0.0828125 0.1015625
2 0.50234375 0.93984375 0.10234375 0.1140625
4 0.56796875 0.83828125 0.096875 0.11171875
2 0.53203125 0.690625 0.0796875 0.1203125
2 0.61640625 0.5984375 0.08984375 0.08046875
2 0.63515625 0.37890625 0.08671875 0.09296875
2 0.79296875 0.58984375 0.0828125 0.09296875
1 0.696875 0.63359375 0.0828125 0.1078125
2 0.64765625 0.7484375 0.08828125 0.109375
2 0.66953125 0.78046875 0.12578125 0.08671875
1 0.6890625 0.91484375 0.08515625 0.08671875
1 0.80703125 0.821875 0.0921875 0.12421875
1 0.8828125 0.75078125 0.08828125 0.08515625
2 0.9375 0.85703125 0.0921875 0.1140625
2 0.88046875 0.93984375 0.1109375 0.09140625
2 0.13984375 0.9296875 0.109375 0.1203125
2 0.07890625 0.82734375 0.04921875 0.115625
2 0.08203125 0.678125 0.06171875 0.1203125
3 0.26328125 0.459375 0.08984375 0.1265625
2 0.2453125 0.43046875 0.06171875 0.08046875
2 0.17421875 0.4609375 0.07421875 0.128125
2 0.0921875 0.390625 0.0703125 0.09296875
2 0.196875 0.41484375 0.0703125 0.10390625
2 0.68828125 0.39921875 0.07578125 0.121875
2 0.83984375 0.5 0.09375 0.12421875
1 0.89453125 0.61171875 0.096875 0.1015625
2 0.93359375 0.39140625 0.0953125 0.09921875
2 0.89921875 0.18359375 0.08515625 0.0890625
2 0.80625 0.21328125 0.0796875 0.08671875
2 0.85078125 0.175 0.07421875 0.09140625
2 0.928125 0.125 0.07578125 0.1015625
2 0.81484375 0.334375 0.08515625 0.09765625
2 0.5953125 0.30546875 0.1328125 0.121875
1 0.684375 0.2203125 0.0671875 0.10546875
2 0.57578125 0.18828125 0.10390625 0.0765625
2 0.628125 0.1375 0.0671875 0.1203125
2 0.4921875 0.12421875 0.0828125 0.09921875
2 0.3765625 0.18671875 0.07421875 0.0765625
1 0.27421875 0.15390625 0.08515625 0.0890625
2 0.20859375 0.21953125 0.07578125 0.0765625
2 0.17421875 0.16953125 0.08515625 0.09296875
2 0.39921875 0.09765625 0.10390625 0.0625
2 0.1953125 0.0953125 0.08671875 0.05625
2 0.97890625 0.56953125 0.03515625 0.11171875