3 0.21328125 0.27421875 0.1765625 0.13046875
0 0.43359375 0.23671875 0.0546875 0.15703125
0 0.2984375 0.27421875 0.09375 0.09921875
3 0.534375 0.2640625 0.11484375 0.1203125
2 0.5765625 0.23671875 0.0828125 0.08515625
2 0.63125 0.284375 0.06328125 0.11796875
2 0.60078125 0.36328125 0.1109375 0.0703125
2 0.59609375 0.10078125 0.10078125 0.10390625
2 0.5359375 0.1265625 0.078125 0.0953125
2 0.5078125 0.17890625 0.09375 0.08671875
2 0.43046875 0.0796875 0.09375 0.1140625
2 0.36484375 0.09296875 0.08671875 0.0953125
2 0.265625 0.06015625 0.10390625 0.115625
1 0.296875 0.19375 0.09375 0.11796875
2 0.365625 0.221875 0.0546875 0.121875
2 0.4 0.16171875 0.0796875 0.08046875
2 0.553125 0.02578125 0.08984375 0.04765625
2 0.6390625 0.025 0.07421875 0.04140625
2 0.69765625 0.0578125 0.0953125 0.11171875
2 0.74609375 0.13984375 0.1328125 0.0953125
1 0.7203125 0.2328125 0.0796875 0.10546875
2 0.81328125 0.303125 0.0796875 0.0953125
2 0.89765625 0.38515625 0.06171875 0.1015625
2 0.8015625 0.37578125 0.10390625 0.0953125
2 0.7921875 0.4625 0.08125 0.09296875
1 0.90390625 0.51171875 0.0796875 0.09296875
1 0.63671875 0.59140625 0.109375 0.10390625
2 0.55 0.4453125 0.07578125 0.10546875
2 0.58125 0.48203125 0.07421875 0.1015625
2 0.46484375 0.47109375 0.0796875 0.06640625
1 0.35078125 0.42265625 0.0953125 0.09765625
1 0.0859375 0.1875 0.078125 0.09296875
2 0.1140625 0.01953125 0.10234375 0.0390625
2 0.11953125 0.29375 0.1078125 0.10390625
2 0.10546875 0.3578125 0.07421875 0.11171875
2 0.44765625 0.5390625 0.07265625 0.09765625
2 0.48671875 0.5765625 0.04453125 0.07890625
1 0.50703125 0.57734375 0.08125 0.08671875
1 0.71171875 0.78671875 0.08671875 0.1140625
2 0.79296875 0.8015625 0.06015625 0.0828125
2 0.86484375 0.81953125 0.08984375 0.09765625
2 0.5625 0.73828125 0.10234375 0.17578125
2 0.49296875 0.67890625 0.08125 0.10390625
2 0.4171875 0.67734375 0.096875 0.09921875
2 0.4546875 0.76328125 0.1203125 0.08671875
2 0.3484375 0.77734375 0.08984375 0.09765625
2 0.58828125 0.88828125 0.08671875 0.0828125
2 0.49375 0.87578125 0.07265625 0.115625
2 0.396875 0.88515625 0.08671875 0.08671875
2 0.35625 0.8921875 0.0953125 0.07890625
2 0.23125 0.90703125 0.10078125 0.05
2 0.03359375 0.82265625 0.06015625 0.11171875
2 0.046875 0.88203125 0.0796875 0.08671875
2 0.02890625 0.6046875 0.0546875 0.1078125
2 0.01953125 0.56796875 0.0390625 0.09765625
2 0.05 0.47421875 0.1 0.0828125
2 0.0140625 0.41640625 0.028125 0.0515625
2 0.01640625 0.74296875 0.0265625 0.06015625
2 0.93203125 0.9046875 0.0296875 0.05625
2 0.93359375 0.27421875 0.02109375 0.0953125