3 0.58203125 0.790625 0.1078125 0.1453125
3 0.04609375 0.8078125 0.08828125 0.13046875
0 0.0734375 0.7328125 0.1328125 0.09296875
0 0.87109375 0.53125 0.11875 0.05390625
0 0.80546875 0.4703125 0.09921875 0.05625
0 0.846875 0.60078125 0.12890625 0.09921875
0 0.33671875 0.7140625 0.13046875 0.08515625
3 0.31171875 0.28359375 0.1609375 0.10546875
3 0.59296875 0.16796875 0.10390625 0.171875
0 0.63125 0.35390625 0.11328125 0.09921875
1 0.68671875 0.25703125 0.10234375 0.1078125
1 0.8515625 0.146875 0.10078125 0.121875
1 0.60078125 0.5265625 0.08515625 0.11796875
1 0.8015625 0.825 0.08515625 0.09921875
1 0.7015625 0.8875 0.10078125 0.1015625
1 0.58359375 0.88828125 0.09921875 0.09140625
2 0.39609375 0.89765625 0.08515625 0.0765625
2 0.20234375 0.91171875 0.11875 0.04375
2 0.14921875 0.84375 0.10234375 0.10546875
1 0.1703125 0.68125 0.0953125 0.12421875
2 0.13984375 0.475 0.1078125 0.11171875
2 0.21171875 0.5578125 0.1203125 0.1078125
2 0.33125 0.5796875 0.1203125 0.128125
1 0.303125 0.796875 0.10234375 0.09296875
2 0.4375 0.6984375 0.09921875 0.07890625
2 0.52421875 0.66796875 0.078125 0.10546875
2 0.46328125 0.58828125 0.08828125 0.07421875
2 0.50546875 0.49296875 0.096875 0.09140625
2 0.73359375 0.5296875 0.04453125 0.09140625
2 0.925 0.8375 0.04453125 0.15546875
2 0.871875 0.7859375 0.109375 0.08046875
2 0.87578125 0.6875 0.07421875 0.07890625
2 0.9234375 0.6453125 0.040625 0.11796875
2 0.73515625 0.75390625 0.1234375 0.1140625
0 0.65 0.715625 0.109375 0.09296875
2 0.68359375 0.65703125 0.10078125 0.0953125
2 0.7703125 0.6375 0.08671875 0.0953125
2 0.6421875 0.41171875 0.06171875 0.0890625
3 0.14453125 0.021875 0.08671875 0.03125
2 0.3859375 0.378125 0.06875 0.0953125
2 0.30390625 0.32890625 0.0953125 0.08671875
2 0.2171875 0.39140625 0.08125 0.10390625
2 0.08046875 0.38203125 0.0953125 0.11171875
2 0.15390625 0.290625 0.0796875 0.09765625
2 0.184375 0.24609375 0.07578125 0.0890625
2 0.0703125 0.2453125 0.09921875 0.1078125
2 0.028125 0.16171875 0.04921875 0.0953125
1 0.0609375 0.0796875 0.08515625 0.10546875
1 0.24609375 0.11796875 0.11328125 0.115625
2 0.53828125 0.2984375 0.0796875 0.08515625
2 0.440625 0.08984375 0.078125 0.08671875
2 0.490625 0.07421875 0.0828125 0.08671875
2 0.90546875 0.04765625 0.07421875 0.0765625
2 0.53359375 0.12421875 0.08984375 0.10390625
2 0.8015625 0.025 0.08984375 0.0375
2 0.41953125 0.0234375 0.08671875 0.03515625