0 0.521875 0.6984375 0.1203125 0.11796875
0 0.83828125 0.1296875 0.08125 0.1328125
0 0.90078125 0.86953125 0.0828125 0.10546875
0 0.91796875 0.140625 0.05625 0.1265625
2 0.96015625 0.2203125 0.0796875 0.0765625
2 0.8671875 0.24609375 0.096875 0.09765625
2 0.9 0.3640625 0.0953125 0.11171875
2 0.98125 0.41015625 0.03671875 0.0765625
2 0.77109375 0.128125 0.07578125 0.1203125
2 0.68671875 0.18046875 0.09921875 0.12421875
2 0.5421875 0.10390625 0.1078125 0.08046875
2 0.64296875 0.07578125 0.0921875 0.0328125
2 0.44609375 0.1265625 0.08125 0.08671875
2 0.33359375 0.18515625 0.11640625 0.06640625
2 0.35625 0.17734375 0.065625 0.14921875
2 0.2828125 0.0859375 0.08671875 0.0453125
2 0.1828125 0.08359375 0.0953125 0.0390625
2 0.075 0.0765625 0.05625 0.04375
2 0.23046875 0.22890625 0.08125 0.09921875
2 0.3984375 0.36328125 0.08828125 0.109375
2 0.91015625 0.5796875 0.07578125 0.10546875
2 0.97578125 0.7828125 0.04765625 0.11171875
2 0.9 0.71328125 0.08125 0.1265625
2 0.8578125 0.76796875 0.065625 0.0953125
2 0.8234375 0.6296875 0.08515625 0.11171875
2 0.7234375 0.5359375 0.0953125 0.10390625
2 0.7890625 0.51328125 0.06171875 0.0890625
2 0.6375 0.61484375 0.0953125 0.109375
2 0.6296875 0.728125 0.0828125 0.109375
2 0.68984375 0.959375 0.06171875 0.0703125
2 0.62265625 0.96484375 0.0953125 0.06015625
2 0.50390625 0.8921875 0.09375 0.09921875
2 0.5078125 0.8546875 0.11640625 0.1015625
2 0.4234375 0.73046875 0.078125 0.11171875
2 0.53828125 0.6046875 0.09375 0.1078125
2 0.52890625 0.49765625 0.09375 0.10546875
2 0.38359375 0.47109375 0.15703125 0.121875
2 0.309375 0.35234375 0.065625 0.1015625
2 0.24296875 0.3828125 0.0828125 0.128125
2 0.2796875 0.58046875 0.10234375 0.13671875
2 0.3671875 0.60078125 0.07578125 0.0890625
2 0.38125 0.703125 0.06015625 0.109375
2 0.13984375 0.40859375 0.10234375 0.1078125
2 0.19375 0.68125 0.0953125 0.0953125
2 0.0828125 0.6921875 0.065625 0.09765625
2 0.0734375 0.809375 0.04609375 0.10390625
2 0.14296875 0.7546875 0.07265625 0.1015625
2 0.278125 0.74296875 0.08671875 0.1078125
2 0.30546875 0.79921875 0.08125 0.09765625
2 0.2859375 0.89375 0.08671875 0.109375
2 0.19140625 0.89453125 0.08984375 0.10390625
2 0.14609375 0.95 0.1109375 0.0890625
2 0.75078125 0.92421875 0.08671875 0.0953125
2 0.921875 0.98203125 0.1078125 0.03515625
2 0.85859375 0.83046875 0.065625 0.08515625
2 0.55234375 0.74140625 0.11328125 0.09296875
2 0.803125 0.203125 0.09375 0.0890625