0 0.33828125 0.26953125 0.10625 0.109375
0 0.8 0.725 0.08984375 0.10546875
2 0.41171875 0.20078125 0.1203125 0.06640625
2 0.4703125 0.16953125 0.10625 0.09765625
3 0.521875 0.8125 0.11484375 0.0890625
2 0.521875 0.846875 0.0703125 0.0640625
2 0.58671875 0.509375 0.0703125 0.109375
4 0.28125 0.8578125 0.11484375 0.1265625
2 0.121875 0.85078125 0.08671875 0.1078125
1 0.1953125 0.696875 0.0828125 0.1078125
4 0.09609375 0.6625 0.08671875 0.1328125
2 0.153125 0.521875 0.09921875 0.11796875
2 0.81875 0.88125 0.08125 0.10546875
2 0.72421875 0.8921875 0.08828125 0.0625
2 0.6546875 0.92734375 0.07421875 0.03125
2 0.52890625 0.88828125 0.14140625 0.09296875
2 0.43125 0.684375 0.08515625 0.1078125
2 0.41875 0.5890625 0.10390625 0.121875
2 0.38125 0.49921875 0.08671875 0.1390625
2 0.33828125 0.4015625 0.09375 0.11171875
2 0.22734375 0.48359375 0.07578125 0.121875
2 0.6140625 0.7796875 0.08125 0.1203125
2 0.5453125 0.725 0.096875 0.109375
2 0.73359375 0.79296875 0.109375 0.08671875
2 0.68671875 0.74765625 0.08671875 0.08671875
2 0.6875 0.646875 0.08828125 0.0890625
2 0.765625 0.57109375 0.11875 0.1265625
2 0.80625 0.5625 0.0828125 0.09296875
1 0.81328125 0.50234375 0.09375 0.12421875
2 0.71875 0.45859375 0.10234375 0.1015625
2 0.94140625 0.640625 0.10078125 0.09765625
2 0.9515625 0.42734375 0.08671875 0.0828125
2 0.95 0.48515625 0.08671875 0.06015625
2 0.90546875 0.5234375 0.05859375 0.0578125
2 0.93046875 0.56328125 0.05625 0.06015625
2 0.53515625 0.57421875 0.09375 0.11796875
2 0.59375 0.41640625 0.0828125 0.09296875
2 0.46171875 0.271875 0.109375 0.09921875
2 0.9609375 0.32421875 0.07421875 0.08671875
2 0.975 0.2640625 0.04453125 0.10546875
2 0.87421875 0.27734375 0.08828125 0.1015625
2 0.95390625 0.07734375 0.0921875 0.12421875
2 0.78359375 0.059375 0.10234375 0.11796875
2 0.5296875 0.08671875 0.09375 0.09921875
2 0.4484375 0.03828125 0.13046875 0.0765625
2 0.31796875 0.03125 0.1203125 0.05390625
2 0.275 0.13671875 0.096875 0.1015625
2 0.228125 0.0453125 0.0921875 0.08515625
2 0.1328125 0.0578125 0.0921875 0.1078125
2 0.0890625 0.021875 0.06875 0.0265625
1 0.0796875 0.14921875 0.0515625 0.09921875