3 0.74765625 0.24296875 0.175 0.0640625
3 0.90625 0.66484375 0.09375 0.15703125
3 0.18046875 0.525 0.13046875 0.134375
3 0.603125 0.7734375 0.10625 0.1328125
3 0.08125 0.61484375 0.05625 0.10546875
3 0.23046875 0.86875 0.1078125 0.1203125
3 0.49921875 0.028125 0.065625 0.0453125
3 0.909375 0.8890625 0.121875 0.08671875
3 0.775 0.8875 0.1234375 0.0828125
2 0.721875 0.64296875 0.10234375 0.1140625
3 0.896875 0.2359375 0.13984375 0.0703125
2 0.23515625 0.22578125 0.096875 0.121875
1 0.7953125 0.5578125 0.096875 0.08671875
2 0.3671875 0.8 0.06171875 0.0765625
2 0.740625 0.0703125 0.0671875 0.1328125
1 0.46328125 0.2640625 0.09921875 0.11796875
2 0.36875 0.2390625 0.10234375 0.121875
2 0.24375 0.646875 0.11484375 0.1265625
3 0.20859375 0.81875 0.09375 0.10546875
2 0.24140625 0.75234375 0.08828125 0.121875
2 0.4125 0.859375 0.10390625 0.09765625
2 0.6609375 0.57109375 0.1109375 0.115625
2 0.7640625 0.4296875 0.10390625 0.1328125
2 0.83359375 0.3546875 0.08828125 0.109375
2 0.91953125 0.32265625 0.08828125 0.09921875
2 0.8765625 0.1375 0.08984375 0.09921875
2 0.9296875 0.059375 0.11484375 0.09765625
2 0.51796875 0.88515625 0.1078125 0.09296875
2 0.43125 0.75234375 0.065625 0.11171875
2 0.51328125 0.7046875 0.08671875 0.0890625
2 0.31796875 0.89609375 0.07578125 0.07421875
2 0.4984375 0.81953125 0.10078125 0.11796875
2 0.68125 0.03828125 0.065625 0.0640625