3 0.56015625 0.77421875 0.15 0.08046875
3 0.63671875 0.9703125 0.0984375 0.059375
3 0.60234375 0.96171875 0.078125 0.06015625
3 0.4484375 0.88828125 0.121875 0.109375
3 0.17734375 0.92734375 0.1484375 0.07890625
3 0.60859375 0.2265625 0.16640625 0.05390625
3 0.459375 0.4140625 0.12890625 0.0625
3 0.30703125 0.384375 0.11875 0.06015625
3 0.11640625 0.31953125 0.146875 0.0625
3 0.540625 0.6296875 0.1328125 0.0703125
3 0.83828125 0.60625 0.146875 0.09921875
3 0.4296875 0.76796875 0.12578125 0.07265625
1 0.040625 0.775 0.06875 0.0890625
1 0.8828125 0.7578125 0.07421875 0.07890625
2 0.91171875 0.884375 0.07578125 0.08515625
2 0.68671875 0.88828125 0.0796875 0.10390625
2 0.69609375 0.78984375 0.07265625 0.0765625
2 0.72265625 0.75078125 0.07421875 0.0953125
2 0.653125 0.67109375 0.08828125 0.08671875
1 0.3453125 0.61875 0.0828125 0.13671875
2 0.2609375 0.67109375 0.0953125 0.09921875
2 0.26953125 0.5640625 0.08125 0.0890625
1 0.15703125 0.63359375 0.0953125 0.09140625
1 0.18203125 0.5125 0.096875 0.08046875
2 0.1609375 0.83125 0.10390625 0.1203125
2 0.06640625 0.92265625 0.0921875 0.09921875
2 0.29296875 0.93203125 0.109375 0.07421875
2 0.25703125 0.840625 0.07578125 0.09921875
2 0.325 0.77109375 0.0703125 0.12421875
2 0.47578125 0.7015625 0.08125 0.10390625
2 0.41875 0.78984375 0.06171875 0.08046875
2 0.828125 0.4375 0.14453125 0.12421875
2 0.721875 0.4078125 0.10234375 0.1328125
2 0.7015625 0.33359375 0.10625 0.0765625
2 0.64296875 0.1171875 0.096875 0.09296875
2 0.88984375 0.19765625 0.08828125 0.1015625
2 0.86875 0.30625 0.0671875 0.0890625
2 0.434375 0.325 0.10234375 0.1078125
2 0.4140625 0.48359375 0.07421875 0.06796875
2 0.53828125 0.509375 0.10625 0.09765625
2 0.58359375 0.43046875 0.07265625 0.08671875
2 0.5296875 0.35078125 0.07578125 0.134375
2 0.6203125 0.31171875 0.0703125 0.09140625
2 0.28359375 0.303125 0.10234375 0.0953125
2 0.2203125 0.209375 0.08984375 0.0703125
4 0.13046875 0.20078125 0.0921875 0.1203125
2 0.04921875 0.32421875 0.08125 0.09765625
2 0.57578125 0.90078125 0.08125 0.13671875
2 0.80859375 0.51953125 0.09375 0.08671875
2 0.73515625 0.20390625 0.08984375 0.1078125
2 0.846875 0.1015625 0.09921875 0.05390625
2 0.490625 0.1921875 0.10234375 0.121875
2 0.37109375 0.22578125 0.0921875 0.08671875
2 0.28671875 0.16015625 0.08515625 0.09296875
2 0.3859375 0.11796875 0.10390625 0.08671875
2 0.20703125 0.4046875 0.096875 0.09296875