3 0.7078125 0.521875 0.16796875 0.1203125
3 0.209375 0.190625 0.1109375 0.121875
0 0.6078125 0.44609375 0.134375 0.07265625
2 0.27734375 0.2765625 0.10390625 0.15078125
2 0.1171875 0.26015625 0.0921875 0.1140625
2 0.2421875 0.4046875 0.0703125 0.0828125
2 0.4890625 0.121875 0.0921875 0.1203125
2 0.5046875 0.21015625 0.0921875 0.09921875
2 0.48125 0.31640625 0.096875 0.140625
2 0.78359375 0.2203125 0.0796875 0.1015625
2 0.9046875 0.14296875 0.0796875 0.13671875
2 0.73671875 0.10546875 0.08671875 0.08671875
2 0.68984375 0.2703125 0.10078125 0.15078125
2 0.61015625 0.26640625 0.08125 0.109375
2 0.7421875 0.34296875 0.10625 0.08671875
2 0.70234375 0.4578125 0.10390625 0.121875
2 0.453125 0.61875 0.08984375 0.11796875
2 0.6078125 0.61484375 0.10390625 0.1328125
2 0.74140625 0.60390625 0.0921875 0.10546875
2 0.55 0.69140625 0.0828125 0.10546875
2 0.12890625 0.625 0.10234375 0.1140625
2 0.05390625 0.51015625 0.0921875 0.1265625
2 0.06328125 0.36015625 0.0671875 0.0953125
2 0.19296875 0.3078125 0.078125 0.09921875
2 0.14765625 0.3875 0.065625 0.10546875
2 0.41484375 0.1171875 0.0828125 0.08671875
2 0.284375 0.79921875 0.1078125 0.12421875
2 0.1671875 0.90234375 0.08671875 0.08671875
2 0.03984375 0.7328125 0.04921875 0.1203125
2 0.27734375 0.92421875 0.08515625 0.1078125
2 0.1171875 0.965625 0.08515625 0.06015625