3 0.75078125 0.8125 0.04765625 0.18046875
3 0.23125 0.16171875 0.096875 0.18203125
3 0.1421875 0.8546875 0.12578125 0.0890625
3 0.05859375 0.73671875 0.10625 0.13046875
3 0.77890625 0.35703125 0.1078125 0.140625
3 0.76953125 0.68203125 0.0390625 0.16953125
3 0.7953125 0.23671875 0.10234375 0.121875
2 0.5203125 0.74140625 0.10078125 0.1203125
2 0.434375 0.165625 0.08984375 0.10546875
2 0.884375 0.41015625 0.0921875 0.1140625
2 0.3515625 0.33984375 0.10234375 0.1140625
3 0.14375 0.6984375 0.0921875 0.14296875
2 0.63515625 0.7203125 0.0796875 0.1015625
2 0.68984375 0.50703125 0.10234375 0.1203125
2 0.77890625 0.453125 0.08125 0.10546875
0 0.7421875 0.61484375 0.08671875 0.13671875
0 0.45234375 0.334375 0.10390625 0.109375
2 0.74921875 0.1109375 0.065625 0.08046875
2 0.91953125 0.22890625 0.0515625 0.12421875
2 0.14921875 0.17890625 0.08125 0.08515625
2 0.18984375 0.30859375 0.1203125 0.10546875
2 0.2625 0.4109375 0.07421875 0.1203125
2 0.16875 0.42421875 0.10234375 0.08671875
2 0.6984375 0.3765625 0.07265625 0.12421875
2 0.37109375 0.840625 0.09921875 0.1015625
2 0.6953125 0.9015625 0.0921875 0.0703125
2 0.33515625 0.91328125 0.12734375 0.0453125
2 0.21640625 0.875 0.06875 0.08046875
2 0.290625 0.83984375 0.0671875 0.08515625
2 0.22734375 0.7765625 0.065625 0.08046875
2 0.3046875 0.74921875 0.06875 0.08046875
2 0.22421875 0.646875 0.10390625 0.146875
2 0.24921875 0.5515625 0.0953125 0.07890625
2 0.2984375 0.64296875 0.07265625 0.0953125
2 0.56875 0.034375 0.10078125 0.0640625
2 0.68671875 0.03671875 0.0953125 0.0734375
2 0.2484375 0.0546875 0.0828125 0.10546875
2 0.871875 0.17109375 0.0921875 0.10546875
2 0.903125 0.07734375 0.08125 0.0640625
2 0.80625 0.05078125 0.08671875 0.0890625
2 0.35859375 0.68828125 0.06875 0.09140625
2 0.0265625 0.87578125 0.053125 0.1015625
2 0.10234375 0.6046875 0.0671875 0.10390625
2 0.02578125 0.6375 0.0515625 0.09296875
2 0.08984375 0.47890625 0.10390625 0.1078125
2 0.078125 0.33203125 0.0796875 0.10546875
2 0.03125 0.39375 0.05625 0.1140625
2 0.16015625 0.05078125 0.08984375 0.09140625