3 0.44375 0.2078125 0.11328125 0.11171875
3 0.7375 0.19765625 0.07265625 0.16328125
3 0.24296875 0.73671875 0.121875 0.1078125
3 0.86640625 0.66484375 0.1203125 0.1078125
3 0.37265625 0.615625 0.07265625 0.134375
0 0.534375 0.4421875 0.07421875 0.15546875
0 0.6640625 0.665625 0.14453125 0.09296875
0 0.80546875 0.2875 0.1109375 0.06796875
0 0.3203125 0.56328125 0.06171875 0.15078125
0 0.159375 0.890625 0.134375 0.0625
2 0.67421875 0.2984375 0.078125 0.1265625
2 0.88984375 0.31796875 0.09375 0.11171875
2 0.88359375 0.41953125 0.12734375 0.1078125
2 0.9640625 0.16953125 0.065625 0.09765625
2 0.85546875 0.0921875 0.096875 0.0515625
2 0.42421875 0.12421875 0.1078125 0.11171875
2 0.31328125 0.13046875 0.08671875 0.0890625
2 0.20546875 0.1125 0.07265625 0.0890625
2 0.0859375 0.2328125 0.07265625 0.1140625
2 0.2484375 0.24140625 0.07421875 0.08671875
2 0.25859375 0.34921875 0.10390625 0.09921875
2 0.35234375 0.3828125 0.08125 0.11796875
2 0.44609375 0.4140625 0.0921875 0.128125
2 0.23046875 0.4640625 0.10234375 0.121875
2 0.1640625 0.61796875 0.0953125 0.09921875
1 0.478125 0.6078125 0.0671875 0.10546875
2 0.58203125 0.628125 0.08125 0.08046875
2 0.66875 0.5671875 0.08671875 0.1078125
2 0.7515625 0.58671875 0.07421875 0.11171875
2 0.83984375 0.5578125 0.10234375 0.10390625
2 0.8859375 0.7828125 0.09921875 0.115625
2 0.9640625 0.87578125 0.0671875 0.115625
2 0.81484375 0.9453125 0.10390625 0.07890625
2 0.89453125 0.97578125 0.0734375 0.0484375
2 0.74296875 0.85234375 0.09375 0.12421875
2 0.62421875 0.9328125 0.10234375 0.115625
2 0.5265625 0.7859375 0.10078125 0.0765625
2 0.06640625 0.13046875 0.02109375 0.07421875
2 0.428125 0.8375 0.096875 0.109375
2 0.5421875 0.853125 0.1078125 0.0890625
2 0.5140625 0.95625 0.08125 0.07890625
2 0.41953125 0.953125 0.0828125 0.07890625
2 0.328125 0.97734375 0.1078125 0.0375
2 0.1515625 0.8046875 0.11328125 0.0890625
2 0.2140625 0.8125 0.1109375 0.09765625
2 0.23359375 0.91796875 0.07578125 0.09296875
2 0.3609375 0.290625 0.10625 0.0390625
2 0.1984375 0.9875 0.0921875 0.02109375