2 0.37421875 0.41015625 0.09375 0.09765625
2 0.14453125 0.7328125 0.09375 0.12421875
2 0.78671875 0.60625 0.0953125 0.115625
2 0.91171875 0.58203125 0.0671875 0.1015625
2 0.88984375 0.2546875 0.08828125 0.165625
3 0.5765625 0.525 0.15 0.121875
3 0.5015625 0.709375 0.1203125 0.15546875
2 0.24140625 0.78984375 0.1109375 0.15546875
2 0.0625 0.884375 0.0921875 0.16171875
2 0.07890625 0.51328125 0.096875 0.140625
2 0.04609375 0.34921875 0.08125 0.165625
2 0.07890625 0.2328125 0.096875 0.09296875
3 0.078125 0.146875 0.12578125 0.06640625
2 0.0953125 0.09140625 0.109375 0.0375
2 0.3390625 0.1359375 0.08125 0.1203125
2 0.43125 0.1234375 0.08828125 0.1203125
2 0.62734375 0.20078125 0.12578125 0.07421875
2 0.5046875 0.31640625 0.07265625 0.09296875
2 0.678125 0.75234375 0.0828125 0.11171875
2 0.3484375 0.72265625 0.10625 0.0890625
2 0.42265625 0.9609375 0.1046875 0.078125
2 0.6984375 0.640625 0.065625 0.08671875
2 0.521875 0.6125 0.1359375 0.0828125
2 0.8234375 0.77421875 0.0828125 0.08671875
2 0.8703125 0.80625 0.1203125 0.153125
3 0.81484375 0.30859375 0.10234375 0.09765625
2 0.56875 0.28046875 0.08828125 0.10390625
2 0.5203125 0.16328125 0.08984375 0.128125
2 0.56875 0.11171875 0.11875 0.08515625
2 0.8859375 0.1203125 0.09921875 0.08515625
2 0.7296875 0.40859375 0.0796875 0.1390625
2 0.63984375 0.39375 0.10234375 0.09921875
2 0.596875 0.42890625 0.08515625 0.09140625
2 0.6671875 0.32578125 0.07578125 0.0890625
2 0.19609375 0.8625 0.078125 0.09921875
2 0.0296875 0.56953125 0.05625 0.11171875
2 0.46328125 0.78984375 0.07578125 0.11171875