0 0.38046875 0.6296875 0.08828125 0.0890625
3 0.22421875 0.8609375 0.0953125 0.128125
3 0.1171875 0.57109375 0.0421875 0.11171875
3 0.9640625 0.44453125 0.071875 0.1546875
3 0.87890625 0.965625 0.12578125 0.06015625
3 0.83125 0.19375 0.13046875 0.11796875
2 0.66953125 0.69765625 0.08984375 0.09296875
1 0.66953125 0.95 0.08828125 0.08515625
1 0.81875 0.75546875 0.0921875 0.10546875
1 0.76171875 0.66484375 0.0796875 0.11171875
2 0.89296875 0.8703125 0.08671875 0.09921875
2 0.8859375 0.81484375 0.08125 0.0828125
1 0.95859375 0.60078125 0.0828125 0.121875
2 0.97890625 0.7296875 0.03515625 0.121875
0 0.4296875 0.9421875 0.11484375 0.0640625
1 0.58671875 0.965625 0.0796875 0.06796875
2 0.4546875 0.8859375 0.08671875 0.08515625
2 0.46796875 0.81171875 0.109375 0.11171875
2 0.49609375 0.7203125 0.08984375 0.09296875
2 0.51875 0.68125 0.08984375 0.07890625
2 0.61875 0.70625 0.07578125 0.121875
2 0.67421875 0.6171875 0.10390625 0.1015625
1 0.64453125 0.5625 0.0671875 0.09296875
2 0.56953125 0.5328125 0.07421875 0.09296875
2 0.40078125 0.66796875 0.0953125 0.09296875
2 0.29609375 0.70390625 0.08515625 0.09921875
2 0.3 0.94921875 0.08671875 0.0828125
2 0.19453125 0.97109375 0.1078125 0.0578125
2 0.11015625 0.8875 0.10625 0.1015625
4 0.11875 0.69453125 0.08671875 0.09921875
2 0.19609375 0.58671875 0.08125 0.1078125
2 0.23125 0.55625 0.0796875 0.09921875
2 0.31171875 0.53828125 0.0703125 0.10390625
2 0.39765625 0.50546875 0.0953125 0.1265625
2 0.35859375 0.45546875 0.08984375 0.10546875
2 0.44453125 0.50703125 0.08515625 0.115625
2 0.51953125 0.4640625 0.08515625 0.0953125
2 0.73125 0.4140625 0.10234375 0.12421875
2 0.75703125 0.52578125 0.08984375 0.1078125
2 0.7859375 0.55625 0.0953125 0.09921875
2 0.93984375 0.4515625 0.0828125 0.10546875
2 0.89453125 0.36328125 0.0796875 0.1328125
2 0.9796875 0.33671875 0.040625 0.1203125
2 0.98046875 0.21015625 0.03203125 0.1203125
1 0.84921875 0.296875 0.11484375 0.1140625
1 0.61953125 0.23515625 0.0921875 0.1078125
2 0.79609375 0.14375 0.08515625 0.08671875
1 0.6890625 0.17890625 0.0953125 0.09140625
2 0.53515625 0.28984375 0.0828125 0.08671875
2 0.47890625 0.32578125 0.10390625 0.10546875
2 0.42578125 0.20390625 0.08125 0.1078125
2 0.490625 0.19140625 0.10078125 0.109375
1 0.634375 0.115625 0.10390625 0.0953125
2 0.31640625 0.15546875 0.06328125 0.0953125
2 0.2109375 0.15078125 0.10234375 0.0953125
2 0.52578125 0.09609375 0.0953125 0.0515625
2 0.4203125 0.09453125 0.10234375 0.0515625
1 0.15390625 0.2765625 0.08671875 0.115625
1 0.08125 0.25390625 0.06328125 0.1203125
2 0.0984375 0.3765625 0.08671875 0.1015625
2 0.08828125 0.43671875 0.096875 0.08046875
2 0.075 0.5734375 0.053125 0.0953125
2 0.76484375 0.07734375 0.07421875 0.025
2 0.15078125 0.21953125 0.04765625 0.0515625