0 0.709375 0.22265625 0.11875 0.10546875
0 0.93828125 0.45625 0.1234375 0.0828125
0 0.83203125 0.62109375 0.12578125 0.0703125
0 0.6671875 0.37265625 0.08671875 0.1140625
0 0.49296875 0.08671875 0.0921875 0.0453125
0 0.359375 0.7046875 0.10390625 0.09765625
0 0.2609375 0.89140625 0.1515625 0.07265625
4 0.95859375 0.35234375 0.07421875 0.11796875
4 0.0734375 0.80234375 0.04453125 0.1328125
1 0.46875 0.24921875 0.1109375 0.134375
2 0.31171875 0.33359375 0.096875 0.15546875
2 0.47578125 0.4109375 0.0953125 0.1203125
1 0.60546875 0.7734375 0.096875 0.128125
2 0.46484375 0.65390625 0.096875 0.1015625
1 0.5609375 0.58359375 0.0953125 0.1140625
2 0.94609375 0.9375 0.09921875 0.11796875
1 0.1140625 0.4359375 0.09921875 0.12421875
2 0.965625 0.16875 0.065625 0.121875
2 0.9234375 0.10078125 0.08984375 0.08515625
2 0.8 0.1109375 0.09375 0.08515625
2 0.73359375 0.15546875 0.109375 0.121875
1 0.81015625 0.221875 0.10234375 0.1078125
2 0.58046875 0.14609375 0.0671875 0.1078125
2 0.63671875 0.11484375 0.0671875 0.0890625
2 0.1125 0.12734375 0.10234375 0.11796875
2 0.78671875 0.3828125 0.1078125 0.1140625
2 0.74296875 0.33828125 0.10078125 0.1078125
2 0.75703125 0.51171875 0.11640625 0.1453125
2 0.83828125 0.703125 0.1203125 0.10546875
4 0.60234375 0.90703125 0.1078125 0.13046875
2 0.48828125 0.9484375 0.11328125 0.09140625
2 0.4109375 0.7859375 0.0953125 0.08671875
2 0.2109375 0.359375 0.0953125 0.109375
1 0.58125 0.43984375 0.08984375 0.09765625
4 0.175 0.57890625 0.0828125 0.1078125
1 0.08828125 0.6296875 0.0796875 0.109375
2 0.2375 0.790625 0.10234375 0.10546875
2 0.1609375 0.93984375 0.08515625 0.08671875