0 0.8390625 0.4625 0.146875 0.06796875
0 0.5328125 0.75390625 0.14140625 0.07421875
0 0.86953125 0.88125 0.08671875 0.0828125
0 0.1625 0.66484375 0.134375 0.09140625
0 0.1390625 0.85625 0.11875 0.0765625
3 0.146875 0.29921875 0.14140625 0.06640625
3 0.23671875 0.56796875 0.1359375 0.10390625
3 0.60234375 0.84140625 0.121875 0.09765625
3 0.91171875 0.65703125 0.1328125 0.06640625
0 0.840625 0.7265625 0.1234375 0.08515625
2 0.18125 0.28046875 0.0796875 0.08515625
2 0.21015625 0.165625 0.2015625 0.190625
2 0.08203125 0.2203125 0.06328125 0.1203125
2 0.3109375 0.25703125 0.096875 0.1015625
2 0.43359375 0.08984375 0.0953125 0.04375
2 0.79921875 0.0859375 0.1078125 0.04375
2 0.78515625 0.15625 0.109375 0.07890625
2 0.42421875 0.15703125 0.1109375 0.08515625
2 0.40703125 0.24765625 0.0921875 0.0953125
1 0.34609375 0.34140625 0.0703125 0.11171875
2 0.2609375 0.35703125 0.06875 0.09921875
2 0.1765625 0.3953125 0.0921875 0.1015625
2 0.0921875 0.3984375 0.08828125 0.09921875
2 0.0703125 0.59140625 0.04453125 0.10546875
2 0.3375 0.57890625 0.08515625 0.09921875
2 0.275 0.66328125 0.14296875 0.09765625
2 0.26484375 0.7515625 0.0953125 0.0828125
2 0.384375 0.7296875 0.0921875 0.10546875
2 0.5546875 0.23671875 0.11328125 0.1015625
2 0.55234375 0.33984375 0.11328125 0.08515625
2 0.65 0.32265625 0.0796875 0.08671875
2 0.815625 0.2296875 0.1203125 0.08046875
2 0.73203125 0.2703125 0.13046875 0.121875
2 0.83203125 0.30234375 0.109375 0.0953125
2 0.94609375 0.35078125 0.10390625 0.08515625
2 0.93203125 0.44375 0.1109375 0.109375
2 0.82890625 0.3953125 0.09375 0.07890625
2 0.77421875 0.459375 0.0796875 0.121875
2 0.65546875 0.446875 0.109375 0.134375
1 0.5515625 0.49296875 0.08828125 0.09765625
2 0.61328125 0.57421875 0.08515625 0.09921875
2 0.54296875 0.64609375 0.11328125 0.1140625
2 0.71796875 0.7015625 0.0921875 0.1078125
1 0.9015625 0.56484375 0.08515625 0.09765625
2 0.8921875 0.7546875 0.09375 0.08046875
2 0.96015625 0.859375 0.078125 0.09296875
2 0.8796875 0.82109375 0.121875 0.08046875
2 0.87421875 0.978125 0.08125 0.03515625
2 0.52890625 0.83671875 0.12890625 0.09140625
2 0.5046875 0.9359375 0.10234375 0.09765625