3 0.8625 0.28984375 0.1765625 0.06640625
0 0.08359375 0.1109375 0.1203125 0.06796875
0 0.3296875 0.21328125 0.08984375 0.11796875
0 0.69765625 0.24453125 0.121875 0.06640625
0 0.69375 0.1328125 0.0703125 0.134375
0 0.04296875 0.5859375 0.0859375 0.075
0 0.27734375 0.92265625 0.10234375 0.0953125
1 0.7296875 0.7671875 0.08515625 0.109375
1 0.68203125 0.9046875 0.0828125 0.08046875
2 0.55 0.9421875 0.08671875 0.0953125
2 0.4296875 0.90703125 0.08125 0.09921875
2 0.10859375 0.975 0.10234375 0.0453125
2 0.0328125 0.96796875 0.065625 0.0640625
1 0.25390625 0.7578125 0.08828125 0.10546875
2 0.028125 0.67890625 0.05625 0.10546875
2 0.1 0.6359375 0.08515625 0.08671875
1 0.0890625 0.525 0.07421875 0.09765625
2 0.01796875 0.51640625 0.03515625 0.07421875
2 0.2578125 0.61875 0.1203125 0.134375
2 0.39921875 0.7515625 0.0921875 0.09765625
2 0.48671875 0.76796875 0.0796875 0.08515625
2 0.534375 0.690625 0.121875 0.0625
2 0.61015625 0.82265625 0.07421875 0.08046875
2 0.621875 0.75234375 0.08671875 0.0953125
2 0.86015625 0.953125 0.06328125 0.08671875
1 0.853125 0.825 0.08515625 0.10390625
2 0.9203125 0.775 0.053125 0.1140625
2 0.41328125 0.6421875 0.09375 0.08671875
2 0.35 0.5640625 0.11640625 0.13046875
2 0.20078125 0.31328125 0.0953125 0.134375
2 0.10859375 0.27109375 0.08828125 0.0953125
2 0.07421875 0.18359375 0.10078125 0.08046875
2 0.2796875 0.26171875 0.08828125 0.11796875
2 0.5609375 0.49375 0.08828125 0.134375
2 0.425 0.221875 0.0703125 0.121875
2 0.575 0.32421875 0.096875 0.1078125
2 0.7109375 0.4484375 0.08125 0.11796875
2 0.871875 0.4625 0.14140625 0.13046875
2 0.80703125 0.37265625 0.096875 0.08515625
2 0.93046875 0.225 0.03515625 0.10546875
2 0.80703125 0.20078125 0.1203125 0.08515625
2 0.86015625 0.1015625 0.08671875 0.0625