3 0.6390625 0.7046875 0.13984375 0.0953125
2 0.22734375 0.08671875 0.09921875 0.04375
3 0.66015625 0.371875 0.065625 0.13671875
0 0.10390625 0.13359375 0.10390625 0.0640625
3 0.0921875 0.2 0.0796875 0.0515625
2 0.15390625 0.27421875 0.109375 0.12421875
3 0.16953125 0.38203125 0.109375 0.16171875
2 0.075 0.31484375 0.0390625 0.121875
2 0.0859375 0.5328125 0.06328125 0.12421875
2 0.09453125 0.64921875 0.08515625 0.0890625
2 0.06953125 0.7390625 0.03515625 0.08046875
2 0.071875 0.83203125 0.03671875 0.09140625
2 0.18046875 0.7984375 0.07265625 0.09296875
2 0.25703125 0.6984375 0.1203125 0.1140625
2 0.19140625 0.9703125 0.09921875 0.0578125
2 0.28984375 0.9578125 0.0953125 0.084375
2 0.23671875 0.8859375 0.10390625 0.1015625
2 0.3859375 0.7875 0.10234375 0.121875
2 0.28203125 0.77109375 0.08125 0.11171875
2 0.528125 0.97734375 0.08984375 0.0453125
2 0.5984375 0.8109375 0.08125 0.109375
2 0.68671875 0.77421875 0.08828125 0.10390625
2 0.4890625 0.6296875 0.0921875 0.109375
2 0.384375 0.58203125 0.09921875 0.11171875
2 0.41640625 0.47890625 0.0953125 0.09140625
2 0.5140625 0.4421875 0.096875 0.1328125
2 0.58046875 0.39140625 0.11640625 0.146875
2 0.30703125 0.16171875 0.09375 0.11171875
2 0.3015625 0.34609375 0.0953125 0.1328125
2 0.353125 0.2640625 0.096875 0.146875
2 0.41328125 0.38203125 0.10390625 0.09140625
2 0.4734375 0.1125 0.07265625 0.09296875
2 0.38046875 0.3625 0.11328125 0.128125
2 0.52734375 0.19375 0.096875 0.13046875
2 0.52265625 0.31484375 0.078125 0.0828125
2 0.6953125 0.08046875 0.10234375 0.04375
2 0.96796875 0.16171875 0.06328125 0.11171875
2 0.921875 0.4625 0.1109375 0.1015625
2 0.7890625 0.4171875 0.1078125 0.09765625
2 0.62109375 0.52890625 0.08984375 0.09296875
2 0.72734375 0.5734375 0.1109375 0.115625
2 0.603125 0.628125 0.109375 0.09296875
2 0.6359375 0.9375 0.0953125 0.12421875
2 0.78671875 0.88125 0.1078125 0.115625
2 0.775 0.68125 0.096875 0.12421875
2 0.8984375 0.9140625 0.09921875 0.10546875
2 0.88125 0.70625 0.08984375 0.128125
2 0.9390625 0.63671875 0.121875 0.11171875
2 0.96328125 0.559375 0.0703125 0.09140625
2 0.86640625 0.98359375 0.07578125 0.0328125
2 0.9484375 0.9625 0.08671875 0.06640625
2 0.9484375 0.82421875 0.08984375 0.16328125