0 0.28828125 0.49609375 0.0796875 0.1390625
0 0.1828125 0.17109375 0.11640625 0.10390625
0 0.51875 0.9640625 0.11328125 0.06796875
0 0.3796875 0.97109375 0.109375 0.0515625
3 0.23125 0.9546875 0.115625 0.090625
3 0.2046875 0.85625 0.1109375 0.146875
3 0.184375 0.7640625 0.1640625 0.06015625
3 0.04296875 0.46171875 0.0859375 0.1296875
2 0.8984375 0.953125 0.0953125 0.09296875
2 0.62265625 0.69140625 0.10234375 0.15078125
2 0.47109375 0.778125 0.08125 0.10546875
2 0.3828125 0.778125 0.078125 0.10546875
2 0.3046875 0.7796875 0.07421875 0.11171875
2 0.2625 0.68515625 0.0921875 0.10546875
2 0.03359375 0.92109375 0.06171875 0.128125
2 0.040625 0.79609375 0.0796875 0.1015625
2 0.1828125 0.646875 0.05625 0.134375
2 0.26484375 0.59765625 0.1078125 0.1015625
2 0.13359375 0.559375 0.09921875 0.1203125
2 0.01953125 0.55390625 0.03359375 0.09296875
2 0.08203125 0.3859375 0.08984375 0.11171875
2 0.040625 0.09921875 0.07421875 0.07890625
2 0.16015625 0.08984375 0.10234375 0.0390625
2 0.30703125 0.32578125 0.1109375 0.1265625
2 0.35390625 0.42890625 0.08828125 0.09296875
2 0.44296875 0.54765625 0.1078125 0.09296875
2 0.459375 0.62421875 0.11484375 0.07890625
2 0.715625 0.5328125 0.09375 0.1078125
2 0.87578125 0.6296875 0.0796875 0.1265625
2 0.78984375 0.48828125 0.14140625 0.08046875
2 0.66953125 0.4328125 0.09921875 0.1015625
2 0.79453125 0.190625 0.096875 0.09921875
2 0.56171875 0.159375 0.11328125 0.115625
2 0.48125 0.23046875 0.08984375 0.09765625
2 0.2859375 0.16015625 0.0796875 0.1015625
2 0.41796875 0.10546875 0.08984375 0.07890625
2 0.31328125 0.08203125 0.0921875 0.0265625
2 0.6625 0.09921875 0.0953125 0.0703125