0 0.6140625 0.64609375 0.0921875 0.146875
3 0.09921875 0.525 0.15546875 0.1078125
3 0.50546875 0.48046875 0.1328125 0.0703125
3 0.73671875 0.4234375 0.1234375 0.13671875
3 0.6484375 0.353125 0.12734375 0.10390625
3 0.6890625 0.71328125 0.0515625 0.17578125
0 0.53515625 0.73828125 0.1234375 0.1015625
0 0.25703125 0.58046875 0.07578125 0.146875
2 0.25546875 0.453125 0.109375 0.1140625
2 0.13984375 0.7609375 0.1375 0.1078125
2 0.10234375 0.8921875 0.10390625 0.09765625
1 0.3390625 0.91953125 0.1109375 0.1078125
2 0.49765625 0.84296875 0.11875 0.0953125
2 0.67421875 0.84453125 0.07421875 0.10390625
2 0.75546875 0.17578125 0.08984375 0.0625
2 0.83515625 0.38203125 0.0796875 0.146875
2 0.93359375 0.59140625 0.03671875 0.09140625
2 0.91796875 0.6890625 0.0546875 0.07421875
3 0.93359375 0.8875 0.03359375 0.14921875
2 0.83828125 0.91171875 0.15703125 0.0828125
2 0.575 0.2640625 0.08671875 0.109375
2 0.48203125 0.1046875 0.0953125 0.07265625
2 0.58359375 0.0953125 0.0921875 0.04765625
2 0.62109375 0.18359375 0.06171875 0.13671875
2 0.6765625 0.24296875 0.11640625 0.1203125
2 0.91796875 0.1171875 0.065625 0.09765625
2 0.19609375 0.6109375 0.07421875 0.1203125
2 0.34609375 0.6953125 0.09375 0.09296875
2 0.221875 0.8671875 0.09375 0.0890625
2 0.453125 0.728125 0.11640625 0.134375
2 0.45 0.6140625 0.08984375 0.11171875
2 0.50390625 0.56015625 0.10625 0.0890625
2 0.76328125 0.6296875 0.096875 0.14921875
2 0.75703125 0.7171875 0.08671875 0.10390625
2 0.66484375 0.55078125 0.08984375 0.0890625
2 0.03515625 0.646875 0.04921875 0.115625
2 0.04296875 0.5546875 0.0859375 0.128125