3 0.4703125 0.390625 0.1328125 0.07421875
3 0.296875 0.1359375 0.10078125 0.08515625
3 0.9296875 0.2671875 0.04453125 0.06796875
2 0.41640625 0.63046875 0.11484375 0.14921875
1 0.321875 0.72890625 0.07421875 0.09765625
1 0.6265625 0.8 0.096875 0.10390625
2 0.58125 0.52578125 0.0828125 0.1078125
1 0.85078125 0.5671875 0.0921875 0.1078125
1 0.2171875 0.1234375 0.08125 0.109375
2 0.259375 0.7859375 0.08984375 0.115625
4 0.54609375 0.92421875 0.0953125 0.10390625
2 0.7921875 0.73359375 0.0953125 0.1015625
2 0.80703125 0.95859375 0.10390625 0.0703125
4 0.646875 0.91484375 0.08671875 0.0953125
1 0.46484375 0.0859375 0.09375 0.04375
2 0.5140625 0.178125 0.07265625 0.11796875
2 0.4640625 0.18515625 0.0515625 0.0890625
4 0.3765625 0.1984375 0.0828125 0.1203125
2 0.2296875 0.24609375 0.07421875 0.08671875
2 0.09453125 0.08515625 0.08125 0.05
2 0.0359375 0.2015625 0.06171875 0.14296875
2 0.05703125 0.278125 0.06875 0.08671875
2 0.1671875 0.328125 0.07421875 0.10546875
4 0.1015625 0.41953125 0.10078125 0.11171875
2 0.2 0.44921875 0.10234375 0.1203125
2 0.77421875 0.10390625 0.08828125 0.0828125
2 0.7625 0.15859375 0.0953125 0.0890625
2 0.825 0.12109375 0.0796875 0.0828125
2 0.93359375 0.15625 0.03359375 0.12421875
2 0.840625 0.2671875 0.08828125 0.10546875
2 0.8609375 0.19765625 0.07578125 0.09765625
2 0.88515625 0.2984375 0.07578125 0.08515625
4 0.91171875 0.50234375 0.07421875 0.1203125
4 0.771875 0.51640625 0.078125 0.14296875
2 0.71640625 0.5296875 0.0671875 0.1078125
2 0.35625 0.87578125 0.09921875 0.11171875
2 0.24765625 0.8953125 0.08828125 0.0953125
2 0.1625 0.94375 0.08828125 0.08515625
2 0.0296875 0.68671875 0.04921875 0.08515625
4 0.06171875 0.55 0.10625 0.1390625
2 0.153125 0.5328125 0.08828125 0.10546875
2 0.11640625 0.23203125 0.06328125 0.15703125
2 0.021875 0.40703125 0.03515625 0.11171875
2 0.11484375 0.8703125 0.06328125 0.115625
2 0.02421875 0.9171875 0.0390625 0.134375
2 0.0515625 0.95 0.0953125 0.08046875
2 0.45078125 0.94296875 0.08125 0.09296875
4 0.71875 0.709375 0.10234375 0.12421875
2 0.9109375 0.73984375 0.06875 0.1140625
2 0.88359375 0.865625 0.08671875 0.1015625
2 0.715625 0.25546875 0.08828125 0.1203125
2 0.70546875 0.309375 0.11484375 0.0953125
2 0.6984375 0.378125 0.121875 0.0640625