0 0.30234375 0.5578125 0.078125 0.140625
0 0.159375 0.23359375 0.13046875 0.0640625
0 0.22421875 0.35390625 0.14296875 0.07890625
0 0.42734375 0.0734375 0.11875 0.0953125
0 0.8375 0.390625 0.11640625 0.09921875
0 0.73125 0.3109375 0.0515625 0.13046875
3 0.74453125 0.12734375 0.09921875 0.128125
3 0.74921875 0.640625 0.13984375 0.08515625
3 0.5796875 0.21953125 0.1328125 0.07421875
2 0.34609375 0.2703125 0.08671875 0.1140625
2 0.43046875 0.35234375 0.096875 0.128125
2 0.46796875 0.446875 0.08984375 0.1078125
2 0.5296875 0.36015625 0.0671875 0.1140625
2 0.5546875 0.09140625 0.06328125 0.09140625
2 0.359375 0.19140625 0.109375 0.128125
2 0.27109375 0.07421875 0.14296875 0.128125
2 0.0921875 0.05703125 0.10234375 0.109375
2 0.04921875 0.15703125 0.08671875 0.1078125
2 0.05625 0.23671875 0.078125 0.121875
2 0.08828125 0.35 0.1078125 0.11796875
2 0.13671875 0.43671875 0.0921875 0.109375
2 0.22734375 0.44921875 0.078125 0.09921875
2 0.39609375 0.5484375 0.11875 0.1265625
2 0.49296875 0.6140625 0.096875 0.11171875
1 0.35625 0.6328125 0.08984375 0.109375
1 0.259375 0.690625 0.096875 0.11796875
2 0.04921875 0.79921875 0.096875 0.115625
2 0.66875 0.42578125 0.08671875 0.0953125
2 0.6484375 0.31171875 0.0796875 0.10546875
2 0.66171875 0.1140625 0.109375 0.08671875
2 0.6515625 0.0328125 0.109375 0.0625
2 0.4484375 0.015625 0.09921875 0.03125
2 0.9078125 0.034375 0.08515625 0.06015625
2 0.871875 0.11171875 0.06875 0.109375
2 0.80859375 0.196875 0.08828125 0.11171875
2 0.79765625 0.30234375 0.06171875 0.06796875
1 0.89921875 0.2453125 0.096875 0.09921875
2 0.91640625 0.47421875 0.06328125 0.0953125
2 0.80546875 0.51328125 0.10078125 0.115625
2 0.74296875 0.46171875 0.07265625 0.08671875
2 0.8875 0.5828125 0.096875 0.08671875
1 0.734375 0.7296875 0.096875 0.10546875
1 0.66875 0.83515625 0.10390625 0.1328125
1 0.56328125 0.8625 0.10078125 0.115625
2 0.39453125 0.79921875 0.08984375 0.13046875
2 0.35703125 0.89765625 0.121875 0.06015625
2 0.17109375 0.9171875 0.08671875 0.0328125
2 0.0859375 0.89140625 0.10078125 0.07265625
2 0.0125 0.6453125 0.02265625 0.08046875
2 0.01796875 0.5390625 0.03515625 0.08046875
2 0.62734375 0.9140625 0.0796875 0.04765625