3 0.23671875 0.128125 0.0796875 0.1265625
3 0.7625 0.1296875 0.1328125 0.0953125
3 0.5953125 0.4421875 0.09921875 0.121875
0 0.48046875 0.50234375 0.06171875 0.153125
0 0.38046875 0.78671875 0.09921875 0.12421875
2 0.6765625 0.76484375 0.146875 0.121875
1 0.9046875 0.28125 0.08125 0.1203125
1 0.88359375 0.1421875 0.08984375 0.121875
2 0.61953125 0.09921875 0.0921875 0.0703125
2 0.428125 0.0984375 0.10078125 0.0640625
2 0.4015625 0.2140625 0.096875 0.09140625
2 0.4125 0.31484375 0.1109375 0.09296875
1 0.61015625 0.29609375 0.0953125 0.11171875
2 0.39296875 0.41328125 0.08984375 0.09921875
2 0.56328125 0.51640625 0.08984375 0.09140625
2 0.5625 0.63359375 0.10234375 0.11171875
1 0.34609375 0.5625 0.07578125 0.1015625
2 0.1265625 0.32265625 0.10078125 0.1390625
2 0.15390625 0.4484375 0.09375 0.10390625
2 0.325 0.109375 0.11640625 0.08671875
2 0.9296875 0.778125 0.028125 0.1078125
2 0.928125 0.878125 0.0296875 0.09921875
2 0.81015625 0.96171875 0.08984375 0.0765625
2 0.71328125 0.98671875 0.0796875 0.0265625
2 0.65078125 0.8828125 0.11484375 0.109375
2 0.471875 0.7671875 0.109375 0.1140625
2 0.8015625 0.08203125 0.08671875 0.0390625
4 0.3875 0.67421875 0.08828125 0.12421875
2 0.0953125 0.53125 0.08125 0.1015625
2 0.0359375 0.34375 0.065625 0.11796875
2 0.04140625 0.42265625 0.07578125 0.159375
4 0.03515625 0.59609375 0.06015625 0.1203125
1 0.1984375 0.64609375 0.09921875 0.121875
2 0.2625 0.68359375 0.0921875 0.109375
1 0.07890625 0.7171875 0.0796875 0.09921875
2 0.128125 0.81484375 0.0796875 0.1203125
1 0.04296875 0.8640625 0.0796875 0.10390625
2 0.21015625 0.84453125 0.0796875 0.11171875
4 0.27578125 0.9140625 0.10390625 0.1140625
2 0.41171875 0.953125 0.096875 0.0828125
2 0.471875 0.875 0.07578125 0.0890625
2 0.08984375 0.98203125 0.09375 0.03515625
2 0.884375 0.97265625 0.065625 0.0546875
2 0.759375 0.4640625 0.0828125 0.06015625
2 0.696875 0.0765625 0.0828125 0.0265625
2 0.884375 0.784375 0.0515625 0.04375