3 0.90390625 0.7984375 0.09375 0.08671875
3 0.87734375 0.459375 0.15546875 0.0640625
3 0.7765625 0.3015625 0.146875 0.07265625
3 0.1015625 0.6625 0.15703125 0.0703125
0 0.48359375 0.9296875 0.07421875 0.109375
0 0.9203125 0.2859375 0.05859375 0.1078125
0 0.65625 0.24765625 0.1359375 0.08515625
1 0.2890625 0.42734375 0.10234375 0.10546875
2 0.39453125 0.3640625 0.08671875 0.11171875
2 0.40546875 0.50859375 0.07421875 0.1203125
2 0.31796875 0.51484375 0.08984375 0.11171875
2 0.4125 0.76328125 0.10234375 0.08671875
2 0.77890625 0.93671875 0.0953125 0.10390625
1 0.75703125 0.634375 0.07265625 0.10546875
2 0.853125 0.971875 0.0796875 0.05625
4 0.2296875 0.80234375 0.0828125 0.11796875
1 0.03671875 0.73828125 0.0734375 0.0953125
4 0.63046875 0.11171875 0.0953125 0.0953125
2 0.6546875 0.56015625 0.08125 0.09921875
2 0.490625 0.34296875 0.0828125 0.09921875
2 0.478125 0.4046875 0.0796875 0.1078125
2 0.49453125 0.49375 0.096875 0.1015625
2 0.559375 0.509375 0.1078125 0.109375
2 0.596875 0.41171875 0.0921875 0.07890625
2 0.6671875 0.38828125 0.10234375 0.121875
2 0.5875 0.3015625 0.08515625 0.09921875
2 0.53671875 0.2078125 0.0703125 0.08671875
2 0.4796875 0.140625 0.08671875 0.140625
2 0.77578125 0.14765625 0.0953125 0.1203125
2 0.91171875 0.146875 0.0671875 0.09140625
1 0.140625 0.17109375 0.10390625 0.09140625
2 0.3359375 0.1125 0.0921875 0.09765625
2 0.22890625 0.1296875 0.07265625 0.128125
2 0.0671875 0.22890625 0.06875 0.0828125
2 0.03359375 0.140625 0.05625 0.140625
2 0.36015625 0.275 0.07578125 0.11796875
2 0.16015625 0.40546875 0.096875 0.12421875
2 0.01796875 0.58671875 0.03203125 0.08515625
2 0.11484375 0.60078125 0.10234375 0.121875
2 0.215625 0.57421875 0.078125 0.153125
4 0.26953125 0.6359375 0.1109375 0.115625
2 0.7546875 0.4390625 0.08125 0.1078125
2 0.7234375 0.32890625 0.11640625 0.0953125
4 0.871875 0.5734375 0.10078125 0.115625
2 0.75625 0.75546875 0.11484375 0.1203125
4 0.64765625 0.7421875 0.08515625 0.128125
2 0.56640625 0.71875 0.08828125 0.07890625
2 0.540625 0.78125 0.134375 0.1015625
2 0.58125 0.8859375 0.10390625 0.0953125
2 0.684375 0.92265625 0.08984375 0.1265625
2 0.2953125 0.871875 0.07421875 0.1203125
2 0.15 0.88125 0.07578125 0.1203125
2 0.134375 0.7671875 0.09921875 0.08671875
2 0.14296875 0.6953125 0.13046875 0.0625
2 0.3015625 0.21640625 0.08828125 0.109375
2 0.90703125 0.71640625 0.07265625 0.1140625
2 0.02265625 0.85 0.04453125 0.10546875
2 0.03984375 0.96484375 0.0703125 0.0703125
2 0.86875 0.41640625 0.07421875 0.1203125
2 0.83046875 0.3953125 0.07578125 0.146875
2 0.88046875 0.37265625 0.07421875 0.13671875
2 0.35546875 0.83203125 0.11640625 0.1203125