3 0.14765625 0.74453125 0.15 0.06796875
3 0.590625 0.38828125 0.1359375 0.08515625
3 0.5953125 0.84453125 0.12734375 0.1078125
3 0.53515625 0.09296875 0.10078125 0.07265625
3 0.61328125 0.1125 0.11875 0.0953125
3 0.36484375 0.67890625 0.10390625 0.1453125
0 0.296875 0.55625 0.12578125 0.0578125
0 0.96875 0.62734375 0.053125 0.0765625
0 0.6875 0.33671875 0.11640625 0.07890625
0 0.4046875 0.51484375 0.096875 0.09765625
2 0.1625 0.95234375 0.109375 0.09140625
2 0.3 0.98203125 0.11484375 0.03125
2 0.29765625 0.940625 0.12734375 0.08671875
2 0.50390625 0.975 0.146875 0.04140625
1 0.41953125 0.90234375 0.09375 0.09921875
2 0.58515625 0.92578125 0.0828125 0.109375
2 0.8515625 0.8984375 0.078125 0.10546875
2 0.0828125 0.88515625 0.0515625 0.08046875
2 0.07890625 0.6984375 0.04765625 0.09765625
2 0.175 0.659375 0.121875 0.109375
1 0.26875 0.62421875 0.0953125 0.10546875
2 0.121875 0.55703125 0.0953125 0.07265625
2 0.115625 0.50859375 0.10078125 0.0765625
2 0.1546875 0.39765625 0.14296875 0.11796875
2 0.090625 0.27109375 0.0703125 0.1078125
2 0.1703125 0.121875 0.0921875 0.10390625
2 0.14140625 0.134375 0.08984375 0.121875
2 0.29921875 0.0953125 0.1234375 0.05
2 0.4125 0.09765625 0.0921875 0.04140625
2 0.6984375 0.09140625 0.04921875 0.05
2 0.82890625 0.128125 0.0671875 0.13046875
1 0.93515625 0.26484375 0.09375 0.10390625
1 0.9484375 0.4640625 0.08828125 0.1015625
2 0.9203125 0.69140625 0.11328125 0.11171875
1 0.9171875 0.809375 0.0921875 0.10390625
1 0.81171875 0.834375 0.0921875 0.09921875
2 0.81484375 0.725 0.08828125 0.0953125
2 0.659375 0.7515625 0.0796875 0.109375
2 0.6234375 0.76171875 0.08671875 0.11171875
2 0.52890625 0.7578125 0.0921875 0.10546875
2 0.42578125 0.76328125 0.08515625 0.1328125
2 0.546875 0.6140625 0.10078125 0.09921875
2 0.60859375 0.5515625 0.096875 0.128125
2 0.72578125 0.52578125 0.1109375 0.09140625
2 0.68359375 0.4484375 0.096875 0.10546875
2 0.75703125 0.37578125 0.07421875 0.121875
2 0.671875 0.28046875 0.096875 0.115625
2 0.6375 0.15546875 0.1078125 0.09921875
2 0.89921875 0.08671875 0.07421875 0.04140625
2 0.5140625 0.32421875 0.08125 0.0953125
2 0.48046875 0.2828125 0.08125 0.1078125
2 0.42578125 0.2390625 0.0921875 0.09296875
1 0.3328125 0.4265625 0.08984375 0.109375
2 0.0703125 0.15703125 0.03359375 0.09921875
2 0.37109375 0.6046875 0.07421875 0.07421875