3 0.078125 0.32109375 0.1484375 0.06796875
3 0.75625 0.1234375 0.0953125 0.109375
3 0.16796875 0.7171875 0.14140625 0.08046875
0 0.5796875 0.51328125 0.1484375 0.05390625
0 0.678125 0.271875 0.13984375 0.0765625
0 0.57890625 0.16796875 0.10625 0.07421875
0 0.66953125 0.0703125 0.08671875 0.128125
0 0.8640625 0.1890625 0.121875 0.08671875
2 0.24453125 0.0703125 0.11640625 0.128125
1 0.525 0.04375 0.09375 0.08046875
2 0.11015625 0.11171875 0.08984375 0.1328125
2 0.0359375 0.15625 0.0703125 0.12421875
2 0.08359375 0.26015625 0.11484375 0.08671875
2 0.178125 0.2140625 0.10234375 0.09921875
2 0.25859375 0.33515625 0.134375 0.134375
2 0.27578125 0.34140625 0.23125 0.15546875
2 0.34296875 0.23828125 0.08515625 0.09296875
2 0.44453125 0.26328125 0.11484375 0.190625
2 0.4859375 0.34609375 0.08125 0.153125
2 0.52578125 0.34453125 0.0921875 0.115625
2 0.60546875 0.384375 0.10625 0.11171875
2 0.71328125 0.375 0.08828125 0.09296875
2 0.671875 0.42578125 0.0921875 0.0890625
2 0.77109375 0.23671875 0.12890625 0.10390625
2 0.83984375 0.11171875 0.0828125 0.09296875
2 0.7921875 0.03828125 0.078125 0.06796875
2 0.80625 0.346875 0.08984375 0.0953125
2 0.90390625 0.34140625 0.0828125 0.12421875
2 0.828125 0.4453125 0.121875 0.11796875
2 0.8296875 0.57421875 0.11484375 0.128125
2 0.73046875 0.5296875 0.08515625 0.11171875
2 0.659375 0.5921875 0.065625 0.109375
2 0.58046875 0.49375 0.096875 0.1203125
2 0.47734375 0.50390625 0.06015625 0.128125
2 0.39453125 0.47890625 0.0828125 0.10390625
2 0.25 0.4546875 0.10078125 0.09921875
4 0.10703125 0.51640625 0.08984375 0.1203125
2 0.11015625 0.60234375 0.0921875 0.0953125
2 0.11015625 0.678125 0.07578125 0.09765625
2 0.02421875 0.49140625 0.04453125 0.10546875
2 0.0359375 0.61484375 0.0703125 0.140625
2 0.05703125 0.76171875 0.08828125 0.10546875
1 0.07890625 0.878125 0.08671875 0.09921875
1 0.26875 0.67421875 0.09375 0.1140625
2 0.384375 0.68125 0.0953125 0.13671875
1 0.49375 0.6265625 0.0953125 0.10390625
1 0.471875 0.76796875 0.08984375 0.10390625
2 0.390625 0.8625 0.09921875 0.0953125
2 0.5703125 0.81640625 0.1078125 0.1328125
2 0.4921875 0.89453125 0.10078125 0.07890625
2 0.68046875 0.83046875 0.09375 0.1203125
2 0.77890625 0.8859375 0.07421875 0.08515625
2 0.5796875 0.91484375 0.07421875 0.0453125
2 0.6671875 0.9171875 0.0796875 0.0328125
4 0.90703125 0.678125 0.078125 0.1140625
2 0.91171875 0.80546875 0.0703125 0.121875