3 0.509375 0.2859375 0.1328125 0.07265625
3 0.73046875 0.4609375 0.078125 0.153125
3 0.14140625 0.42109375 0.13984375 0.06015625
3 0.2203125 0.6125 0.15703125 0.0578125
3 0.171875 0.6890625 0.1515625 0.06640625
3 0.259375 0.79609375 0.1234375 0.07265625
3 0.2640625 0.83515625 0.14453125 0.0953125
0 0.103125 0.86953125 0.09375 0.1203125
0 0.7359375 0.21875 0.06171875 0.13671875
0 0.5625 0.696875 0.1078125 0.08671875
0 0.6 0.64609375 0.14296875 0.0515625
2 0.8828125 0.69140625 0.10234375 0.12421875
2 0.659375 0.80234375 0.10390625 0.1140625
2 0.88984375 0.203125 0.10390625 0.140625
2 0.934375 0.053125 0.10625 0.10546875
2 0.74609375 0.05078125 0.08984375 0.0828125
0 0.43828125 0.65 0.040625 0.1203125
0 0.2484375 0.06015625 0.1234375 0.0765625
3 0.1125 0.13359375 0.07265625 0.15546875
3 0.078125 0.2125 0.04765625 0.134375
3 0.309375 0.19453125 0.134375 0.06796875
2 0.28671875 0.1140625 0.109375 0.08671875
2 0.56796875 0.07109375 0.07578125 0.134375
2 0.6546875 0.0828125 0.08671875 0.134375
2 0.96875 0.1984375 0.04765625 0.14296875
2 0.62734375 0.42109375 0.078125 0.17421875
2 0.50859375 0.4078125 0.1484375 0.128125
2 0.403125 0.43984375 0.08828125 0.11171875
2 0.3171875 0.42109375 0.0953125 0.13046875
2 0.34921875 0.51796875 0.09921875 0.11796875
2 0.30859375 0.59609375 0.07421875 0.10390625
2 0.2015625 0.4671875 0.08984375 0.0703125
2 0.1890625 0.53125 0.0953125 0.07421875
2 0.11015625 0.58203125 0.096875 0.11796875
2 0.08359375 0.47890625 0.05859375 0.0953125
2 0.1515625 0.2671875 0.0796875 0.1078125
2 0.22578125 0.1875 0.09921875 0.13671875
2 0.75703125 0.56328125 0.08828125 0.1078125
2 0.796875 0.7796875 0.10078125 0.1140625
1 0.73125 0.64765625 0.0796875 0.0828125
2 0.5046875 0.5859375 0.08828125 0.12421875
2 0.50859375 0.7203125 0.0953125 0.109375
2 0.44375 0.87890625 0.11328125 0.09296875
2 0.88515625 0.81875 0.109375 0.07265625
2 0.88125 0.89453125 0.08671875 0.0703125
2 0.33984375 0.90078125 0.10234375 0.0515625
2 0.95078125 0.8921875 0.07421875 0.07890625
2 0.26796875 0.728125 0.07265625 0.09921875
2 0.14375 0.7609375 0.10390625 0.0953125