3 0.2578125 0.10546875 0.12578125 0.0890625
0 0.87578125 0.1890625 0.0921875 0.16171875
0 0.18984375 0.9390625 0.0671875 0.11171875
0 0.209375 0.8671875 0.078125 0.08671875
2 0.02578125 0.8125 0.0515625 0.10546875
2 0.1015625 0.84609375 0.096875 0.0953125
2 0.41875 0.83515625 0.11328125 0.0765625
2 0.50859375 0.9203125 0.09921875 0.121875
2 0.66015625 0.91796875 0.0921875 0.109375
2 0.66875 0.82421875 0.10078125 0.09921875
2 0.87578125 0.64375 0.1078125 0.1015625
0 0.91328125 0.68203125 0.06875 0.0953125
2 0.8484375 0.50390625 0.11484375 0.0640625
2 0.91953125 0.4609375 0.05625 0.0953125
2 0.6515625 0.3875 0.11640625 0.1203125
3 0.63671875 0.3 0.178125 0.1203125
2 0.4546875 0.2515625 0.0671875 0.128125
2 0.453125 0.165625 0.08125 0.08671875
2 0.3765625 0.24140625 0.0828125 0.18046875
0 0.14921875 0.1203125 0.08984375 0.11171875
2 0.05234375 0.11796875 0.10078125 0.1140625
2 0.64453125 0.08828125 0.08984375 0.0578125
2 0.73046875 0.22578125 0.096875 0.128125
2 0.78828125 0.15078125 0.0703125 0.1015625
2 0.7796875 0.33125 0.09375 0.0953125
2 0.8578125 0.309375 0.09375 0.10546875
2 0.53203125 0.52578125 0.0921875 0.09765625
2 0.5734375 0.57265625 0.0703125 0.09765625
2 0.34453125 0.440625 0.0796875 0.1203125
2 0.2921875 0.3859375 0.0796875 0.09921875
2 0.18359375 0.2890625 0.08984375 0.09296875
2 0.22734375 0.340625 0.0828125 0.07890625
2 0.02734375 0.340625 0.0546875 0.1203125
2 0.02578125 0.5421875 0.0515625 0.1203125
2 0.04140625 0.45625 0.0828125 0.09296875
2 0.09296875 0.54375 0.08125 0.11171875
2 0.1171875 0.453125 0.078125 0.07265625
2 0.09921875 0.35 0.13046875 0.11171875
2 0.215625 0.45625 0.0828125 0.10390625
2 0.2203125 0.615625 0.1078125 0.11171875
2 0.14453125 0.678125 0.10234375 0.11796875
2 0.2046875 0.75546875 0.078125 0.0953125
2 0.44140625 0.6625 0.0953125 0.115625
2 0.47578125 0.59609375 0.11484375 0.1015625
2 0.61953125 0.7109375 0.08984375 0.0953125
2 0.59375 0.65390625 0.08515625 0.08046875
2 0.4875 0.7078125 0.10390625 0.10390625
2 0.9375 0.296875 0.02109375 0.109375
2 0.859375 0.98828125 0.07578125 0.02265625
2 0.35234375 0.975 0.12890625 0.05
2 0.278125 0.16015625 0.0796875 0.09296875
2 0.4734375 0.08359375 0.096875 0.0390625
2 0.08203125 0.9359375 0.15390625 0.1140625
2 0.775 0.728125 0.16953125 0.16796875
2 0.85078125 0.5640625 0.0953125 0.06640625