3 0.41484375 0.20703125 0.1328125 0.0890625
3 0.6171875 0.37265625 0.1625 0.08671875
3 0.51171875 0.809375 0.22578125 0.0765625
3 0.2703125 0.1015625 0.11640625 0.06640625
0 0.7296875 0.2953125 0.11640625 0.0890625
2 0.38671875 0.671875 0.146875 0.203125
2 0.12734375 0.81875 0.0953125 0.1203125
2 0.115625 0.3640625 0.10390625 0.08671875
2 0.1125 0.16328125 0.0953125 0.115625
2 0.2 0.2109375 0.08984375 0.1328125
2 0.25703125 0.16015625 0.0953125 0.12421875
2 0.20390625 0.03828125 0.0921875 0.0765625
2 0.60234375 0.16484375 0.0921875 0.11171875
2 0.74140625 0.14375 0.0921875 0.1203125
2 0.871875 0.03828125 0.11328125 0.0765625
2 0.95 0.08203125 0.1 0.1140625
2 0.9328125 0.42421875 0.0953125 0.10390625
2 0.8359375 0.6953125 0.08125 0.09296875
2 0.80234375 0.79921875 0.09921875 0.109375