3 0.20546875 0.2203125 0.1625 0.140625
3 0.8734375 0.85234375 0.08984375 0.11796875
3 0.42734375 0.54375 0.10390625 0.16953125
3 0.6890625 0.34296875 0.07265625 0.165625
3 0.31484375 0.2421875 0.11875 0.0828125
3 0.1984375 0.3 0.11484375 0.1078125
3 0.16015625 0.54375 0.08671875 0.1203125
1 0.853125 0.225 0.09375 0.10546875
2 0.6296875 0.696875 0.10078125 0.11171875
4 0.5796875 0.10625 0.0953125 0.0953125
3 0.271875 0.4359375 0.1109375 0.0703125
2 0.79609375 0.0921875 0.1078125 0.07421875
3 0.6703125 0.03203125 0.12890625 0.05
2 0.73671875 0.446875 0.07421875 0.128125
2 0.453125 0.7765625 0.109375 0.06015625
2 0.465625 0.67734375 0.09921875 0.10390625
2 0.7078125 0.18046875 0.0953125 0.109375
4 0.81015625 0.55 0.10078125 0.1390625
4 0.88984375 0.51171875 0.0921875 0.109375
2 0.940625 0.4296875 0.0921875 0.09296875
2 0.978125 0.51015625 0.03671875 0.0953125
2 0.7171875 0.88203125 0.08515625 0.0765625
2 0.478125 0.8671875 0.10390625 0.109375
2 0.43125 0.89375 0.0921875 0.08515625
2 0.26328125 0.89375 0.07578125 0.08515625
2 0.346875 0.7828125 0.08125 0.13046875
2 0.25546875 0.65625 0.109375 0.1140625
2 0.14609375 0.646875 0.0953125 0.09296875
2 0.1015625 0.815625 0.06328125 0.09140625
2 0.13359375 0.7765625 0.08984375 0.1390625
2 0.21328125 0.7609375 0.14453125 0.134375
2 0.2765625 0.6921875 0.096875 0.1203125
2 0.36484375 0.5890625 0.09375 0.115625
2 0.5203125 0.50859375 0.08984375 0.08671875
4 0.6125 0.33984375 0.0953125 0.1140625
2 0.43203125 0.29921875 0.08671875 0.08671875
2 0.15078125 0.42734375 0.1109375 0.1015625
2 0.1109375 0.525 0.08671875 0.134375
2 0.8578125 0.778125 0.10390625 0.08671875
2 0.5984375 0.2359375 0.08671875 0.10546875
2 0.9046875 0.0890625 0.09921875 0.08046875
4 0.51328125 0.18515625 0.09375 0.10546875
4 0.36328125 0.1265625 0.07578125 0.13046875
2 0.25859375 0.09453125 0.10234375 0.0828125
2 0.13671875 0.0546875 0.08671875 0.10546875
2 0.3921875 0.04140625 0.08515625 0.0625