0 0.478125 0.6984375 0.1203125 0.11796875
0 0.16171875 0.1296875 0.08125 0.1328125
0 0.09921875 0.86953125 0.0828125 0.10546875
0 0.08203125 0.140625 0.05625 0.1265625
2 0.03984375 0.2203125 0.0796875 0.0765625
2 0.1328125 0.24609375 0.096875 0.09765625
2 0.1 0.3640625 0.0953125 0.11171875
2 0.01875 0.41015625 0.03671875 0.0765625
2 0.22890625 0.128125 0.07578125 0.1203125
2 0.31328125 0.18046875 0.09921875 0.12421875
2 0.4578125 0.10390625 0.1078125 0.08046875
2 0.35703125 0.07578125 0.0921875 0.0328125
2 0.55390625 0.1265625 0.08125 0.08671875
2 0.66640625 0.18515625 0.11640625 0.06640625
2 0.64375 0.17734375 0.065625 0.14921875
2 0.7171875 0.0859375 0.08671875 0.0453125
2 0.8171875 0.08359375 0.0953125 0.0390625
2 0.925 0.0765625 0.05625 0.04375
2 0.76953125 0.22890625 0.08125 0.09921875
2 0.6015625 0.36328125 0.08828125 0.109375
2 0.08984375 0.5796875 0.07578125 0.10546875
2 0.02421875 0.7828125 0.04765625 0.11171875
2 0.1 0.71328125 0.08125 0.1265625
2 0.1421875 0.76796875 0.065625 0.0953125
2 0.1765625 0.6296875 0.08515625 0.11171875
2 0.2765625 0.5359375 0.0953125 0.10390625
2 0.2109375 0.51328125 0.06171875 0.0890625
2 0.3625 0.61484375 0.0953125 0.109375
2 0.3703125 0.728125 0.0828125 0.109375
2 0.31015625 0.959375 0.06171875 0.0703125
2 0.37734375 0.96484375 0.0953125 0.06015625
2 0.49609375 0.8921875 0.09375 0.09921875
2 0.4921875 0.8546875 0.11640625 0.1015625
2 0.5765625 0.73046875 0.078125 0.11171875
2 0.46171875 0.6046875 0.09375 0.1078125
2 0.47109375 0.49765625 0.09375 0.10546875
2 0.61640625 0.47109375 0.15703125 0.121875
2 0.690625 0.35234375 0.065625 0.1015625
2 0.75703125 0.3828125 0.0828125 0.128125
2 0.7203125 0.58046875 0.10234375 0.13671875
2 0.6328125 0.60078125 0.07578125 0.0890625
2 0.61875 0.703125 0.06015625 0.109375
2 0.86015625 0.40859375 0.10234375 0.1078125
2 0.80625 0.68125 0.0953125 0.0953125
2 0.9171875 0.6921875 0.065625 0.09765625
2 0.9265625 0.809375 0.04609375 0.10390625
2 0.85703125 0.7546875 0.07265625 0.1015625
2 0.721875 0.74296875 0.08671875 0.1078125
2 0.69453125 0.79921875 0.08125 0.09765625
2 0.7140625 0.89375 0.08671875 0.109375
2 0.80859375 0.89453125 0.08984375 0.10390625
2 0.85390625 0.95 0.1109375 0.0890625
2 0.24921875 0.92421875 0.08671875 0.0953125
2 0.078125 0.98203125 0.1078125 0.03515625
2 0.14140625 0.83046875 0.065625 0.08515625
2 0.44765625 0.74140625 0.11328125 0.09296875
2 0.196875 0.203125 0.09375 0.0890625