3 0.34609375 0.48359375 0.178125 0.1015625
3 0.6796875 0.703125 0.0671875 0.171875
3 0.21171875 0.73671875 0.0953125 0.17578125
0 0.40703125 0.17578125 0.1609375 0.06015625
0 0.140625 0.23828125 0.14453125 0.08515625
0 0.8671875 0.4515625 0.15390625 0.06015625
4 0.421875 0.7890625 0.109375 0.121875
0 0.5140625 0.41953125 0.109375 0.1140625
0 0.0890625 0.4875 0.0671875 0.1328125
2 0.10859375 0.8953125 0.0703125 0.07890625
2 0.153125 0.8796875 0.10234375 0.0890625
2 0.29140625 0.90546875 0.07421875 0.06015625
2 0.50078125 0.8953125 0.0953125 0.0765625
2 0.68671875 0.83984375 0.08125 0.11171875
2 0.74375 0.84140625 0.07421875 0.115625
2 0.79296875 0.8578125 0.0796875 0.09140625
2 0.95703125 0.871875 0.0859375 0.109375
2 0.38125 0.684375 0.0921875 0.10390625
0 0.1484375 0.7921875 0.10078125 0.07890625
2 0.08125 0.69375 0.05859375 0.0828125
2 0.10625 0.59765625 0.10390625 0.09921875
2 0.22734375 0.284375 0.0921875 0.1078125
2 0.31953125 0.42734375 0.08125 0.11171875
2 0.38125 0.5359375 0.0796875 0.0890625
2 0.4734375 0.546875 0.10390625 0.14296875
2 0.5796875 0.65078125 0.08125 0.16953125
2 0.55859375 0.7046875 0.06875 0.10546875
2 0.64140625 0.60390625 0.0671875 0.08671875
2 0.73203125 0.52578125 0.0921875 0.10546875
2 0.93515625 0.55 0.08828125 0.10546875
2 0.146875 0.16640625 0.08515625 0.11796875
2 0.1109375 0.04140625 0.07421875 0.0828125
2 0.29296875 0.034375 0.08671875 0.06796875
2 0.36640625 0.0375 0.0828125 0.07421875
2 0.55234375 0.14296875 0.08125 0.08671875
2 0.29453125 0.146875 0.07421875 0.07890625
2 0.28671875 0.2140625 0.096875 0.0625
2 0.3734375 0.28046875 0.07421875 0.12421875
2 0.46875 0.2640625 0.0921875 0.09921875
2 0.48515625 0.16796875 0.0703125 0.1078125
2 0.55703125 0.30859375 0.0953125 0.08515625
2 0.56953125 0.23671875 0.08125 0.09296875
2 0.6546875 0.328125 0.08125 0.109375
2 0.7484375 0.38828125 0.1328125 0.15546875
2 0.93125 0.4234375 0.08515625 0.0890625
2 0.8265625 0.4328125 0.0921875 0.15078125
2 0.9875 0.65625 0.025 0.09921875
2 0.90625 0.25390625 0.09375 0.0890625
2 0.7296875 0.2484375 0.08984375 0.08671875
2 0.815625 0.2796875 0.07578125 0.08515625
2 0.78984375 0.18671875 0.078125 0.11171875
2 0.71015625 0.140625 0.11328125 0.1140625
2 0.69453125 0.03515625 0.109375 0.0703125
2 0.83046875 0.09921875 0.0953125 0.11796875
2 0.94765625 0.07265625 0.08828125 0.121875
2 0.93046875 0.16796875 0.07421875 0.0953125
2 0.98515625 0.19453125 0.0296875 0.09765625
2 0.446875 0.0125 0.08125 0.025
2 0.78671875 0.01953125 0.1078125 0.0390625
2 0.984375 0.48125 0.0296875 0.128125
2 0.6234375 0.79296875 0.06875 0.0953125
2 0.1546875 0.74453125 0.06875 0.1015625
2 0.11484375 0.128125 0.10234375 0.109375