2 0.0953125 0.371875 0.09921875 0.121875
2 0.1734375 0.49296875 0.11328125 0.13046875
2 0.759375 0.8015625 0.10078125 0.134375
2 0.8578125 0.284375 0.0953125 0.121875
2 0.91171875 0.65703125 0.07578125 0.1265625
2 0.6515625 0.40859375 0.10625 0.09140625
0 0.53359375 0.7171875 0.1359375 0.06015625
3 0.31015625 0.7515625 0.08984375 0.11796875
3 0.91953125 0.33671875 0.04921875 0.08671875
3 0.8234375 0.05 0.13984375 0.09921875
0 0.28984375 0.046875 0.06015625 0.09296875
2 0.43359375 0.33984375 0.07578125 0.09296875
1 0.51875 0.38203125 0.09375 0.1203125
2 0.63515625 0.17734375 0.1203125 0.14296875
2 0.75703125 0.5703125 0.0828125 0.0890625
2 0.53671875 0.55 0.0796875 0.08515625
2 0.3 0.2140625 0.08984375 0.08671875
2 0.17109375 0.09609375 0.10234375 0.16953125
2 0.2703125 0.1265625 0.109375 0.134375
2 0.33203125 0.1359375 0.078125 0.08515625
2 0.4265625 0.13671875 0.096875 0.15546875
2 0.50859375 0.053125 0.10234375 0.10546875
2 0.3453125 0.02578125 0.07265625 0.0515625
2 0.43359375 0.04375 0.08125 0.07421875
2 0.8515625 0.16953125 0.15390625 0.10546875
2 0.90625 0.09296875 0.07578125 0.1078125
2 0.7234375 0.23359375 0.11640625 0.16328125
2 0.6265625 0.49765625 0.11640625 0.09296875
2 0.66796875 0.59296875 0.0953125 0.13046875
2 0.5859375 0.621875 0.08125 0.09140625
2 0.034375 0.70390625 0.0515625 0.10390625
2 0.0203125 0.4234375 0.03671875 0.0890625
2 0.1578125 0.90859375 0.08671875 0.05
2 0.4078125 0.91015625 0.07578125 0.04375
2 0.490625 0.88515625 0.0796875 0.0828125
2 0.575 0.85703125 0.07421875 0.07890625
2 0.4453125 0.80234375 0.0703125 0.08671875
2 0.7484375 0.9046875 0.10625 0.0515625
2 0.55234375 0.79375 0.11484375 0.10390625