3 0.85234375 0.25546875 0.15 0.06796875
3 0.409375 0.61171875 0.1359375 0.08515625
3 0.4046875 0.15546875 0.12734375 0.1078125
3 0.46484375 0.90703125 0.10078125 0.07265625
3 0.38671875 0.8875 0.11875 0.0953125
3 0.63515625 0.32109375 0.10390625 0.1453125
0 0.703125 0.44375 0.12578125 0.0578125
0 0.03125 0.37265625 0.053125 0.0765625
0 0.3125 0.66328125 0.11640625 0.07890625
0 0.5953125 0.48515625 0.096875 0.09765625
2 0.8375 0.04765625 0.109375 0.09140625
2 0.7 0.01796875 0.11484375 0.03125
2 0.70234375 0.059375 0.12734375 0.08671875
2 0.49609375 0.025 0.146875 0.04140625
1 0.58046875 0.09765625 0.09375 0.09921875
2 0.41484375 0.07421875 0.0828125 0.109375
2 0.1484375 0.1015625 0.078125 0.10546875
2 0.9171875 0.11484375 0.0515625 0.08046875
2 0.92109375 0.3015625 0.04765625 0.09765625
2 0.825 0.340625 0.121875 0.109375
1 0.73125 0.37578125 0.0953125 0.10546875
2 0.878125 0.44296875 0.0953125 0.07265625
2 0.884375 0.49140625 0.10078125 0.0765625
2 0.8453125 0.60234375 0.14296875 0.11796875
2 0.909375 0.72890625 0.0703125 0.1078125
2 0.8296875 0.878125 0.0921875 0.10390625
2 0.85859375 0.865625 0.08984375 0.121875
2 0.70078125 0.9046875 0.1234375 0.05
2 0.5875 0.90234375 0.0921875 0.04140625
2 0.3015625 0.90859375 0.04921875 0.05
2 0.17109375 0.871875 0.0671875 0.13046875
1 0.06484375 0.73515625 0.09375 0.10390625
1 0.0515625 0.5359375 0.08828125 0.1015625
2 0.0796875 0.30859375 0.11328125 0.11171875
1 0.0828125 0.190625 0.0921875 0.10390625
1 0.18828125 0.165625 0.0921875 0.09921875
2 0.18515625 0.275 0.08828125 0.0953125
2 0.340625 0.2484375 0.0796875 0.109375
2 0.3765625 0.23828125 0.08671875 0.11171875
2 0.47109375 0.2421875 0.0921875 0.10546875
2 0.57421875 0.23671875 0.08515625 0.1328125
2 0.453125 0.3859375 0.10078125 0.09921875
2 0.39140625 0.4484375 0.096875 0.128125
2 0.27421875 0.47421875 0.1109375 0.09140625
2 0.31640625 0.5515625 0.096875 0.10546875
2 0.24296875 0.62421875 0.07421875 0.121875
2 0.328125 0.71953125 0.096875 0.115625
2 0.3625 0.84453125 0.1078125 0.09921875
2 0.10078125 0.91328125 0.07421875 0.04140625
2 0.4859375 0.67578125 0.08125 0.0953125
2 0.51953125 0.7171875 0.08125 0.1078125
2 0.57421875 0.7609375 0.0921875 0.09296875
1 0.6671875 0.5734375 0.08984375 0.109375
2 0.9296875 0.84296875 0.03359375 0.09921875
2 0.62890625 0.3953125 0.07421875 0.07421875