2 0.5140625 0.2875 0.08515625 0.1078125
2 0.46640625 0.4875 0.10234375 0.1203125
2 0.52421875 0.60078125 0.08515625 0.09921875
2 0.62578125 0.5546875 0.07578125 0.1140625
2 0.31640625 0.31640625 0.10234375 0.109375
2 0.3015625 0.1984375 0.1328125 0.11796875
2 0.1171875 0.146875 0.0921875 0.08671875
2 0.1984375 0.0609375 0.096875 0.11171875
2 0.3703125 0.053125 0.1359375 0.10546875
1 0.83515625 0.28984375 0.10234375 0.08671875
2 0.85546875 0.3921875 0.08984375 0.0828125
2 0.74765625 0.38828125 0.078125 0.08671875
2 0.94140625 0.8640625 0.08984375 0.1390625
2 0.8375 0.85625 0.08125 0.13046875
2 0.73125 0.853125 0.08984375 0.09140625
2 0.66953125 0.796875 0.08515625 0.09296875
2 0.715625 0.70078125 0.1328125 0.07890625
2 0.61640625 0.72890625 0.10078125 0.1140625
2 0.5359375 0.83984375 0.06875 0.08671875
0 0.4078125 0.86640625 0.1359375 0.1078125
2 0.36015625 0.77734375 0.07421875 0.0890625
1 0.9609375 0.31328125 0.078125 0.10390625
1 0.96875 0.1125 0.06171875 0.1015625
2 0.51640625 0.190625 0.13046875 0.134375
2 0.4484375 0.271875 0.09375 0.146875
2 0.52734375 0.021875 0.10390625 0.04375
2 0.26328125 0.615625 0.07421875 0.1265625
2 0.36015625 0.66875 0.07265625 0.08515625
2 0.378125 0.5953125 0.07578125 0.0640625
2 0.1546875 0.50859375 0.07578125 0.10390625
2 0.09296875 0.5859375 0.06171875 0.128125
2 0.0765625 0.71328125 0.040625 0.1140625
2 0.0671875 0.8703125 0.03515625 0.09921875