0 0.25234375 0.146875 0.07421875 0.140625
3 0.1265625 0.2890625 0.053125 0.184375
0 0.46875 0.83359375 0.08828125 0.11171875
0 0.71328125 0.80625 0.10078125 0.140625
0 0.29609375 0.59921875 0.08125 0.12421875
0 0.2109375 0.7046875 0.078125 0.13671875
0 0.5046875 0.9140625 0.14140625 0.04375
3 0.85234375 0.0375 0.0953125 0.07421875
3 0.934375 0.790625 0.0296875 0.153125
2 0.50859375 0.325 0.08125 0.08671875
1 0.5078125 0.4765625 0.096875 0.08671875
2 0.41953125 0.50703125 0.08671875 0.1078125
2 0.35546875 0.3671875 0.08984375 0.07890625
2 0.31875 0.21875 0.10234375 0.1015625
4 0.36484375 0.05 0.09375 0.08671875
1 0.209375 0.05078125 0.078125 0.0890625
1 0.09609375 0.07421875 0.07421875 0.08671875
2 0.01875 0.040625 0.03671875 0.06015625
2 0.02421875 0.2 0.04765625 0.07265625
1 0.05703125 0.26640625 0.06875 0.0890625
2 0.14453125 0.303125 0.10625 0.0765625
2 0.1890625 0.2171875 0.0921875 0.10390625
2 0.2625 0.2796875 0.05859375 0.0703125
2 0.4609375 0.20703125 0.11875 0.159375
2 0.61484375 0.27109375 0.10078125 0.12421875
2 0.70859375 0.24296875 0.09375 0.115625
2 0.7609375 0.278125 0.08828125 0.11171875
2 0.76875 0.3703125 0.0796875 0.09765625
1 0.56328125 0.1140625 0.09375 0.09921875
2 0.5890625 0.0296875 0.10390625 0.05625
2 0.79140625 0.0609375 0.06328125 0.121875
2 0.8640625 0.11171875 0.09921875 0.09765625
2 0.903125 0.0234375 0.09375 0.046875
2 0.921875 0.18359375 0.05859375 0.109375
2 0.9375 0.40078125 0.025 0.1015625
2 0.890625 0.4234375 0.065625 0.1015625
2 0.85390625 0.471875 0.08828125 0.10390625
2 0.82578125 0.55078125 0.08125 0.0828125
1 0.884375 0.6375 0.10234375 0.1078125
2 0.81640625 0.76015625 0.08515625 0.08671875
2 0.7140625 0.62109375 0.10234375 0.09765625
2 0.71328125 0.68515625 0.10234375 0.10546875
4 0.5515625 0.64609375 0.11328125 0.134375
2 0.440625 0.69453125 0.0921875 0.10390625
2 0.41953125 0.60078125 0.09375 0.11171875
2 0.3703125 0.6046875 0.08984375 0.08671875
2 0.31015625 0.41953125 0.0828125 0.10390625
2 0.26171875 0.515625 0.08984375 0.11796875
2 0.1796875 0.55703125 0.07421875 0.10546875
2 0.13515625 0.47890625 0.10078125 0.10390625
2 0.10546875 0.4453125 0.08984375 0.109375
2 0.02109375 0.36328125 0.0421875 0.09296875
2 0.0515625 0.3796875 0.06328125 0.08671875
2 0.27109375 0.028125 0.06171875 0.05
2 0.271875 0.715625 0.10078125 0.10390625
1 0.07890625 0.5578125 0.07578125 0.1078125
1 0.12890625 0.66328125 0.08828125 0.1328125
2 0.04765625 0.69453125 0.08515625 0.09921875
2 0.02421875 0.7875 0.04765625 0.115625
1 0.03984375 0.890625 0.0703125 0.0828125
2 0.1640625 0.784375 0.1375 0.140625
1 0.234375 0.8734375 0.1078125 0.115625
2 0.396875 0.86875 0.08984375 0.1078125
2 0.3765625 0.7671875 0.0796875 0.08671875
2 0.54765625 0.7765625 0.0953125 0.09140625
2 0.5625 0.83203125 0.08828125 0.09296875
2 0.8296875 0.85703125 0.08515625 0.109375
2 0.77265625 0.9203125 0.08671875 0.02265625
2 0.91953125 0.9109375 0.07265625 0.0453125
2 0.859375 0.9203125 0.065625 0.02265625