3 0.621875 0.2671875 0.06328125 0.2109375
3 0.38515625 0.29609375 0.13984375 0.146875
3 0.49140625 0.7859375 0.05859375 0.15546875
3 0.309375 0.3953125 0.12890625 0.08671875
3 0.95390625 0.3625 0.0921875 0.11171875
1 0.153125 0.49375 0.10390625 0.1203125
2 0.74765625 0.71875 0.10390625 0.13671875
2 0.93515625 0.6265625 0.0921875 0.1203125
2 0.70234375 0.28046875 0.0953125 0.11171875
4 0.92421875 0.89921875 0.0921875 0.134375
2 0.1015625 0.92265625 0.0796875 0.1140625
2 0.62578125 0.58828125 0.09921875 0.11796875
2 0.3375 0.55625 0.06875 0.1265625
2 0.46015625 0.46796875 0.0703125 0.14296875
2 0.61015625 0.41640625 0.109375 0.0890625
2 0.56328125 0.54140625 0.15390625 0.14921875
2 0.4125 0.7609375 0.078125 0.1265625
2 0.30546875 0.72890625 0.0921875 0.1203125
2 0.1765625 0.79296875 0.0671875 0.0890625
2 0.103125 0.7140625 0.08671875 0.0953125
2 0.19140625 0.9171875 0.07421875 0.08671875
2 0.08203125 0.34921875 0.0546875 0.115625
2 0.1875 0.2515625 0.08515625 0.09765625
2 0.159375 0.1890625 0.10234375 0.14921875
2 0.68671875 0.15546875 0.10234375 0.16171875
2 0.509375 0.284375 0.10078125 0.1140625
2 0.41328125 0.5640625 0.0671875 0.1015625
2 0.371875 0.690625 0.096875 0.09921875
2 0.3046875 0.965625 0.0828125 0.0640625
2 0.43984375 0.88828125 0.109375 0.115625
2 0.21875 0.73359375 0.08125 0.1140625
2 0.26484375 0.6453125 0.08671875 0.12421875
2 0.31328125 0.5984375 0.10234375 0.115625
2 0.85234375 0.5890625 0.07421875 0.09140625
2 0.2609375 0.26328125 0.0953125 0.1390625
2 0.3578125 0.215625 0.09921875 0.1203125
2 0.28671875 0.1296875 0.11640625 0.109375
2 0.090625 0.1890625 0.07265625 0.18828125
2 0.6 0.13671875 0.09375 0.109375
2 0.9671875 0.115625 0.065625 0.09140625
2 0.978125 0.2828125 0.03515625 0.10390625
2 0.96484375 0.49140625 0.0703125 0.15546875
2 0.43984375 0.9703125 0.10078125 0.0515625
2 0.103125 0.8546875 0.096875 0.140625