3 0.4015625 0.74765625 0.07578125 0.18203125
2 0.621875 0.4703125 0.1234375 0.1265625
1 0.52734375 0.5671875 0.0953125 0.1203125
2 0.67734375 0.10859375 0.12890625 0.08671875
2 0.8109375 0.1109375 0.065625 0.08671875
2 0.884375 0.2140625 0.09921875 0.121875
2 0.959375 0.19140625 0.07265625 0.1203125
2 0.9734375 0.3015625 0.04609375 0.09921875
2 0.8671875 0.509375 0.09921875 0.109375
2 0.9140625 0.66328125 0.09921875 0.1328125
2 0.8390625 0.70625 0.0953125 0.146875
2 0.7375 0.69453125 0.08125 0.1390625
2 0.8125 0.56796875 0.07421875 0.08671875
2 0.54453125 0.85703125 0.10234375 0.159375
2 0.59609375 0.709375 0.10078125 0.09765625
2 0.6109375 0.5984375 0.10078125 0.0953125
0 0.66953125 0.54765625 0.0921875 0.09921875
2 0.3421875 0.67109375 0.10078125 0.11171875
2 0.2703125 0.82578125 0.09375 0.1203125
2 0.13359375 0.56328125 0.08671875 0.1078125
2 0.1703125 0.3546875 0.1109375 0.0890625
2 0.22421875 0.2890625 0.14140625 0.14921875
2 0.434375 0.275 0.10078125 0.11796875
2 0.396875 0.14921875 0.1234375 0.134375
2 0.60546875 0.08046875 0.0703125 0.0375
2 0.47421875 0.08828125 0.09921875 0.04765625
2 0.2515625 0.12421875 0.0703125 0.08671875
2 0.17421875 0.12421875 0.07265625 0.06796875
2 0.1015625 0.140625 0.06328125 0.10546875
2 0.171875 0.2078125 0.0953125 0.08671875
4 0.1171875 0.9234375 0.0953125 0.0890625
2 0.225 0.9375 0.10078125 0.10546875
2 0.3390625 0.91640625 0.1109375 0.1015625
2 0.44375 0.9515625 0.11640625 0.0890625
2 0.33125 0.98359375 0.08671875 0.025
2 0.06640625 0.965625 0.0265625 0.06015625
2 0.0734375 0.24453125 0.03671875 0.0890625