0 0.896875 0.315625 0.096875 0.09140625
3 0.75625 0.24765625 0.09921875 0.115625
3 0.3421875 0.209375 0.13984375 0.07421875
3 0.515625 0.5671875 0.11875 0.08046875
2 0.61484375 0.18203125 0.12734375 0.1265625
2 0.78203125 0.14921875 0.096875 0.0953125
2 0.92578125 0.2171875 0.04765625 0.115625
2 0.315625 0.1234375 0.10078125 0.10546875
2 0.38046875 0.06796875 0.0921875 0.09296875
2 0.29765625 0.02578125 0.08828125 0.04375
2 0.07421875 0.1625 0.09921875 0.109375
2 0.16640625 0.25390625 0.121875 0.1140625
2 0.0328125 0.3015625 0.0546875 0.13671875
2 0.07265625 0.37578125 0.0921875 0.1078125
2 0.0515625 0.52109375 0.096875 0.1078125
2 0.08984375 0.61171875 0.10078125 0.09921875
2 0.25859375 0.5828125 0.121875 0.13046875
2 0.4453125 0.24921875 0.10078125 0.1265625
2 0.2765625 0.29296875 0.096875 0.109375
2 0.54921875 0.28046875 0.10234375 0.0953125
2 0.603125 0.39765625 0.09375 0.1078125
2 0.4984375 0.4078125 0.08671875 0.09765625
2 0.771875 0.34609375 0.10234375 0.10546875
2 0.70078125 0.5515625 0.09921875 0.08515625
2 0.7953125 0.5125 0.10078125 0.1390625
2 0.740625 0.62109375 0.10078125 0.10546875
2 0.66953125 0.7203125 0.0828125 0.10546875
2 0.83515625 0.84765625 0.10078125 0.11796875
2 0.89375 0.87890625 0.1078125 0.1140625
2 0.7203125 0.8609375 0.09375 0.09296875
2 0.33046875 0.859375 0.10078125 0.1015625
2 0.4640625 0.65546875 0.11484375 0.121875