3 0.72109375 0.38203125 0.14140625 0.14296875
3 0.14921875 0.16328125 0.14140625 0.0828125
3 0.22265625 0.94296875 0.09921875 0.10546875
3 0.75703125 0.69765625 0.134375 0.0703125
3 0.14765625 0.94921875 0.08515625 0.09765625
3 0.0703125 0.96875 0.1328125 0.0625
3 0.096875 0.64296875 0.07421875 0.13671875
2 0.64765625 0.9296875 0.10390625 0.109375
2 0.26953125 0.69453125 0.1109375 0.1265625
4 0.26484375 0.84375 0.109375 0.09296875
2 0.3125 0.92265625 0.08125 0.08671875
2 0.109375 0.84140625 0.08125 0.0890625
2 0.15703125 0.771875 0.134375 0.115625
2 0.17578125 0.56640625 0.121875 0.1015625
2 0.19765625 0.43203125 0.078125 0.13671875
2 0.0515625 0.4546875 0.09921875 0.11171875
2 0.0765625 0.53828125 0.08671875 0.0640625
2 0.4921875 0.51875 0.096875 0.121875
2 0.39375 0.60234375 0.0953125 0.0953125
2 0.4890625 0.64609375 0.08125 0.11171875
2 0.59609375 0.68203125 0.08671875 0.09921875
2 0.5328125 0.77109375 0.11484375 0.1140625
2 0.63671875 0.8 0.096875 0.121875
0 0.77578125 0.8640625 0.0921875 0.115625
2 0.67578125 0.2234375 0.09921875 0.115625
2 0.5703125 0.221875 0.08125 0.10390625
2 0.46796875 0.1375 0.11328125 0.1265625
2 0.4203125 0.23671875 0.1328125 0.08046875
3 0.3609375 0.17578125 0.1234375 0.07421875
2 0.684375 0.115625 0.10234375 0.08515625
2 0.8390625 0.10078125 0.1109375 0.07265625
2 0.25703125 0.11875 0.10390625 0.09765625
2 0.24375 0.2109375 0.1109375 0.0828125
2 0.86484375 0.20625 0.07421875 0.11171875
2 0.91484375 0.27421875 0.053125 0.08515625
2 0.925 0.5484375 0.0296875 0.1015625
2 0.90078125 0.63046875 0.07265625 0.09296875
2 0.828125 0.640625 0.078125 0.0890625
2 0.87421875 0.80546875 0.10390625 0.08671875
2 0.89921875 0.7203125 0.08125 0.09296875
2 0.8125 0.74921875 0.08515625 0.08046875
2 0.9 0.87890625 0.0828125 0.16796875