0 0.35 0.2546875 0.1234375 0.13046875
0 0.1421875 0.43671875 0.08828125 0.134375
0 0.240625 0.92421875 0.0796875 0.14296875
0 0.34453125 0.14375 0.08125 0.15078125
0 0.26953125 0.6234375 0.10234375 0.13671875
0 0.75234375 0.35703125 0.065625 0.184375
2 0.48828125 0.30546875 0.1328125 0.115625
2 0.57890625 0.65546875 0.10234375 0.09921875
2 0.69609375 0.609375 0.0921875 0.11796875
2 0.8125 0.69765625 0.1078125 0.0890625
2 0.75546875 0.7171875 0.08984375 0.115625
2 0.72578125 0.85078125 0.08125 0.121875
2 0.65078125 0.91484375 0.06875 0.121875
2 0.5890625 0.821875 0.08125 0.14921875
2 0.54296875 0.7546875 0.08671875 0.1078125
1 0.60859375 0.384375 0.0828125 0.1203125
2 0.6171875 0.22890625 0.12890625 0.07890625
2 0.640625 0.09765625 0.08125 0.0578125
2 0.7046875 0.13125 0.07421875 0.09140625
2 0.75234375 0.15859375 0.11484375 0.1140625
2 0.79296875 0.271875 0.08671875 0.10390625
2 0.93046875 0.10390625 0.1234375 0.0828125
2 0.890625 0.209375 0.0921875 0.1203125
2 0.8640625 0.29921875 0.04765625 0.1453125
2 0.8359375 0.57578125 0.0921875 0.08515625
1 0.9234375 0.54453125 0.07578125 0.0890625
2 0.83125 0.4640625 0.0828125 0.09921875
2 0.75703125 0.47734375 0.08515625 0.09921875
2 0.228125 0.18671875 0.08828125 0.08515625
2 0.140625 0.10625 0.0546875 0.08046875
2 0.0953125 0.16796875 0.08125 0.09765625
2 0.18984375 0.334375 0.10078125 0.13671875
2 0.31484375 0.35703125 0.1109375 0.0890625
2 0.2828125 0.48203125 0.11484375 0.1015625
2 0.33203125 0.57578125 0.08515625 0.10390625
2 0.1515625 0.66328125 0.10078125 0.09296875
2 0.109375 0.5390625 0.07265625 0.09765625
2 0.08828125 0.8015625 0.07421875 0.1078125
2 0.11015625 0.9296875 0.10234375 0.11796875
2 0.1671875 0.81640625 0.08671875 0.0890625
2 0.20546875 0.70703125 0.08515625 0.09765625
2 0.30234375 0.6953125 0.10390625 0.10546875
2 0.31015625 0.853125 0.08984375 0.1203125
2 0.39765625 0.95 0.07421875 0.09921875
2 0.740625 0.94296875 0.0796875 0.1015625
2 0.81171875 0.91796875 0.07578125 0.1203125
2 0.88125 0.84609375 0.1234375 0.1015625
2 0.95390625 0.31171875 0.0921875 0.09140625
2 0.9609375 0.4109375 0.06875 0.08671875
2 0.46640625 0.178125 0.0671875 0.12421875
2 0.5421875 0.11171875 0.08515625 0.0828125
2 0.07578125 0.328125 0.04765625 0.0890625