3 0.71875 0.53515625 0.1640625 0.08515625
3 0.93203125 0.22578125 0.11875 0.06015625
3 0.97890625 0.18046875 0.0421875 0.0625
3 0.671875 0.1125 0.04453125 0.09921875
0 0.10625 0.2875 0.10078125 0.0828125
0 0.6421875 0.73203125 0.134375 0.121875
2 0.55390625 0.42890625 0.1109375 0.128125
2 0.484375 0.23046875 0.0953125 0.09765625
2 0.4203125 0.15546875 0.10234375 0.146875
2 0.47578125 0.08828125 0.08828125 0.04765625
2 0.25859375 0.10390625 0.0921875 0.0828125
2 0.3265625 0.2203125 0.1078125 0.1203125
2 0.37109375 0.32421875 0.0671875 0.1265625
2 0.559375 0.20625 0.08515625 0.10390625
2 0.59609375 0.1109375 0.09921875 0.09921875
2 0.65 0.196875 0.0796875 0.09921875
2 0.721875 0.1109375 0.08671875 0.11171875
2 0.8265625 0.15703125 0.08515625 0.11171875
2 0.9734375 0.1171875 0.0515625 0.0703125
2 0.9015625 0.09765625 0.08828125 0.06796875
2 0.93828125 0.31328125 0.0921875 0.0953125
2 0.66171875 0.2984375 0.10390625 0.08515625
2 0.8453125 0.49921875 0.08671875 0.1140625
2 0.95859375 0.628125 0.08125 0.109375
2 0.84375 0.78046875 0.08671875 0.1140625
2 0.71171875 0.6171875 0.11328125 0.06796875
2 0.73515625 0.7015625 0.08828125 0.08515625
2 0.74765625 0.7890625 0.096875 0.09296875
2 0.790625 0.94609375 0.09375 0.10390625
2 0.46328125 0.89140625 0.10078125 0.11171875
2 0.39921875 0.82109375 0.078125 0.1078125
2 0.328125 0.878125 0.09375 0.1265625
2 0.24921875 0.9578125 0.109375 0.08046875
2 0.18828125 0.80234375 0.06875 0.09296875
2 0.23046875 0.3765625 0.08515625 0.11171875
2 0.14140625 0.42578125 0.09375 0.115625
2 0.31328125 0.515625 0.06171875 0.1265625
2 0.43671875 0.48359375 0.10078125 0.07890625
2 0.50703125 0.5453125 0.096875 0.09296875
2 0.55234375 0.628125 0.08984375 0.09765625
2 0.3734375 0.55625 0.08828125 0.1140625
2 0.32578125 0.65546875 0.109375 0.11796875
4 0.0875 0.66484375 0.06015625 0.11171875
2 0.0671875 0.50078125 0.0265625 0.08671875
2 0.0734375 0.375 0.0390625 0.0953125
2 0.984375 0.83671875 0.02265625 0.09140625
2 0.98125 0.7203125 0.03515625 0.0625