3 0.3125 0.7734375 0.1609375 0.07421875
0 0.40546875 0.846875 0.11484375 0.06015625
0 0.240625 0.4578125 0.10234375 0.128125
0 0.1546875 0.40234375 0.10390625 0.11796875
0 0.83125 0.65546875 0.12890625 0.0828125
0 0.61953125 0.1984375 0.11484375 0.0765625
2 0.9078125 0.975 0.06875 0.04140625
1 0.6640625 0.93984375 0.0921875 0.11171875
1 0.48828125 0.9625 0.07421875 0.0703125
2 0.209375 0.90859375 0.10390625 0.1078125
1 0.128125 0.82421875 0.08125 0.109375
1 0.07265625 0.95625 0.08671875 0.07890625
1 0.15 0.63046875 0.1109375 0.1015625
2 0.38984375 0.6953125 0.08984375 0.09921875
2 0.35625 0.59921875 0.10390625 0.1078125
2 0.30703125 0.4875 0.0921875 0.109375
2 0.0953125 0.4609375 0.07265625 0.0640625
2 0.03203125 0.46796875 0.05859375 0.11796875
2 0.034375 0.353125 0.06328125 0.09921875
1 0.13046875 0.221875 0.096875 0.11796875
1 0.07890625 0.128125 0.08828125 0.09140625
2 0.22109375 0.2671875 0.0828125 0.11171875
2 0.25703125 0.09140625 0.09921875 0.0375
2 0.49765625 0.2296875 0.0921875 0.1203125
2 0.39296875 0.2390625 0.096875 0.07421875
2 0.34453125 0.29921875 0.0828125 0.109375
2 0.40546875 0.42109375 0.07265625 0.11171875
1 0.5140625 0.49609375 0.078125 0.1203125
2 0.5796875 0.57109375 0.08515625 0.10546875
1 0.89453125 0.75234375 0.08828125 0.1203125
1 0.9015625 0.55703125 0.08125 0.1078125
2 0.75859375 0.61796875 0.10390625 0.08671875
2 0.77421875 0.50234375 0.13984375 0.1078125
2 0.78671875 0.38203125 0.109375 0.10546875
4 0.89765625 0.4078125 0.08984375 0.1203125
2 0.9296875 0.1125 0.0265625 0.0953125
2 0.85078125 0.07890625 0.07421875 0.01640625