3 0.26875 0.875 0.05625 0.11796875
3 0.52109375 0.1625 0.14140625 0.06640625
3 0.3453125 0.0421875 0.13046875 0.08046875
3 0.14765625 0.24921875 0.10390625 0.09921875
3 0.63984375 0.07734375 0.11875 0.13671875
3 0.67578125 0.38828125 0.10234375 0.13046875
3 0.7921875 0.4484375 0.10390625 0.09921875
3 0.646875 0.8375 0.0671875 0.1203125
3 0.47265625 0.7171875 0.08828125 0.115625
1 0.43046875 0.4390625 0.10078125 0.121875
2 0.890625 0.359375 0.1078125 0.12421875
2 0.29453125 0.25234375 0.1109375 0.1390625
2 0.40703125 0.31796875 0.09921875 0.115625
2 0.71796875 0.2484375 0.09375 0.1140625
2 0.69609375 0.5984375 0.0953125 0.1078125
2 0.9046875 0.046875 0.10234375 0.0828125
2 0.88671875 0.16328125 0.10078125 0.13046875
2 0.16015625 0.6453125 0.11328125 0.1328125
4 0.465625 0.84453125 0.0953125 0.1203125
2 0.86015625 0.5125 0.08125 0.15703125
2 0.93203125 0.553125 0.0703125 0.14921875
2 0.81875 0.81796875 0.0953125 0.16953125
2 0.75703125 0.79296875 0.08828125 0.1328125
2 0.32421875 0.58359375 0.078125 0.1140625
2 0.17734375 0.471875 0.0921875 0.115625
2 0.11875 0.36875 0.096875 0.115625
2 0.11953125 0.7875 0.1109375 0.146875
2 0.2078125 0.84765625 0.07421875 0.1453125
2 0.09921875 0.8875 0.0921875 0.09296875
2 0.36484375 0.8953125 0.08671875 0.0765625
1 0.55 0.75703125 0.08984375 0.1078125
2 0.5875 0.84609375 0.078125 0.07421875
2 0.8578125 0.8609375 0.10234375 0.140625
2 0.97421875 0.63984375 0.0421875 0.10390625
2 0.81015625 0.1296875 0.0703125 0.0953125
2 0.48046875 0.0671875 0.09921875 0.08671875
2 0.68359375 0.7484375 0.08984375 0.1015625
2 0.2171875 0.56640625 0.10234375 0.109375
4 0.0765625 0.56640625 0.04921875 0.128125
2 0.11484375 0.15234375 0.08671875 0.10546875
2 0.16015625 0.04765625 0.1734375 0.08046875
2 0.4234375 0.1234375 0.0796875 0.09296875