3 0.37421875 0.865625 0.06171875 0.171875
3 0.88984375 0.7078125 0.109375 0.134375
3 0.8796875 0.57734375 0.15 0.171875
3 0.72734375 0.52265625 0.08671875 0.146875
3 0.7703125 0.390625 0.13984375 0.0890625
3 0.7828125 0.39921875 0.14453125 0.0953125
3 0.8203125 0.725 0.10234375 0.07890625
3 0.6578125 0.73984375 0.10625 0.128125
4 0.2375 0.22890625 0.10390625 0.1328125
2 0.46484375 0.1359375 0.10078125 0.1390625
2 0.78125 0.13046875 0.1109375 0.1328125
2 0.96875 0.7484375 0.0515625 0.12421875
0 0.23046875 0.803125 0.07265625 0.14296875
2 0.56875 0.875 0.08125 0.10546875
2 0.31875 0.378125 0.09921875 0.13046875
2 0.13046875 0.7734375 0.06171875 0.10546875
2 0.4671875 0.3953125 0.06875 0.16953125
2 0.5265625 0.325 0.06328125 0.0953125
2 0.55625 0.24609375 0.08671875 0.12421875
2 0.59296875 0.4171875 0.08125 0.08671875
2 0.7234375 0.92421875 0.08984375 0.121875
2 0.83984375 0.94921875 0.0828125 0.09296875
2 0.7203125 0.83671875 0.08984375 0.09921875
2 0.8046875 0.834375 0.07578125 0.1203125
2 0.45 0.91484375 0.1203125 0.1078125
2 0.61328125 0.8921875 0.08671875 0.09296875
2 0.50546875 0.9640625 0.08984375 0.06015625
2 0.31015625 0.88203125 0.10234375 0.2046875
2 0.14921875 0.9625 0.09921875 0.07421875
2 0.30703125 0.503125 0.10390625 0.11171875
2 0.24609375 0.6984375 0.096875 0.10546875
2 0.140625 0.70625 0.1078125 0.1203125
2 0.65703125 0.34609375 0.06875 0.1015625
2 0.87265625 0.17578125 0.065625 0.14921875
2 0.64296875 0.11875 0.0671875 0.09296875
2 0.3265625 0.1015625 0.0671875 0.0578125
2 0.2046875 0.09453125 0.08984375 0.04375
2 0.13359375 0.0953125 0.06328125 0.05
2 0.0828125 0.2421875 0.05625 0.11796875
2 0.0921875 0.71015625 0.07578125 0.0953125
2 0.24140625 0.93671875 0.078125 0.1265625
2 0.75234375 0.66796875 0.0953125 0.1015625
2 0.9609375 0.54375 0.065625 0.121875
2 0.93046875 0.284375 0.06015625 0.1078125
2 0.97890625 0.29375 0.03515625 0.1265625
2 0.92734375 0.125 0.08515625 0.11796875
2 0.39921875 0.3625 0.08828125 0.1265625
2 0.26953125 0.35 0.10390625 0.1140625
2 0.7484375 0.33671875 0.10234375 0.10546875
2 0.88359375 0.453125 0.10234375 0.15546875
2 0.79921875 0.5703125 0.078125 0.07421875
2 0.58984375 0.9625 0.0703125 0.0703125
2 0.6375 0.28671875 0.08828125 0.09765625