3 0.7078125 0.478125 0.16796875 0.1203125
3 0.209375 0.809375 0.1109375 0.121875
0 0.6078125 0.55390625 0.134375 0.07265625
2 0.27734375 0.7234375 0.10390625 0.15078125
2 0.1171875 0.73984375 0.0921875 0.1140625
2 0.2421875 0.5953125 0.0703125 0.0828125
2 0.4890625 0.878125 0.0921875 0.1203125
2 0.5046875 0.78984375 0.0921875 0.09921875
2 0.48125 0.68359375 0.096875 0.140625
2 0.78359375 0.7796875 0.0796875 0.1015625
2 0.9046875 0.85703125 0.0796875 0.13671875
2 0.73671875 0.89453125 0.08671875 0.08671875
2 0.68984375 0.7296875 0.10078125 0.15078125
2 0.61015625 0.73359375 0.08125 0.109375
2 0.7421875 0.65703125 0.10625 0.08671875
2 0.70234375 0.5421875 0.10390625 0.121875
2 0.453125 0.38125 0.08984375 0.11796875
2 0.6078125 0.38515625 0.10390625 0.1328125
2 0.74140625 0.39609375 0.0921875 0.10546875
2 0.55 0.30859375 0.0828125 0.10546875
2 0.12890625 0.375 0.10234375 0.1140625
2 0.05390625 0.48984375 0.0921875 0.1265625
2 0.06328125 0.63984375 0.0671875 0.0953125
2 0.19296875 0.6921875 0.078125 0.09921875
2 0.14765625 0.6125 0.065625 0.10546875
2 0.41484375 0.8828125 0.0828125 0.08671875
2 0.284375 0.20078125 0.1078125 0.12421875
2 0.1671875 0.09765625 0.08671875 0.08671875
2 0.03984375 0.2671875 0.04921875 0.1203125
2 0.27734375 0.07578125 0.08515625 0.1078125
2 0.1171875 0.034375 0.08515625 0.06015625