3 0.09453125 0.9484375 0.0921875 0.08671875
3 0.0875 0.84453125 0.08125 0.07265625
3 0.26640625 0.63359375 0.07421875 0.11171875
3 0.33359375 0.440625 0.08125 0.1015625
3 0.93359375 0.4078125 0.121875 0.06640625
3 0.3640625 0.8765625 0.08125 0.1015625
0 0.47734375 0.11875 0.06015625 0.1015625
0 0.98125 0.1140625 0.03671875 0.08671875
0 0.41875 0.15625 0.1078125 0.1140625
0 0.1109375 0.32421875 0.07578125 0.12421875
2 0.2109375 0.95625 0.0921875 0.08046875
2 0.27109375 0.9640625 0.07421875 0.06015625
2 0.79140625 0.94921875 0.09375 0.1015625
4 0.69296875 0.784375 0.08828125 0.1140625
2 0.6 0.796875 0.07578125 0.09296875
2 0.44375 0.74296875 0.07578125 0.1203125
2 0.3015625 0.84140625 0.09921875 0.1140625
2 0.14140625 0.81640625 0.0796875 0.09296875
2 0.3921875 0.65234375 0.08828125 0.109375
2 0.4375 0.58984375 0.08828125 0.09296875
2 0.5421875 0.559375 0.0921875 0.0890625
2 0.76875 0.54375 0.08984375 0.1140625
2 0.87890625 0.49453125 0.0953125 0.09921875
2 0.95546875 0.63359375 0.08828125 0.134375
2 0.9796875 0.93515625 0.03359375 0.115625
4 0.46328125 0.4328125 0.10234375 0.1203125
2 0.4046875 0.31171875 0.0921875 0.11171875
2 0.28671875 0.2609375 0.065625 0.08671875
4 0.196875 0.18125 0.1234375 0.0953125
2 0.2546875 0.1234375 0.0953125 0.09765625
2 0.33828125 0.1453125 0.07421875 0.1015625
2 0.46640625 0.22265625 0.10234375 0.09296875
2 0.7640625 0.2703125 0.11484375 0.15078125
2 0.8484375 0.353125 0.09375 0.1265625
2 0.86875 0.26796875 0.1203125 0.08046875
2 0.08046875 0.5359375 0.04921875 0.1265625
2 0.82421875 0.1625 0.10234375 0.1015625
2 0.95078125 0.1953125 0.08515625 0.12421875
2 0.87265625 0.08046875 0.0953125 0.025