3 0.6625 0.85078125 0.1625 0.06015625
3 0.8453125 0.646875 0.1515625 0.0890625
3 0.65703125 0.79296875 0.11875 0.07421875
3 0.4328125 0.9484375 0.103125 0.103125
3 0.4796875 0.48359375 0.13984375 0.1203125
0 0.65625 0.33671875 0.1203125 0.1015625
0 0.30625 0.33515625 0.1203125 0.09140625
0 0.734375 0.39375 0.08515625 0.0953125
0 0.090625 0.1234375 0.1078125 0.10546875
3 0.2140625 0.6359375 0.14453125 0.0453125
2 0.13984375 0.49453125 0.08984375 0.0953125
2 0.12890625 0.60625 0.0953125 0.09921875
2 0.05 0.7234375 0.0828125 0.09921875
1 0.05625 0.9390625 0.08984375 0.10390625
1 0.14921875 0.878125 0.08515625 0.10390625
2 0.25234375 0.82734375 0.1109375 0.09921875
2 0.2515625 0.946875 0.1234375 0.10546875
1 0.4703125 0.83984375 0.09375 0.1015625
2 0.5140625 0.9640625 0.09921875 0.05625
2 0.646875 0.959375 0.11328125 0.08046875
2 0.59921875 0.90703125 0.09921875 0.08515625
2 0.8703125 0.95546875 0.08671875 0.07421875
2 0.86328125 0.865625 0.10234375 0.09765625
2 0.74609375 0.72890625 0.096875 0.1140625
4 0.6734375 0.6078125 0.10078125 0.12421875
2 0.53984375 0.78671875 0.12734375 0.1203125
2 0.3890625 0.646875 0.10234375 0.1265625
2 0.1828125 0.74921875 0.11484375 0.134375
2 0.0828125 0.49921875 0.07421875 0.1078125
2 0.04296875 0.3984375 0.0796875 0.10546875
2 0.19375 0.39765625 0.0671875 0.08046875
2 0.146875 0.3078125 0.109375 0.134375
2 0.1 0.27109375 0.109375 0.09296875
2 0.2359375 0.18125 0.078125 0.1078125
2 0.31875 0.50625 0.08828125 0.06640625
2 0.38046875 0.44921875 0.07265625 0.05390625
2 0.5453125 0.3921875 0.096875 0.11796875
2 0.53203125 0.29609375 0.13046875 0.0640625
1 0.525 0.1984375 0.08671875 0.10546875
2 0.47890625 0.11796875 0.0546875 0.0953125
3 0.55390625 0.1078125 0.07421875 0.08671875
2 0.89453125 0.1421875 0.10078125 0.14296875
2 0.83671875 0.27734375 0.12734375 0.1203125
2 0.81328125 0.50234375 0.11640625 0.09765625
2 0.75546875 0.60078125 0.08671875 0.10390625