4 0.36484375 0.284375 0.08984375 0.134375
4 0.4015625 0.38828125 0.1203125 0.1140625
4 0.1421875 0.4765625 0.0921875 0.13671875
3 0.771875 0.57890625 0.109375 0.0953125
3 0.26875 0.23203125 0.14296875 0.09140625
3 0.809375 0.778125 0.2046875 0.1203125
3 0.796875 0.625 0.06015625 0.12421875
4 0.1109375 0.73828125 0.0828125 0.10546875
4 0.321875 0.66484375 0.08984375 0.11171875
2 0.40625 0.5953125 0.08984375 0.1015625
2 0.33046875 0.525 0.06875 0.08671875
2 0.3921875 0.50859375 0.1109375 0.09140625
2 0.2015625 0.375 0.10078125 0.10546875
2 0.2953125 0.34453125 0.09375 0.13046875
2 0.32265625 0.16328125 0.08828125 0.121875
1 0.40390625 0.171875 0.0828125 0.1015625
2 0.50234375 0.06015625 0.10234375 0.1140625
4 0.56796875 0.16171875 0.096875 0.11171875
2 0.53203125 0.309375 0.0796875 0.1203125
2 0.61640625 0.4015625 0.08984375 0.08046875
2 0.63515625 0.62109375 0.08671875 0.09296875
2 0.79296875 0.41015625 0.0828125 0.09296875
1 0.696875 0.36640625 0.0828125 0.1078125
2 0.64765625 0.2515625 0.08828125 0.109375
2 0.66953125 0.21953125 0.12578125 0.08671875
1 0.6890625 0.08515625 0.08515625 0.08671875
1 0.80703125 0.178125 0.0921875 0.12421875
1 0.8828125 0.24921875 0.08828125 0.08515625
2 0.9375 0.14296875 0.0921875 0.1140625
2 0.88046875 0.06015625 0.1109375 0.09140625
2 0.13984375 0.0703125 0.109375 0.1203125
2 0.07890625 0.17265625 0.04921875 0.115625
2 0.08203125 0.321875 0.06171875 0.1203125
3 0.26328125 0.540625 0.08984375 0.1265625
2 0.2453125 0.56953125 0.06171875 0.08046875
2 0.17421875 0.5390625 0.07421875 0.128125
2 0.0921875 0.609375 0.0703125 0.09296875
2 0.196875 0.58515625 0.0703125 0.10390625
2 0.68828125 0.60078125 0.07578125 0.121875
2 0.83984375 0.5 0.09375 0.12421875
1 0.89453125 0.38828125 0.096875 0.1015625
2 0.93359375 0.60859375 0.0953125 0.09921875
2 0.89921875 0.81640625 0.08515625 0.0890625
2 0.80625 0.78671875 0.0796875 0.08671875
2 0.85078125 0.825 0.07421875 0.09140625
2 0.928125 0.875 0.07578125 0.1015625
2 0.81484375 0.665625 0.08515625 0.09765625
2 0.5953125 0.69453125 0.1328125 0.121875
1 0.684375 0.7796875 0.0671875 0.10546875
2 0.57578125 0.81171875 0.10390625 0.0765625
2 0.628125 0.8625 0.0671875 0.1203125
2 0.4921875 0.87578125 0.0828125 0.09921875
2 0.3765625 0.81328125 0.07421875 0.0765625
1 0.27421875 0.84609375 0.08515625 0.0890625
2 0.20859375 0.78046875 0.07578125 0.0765625
2 0.17421875 0.83046875 0.08515625 0.09296875
2 0.39921875 0.90234375 0.10390625 0.0625
2 0.1953125 0.9046875 0.08671875 0.05625
2 0.97890625 0.43046875 0.03515625 0.11171875