3 0.10859375 0.35078125 0.0703125 0.16953125
3 0.68359375 0.96796875 0.1203125 0.05625
0 0.03671875 0.47421875 0.065625 0.1453125
2 0.81953125 0.45546875 0.14296875 0.140625
2 0.871875 0.35234375 0.10625 0.10546875
2 0.89453125 0.24296875 0.096875 0.121875
1 0.6890625 0.2296875 0.10390625 0.1203125
2 0.51171875 0.29921875 0.11328125 0.1203125
2 0.56640625 0.384375 0.09375 0.09921875
2 0.63359375 0.09140625 0.109375 0.0515625
2 0.81640625 0.0921875 0.078125 0.05390625
2 0.925 0.08515625 0.053125 0.04140625
2 0.91171875 0.5328125 0.0703125 0.109375
2 0.865625 0.6375 0.08125 0.09921875
2 0.7421875 0.8984375 0.10078125 0.12421875
2 0.63359375 0.8703125 0.096875 0.109375
2 0.56875 0.93046875 0.08828125 0.10390625
2 0.43515625 0.90234375 0.10390625 0.1203125
2 0.1625 0.91171875 0.10234375 0.1140625
1 0.06796875 0.8609375 0.0828125 0.10546875
2 0.16796875 0.5890625 0.12890625 0.146875
2 0.02265625 0.5984375 0.04453125 0.11171875
2 0.021875 0.35625 0.0296875 0.14296875
2 0.0625 0.22578125 0.1109375 0.10390625
2 0.08984375 0.13671875 0.109375 0.1203125
2 0.17421875 0.11171875 0.08515625 0.09296875
2 0.26953125 0.09296875 0.08515625 0.05
2 0.26953125 0.17109375 0.08828125 0.09921875
2 0.38359375 0.2890625 0.08984375 0.1015625
1 0.25625 0.3734375 0.09921875 0.1203125
2 0.2546875 0.50859375 0.1109375 0.12421875
2 0.25 0.6625 0.0828125 0.12421875
1 0.396875 0.44375 0.0828125 0.1078125
2 0.48828125 0.49609375 0.09375 0.10546875
2 0.5359375 0.69765625 0.08125 0.128125
1 0.44140625 0.7125 0.09375 0.121875
2 0.07421875 0.33828125 0.078125 0.1078125
2 0.13046875 0.21328125 0.0421875 0.0515625