3 0.078125 0.67890625 0.1484375 0.06796875
3 0.75625 0.8765625 0.0953125 0.109375
3 0.16796875 0.2828125 0.14140625 0.08046875
0 0.5796875 0.48671875 0.1484375 0.05390625
0 0.678125 0.728125 0.13984375 0.0765625
0 0.57890625 0.83203125 0.10625 0.07421875
0 0.66953125 0.9296875 0.08671875 0.128125
0 0.8640625 0.8109375 0.121875 0.08671875
2 0.24453125 0.9296875 0.11640625 0.128125
1 0.525 0.95625 0.09375 0.08046875
2 0.11015625 0.88828125 0.08984375 0.1328125
2 0.0359375 0.84375 0.0703125 0.12421875
2 0.08359375 0.73984375 0.11484375 0.08671875
2 0.178125 0.7859375 0.10234375 0.09921875
2 0.25859375 0.66484375 0.134375 0.134375
2 0.27578125 0.65859375 0.23125 0.15546875
2 0.34296875 0.76171875 0.08515625 0.09296875
2 0.44453125 0.73671875 0.11484375 0.190625
2 0.4859375 0.65390625 0.08125 0.153125
2 0.52578125 0.65546875 0.0921875 0.115625
2 0.60546875 0.615625 0.10625 0.11171875
2 0.71328125 0.625 0.08828125 0.09296875
2 0.671875 0.57421875 0.0921875 0.0890625
2 0.77109375 0.76328125 0.12890625 0.10390625
2 0.83984375 0.88828125 0.0828125 0.09296875
2 0.7921875 0.96171875 0.078125 0.06796875
2 0.80625 0.653125 0.08984375 0.0953125
2 0.90390625 0.65859375 0.0828125 0.12421875
2 0.828125 0.5546875 0.121875 0.11796875
2 0.8296875 0.42578125 0.11484375 0.128125
2 0.73046875 0.4703125 0.08515625 0.11171875
2 0.659375 0.4078125 0.065625 0.109375
2 0.58046875 0.50625 0.096875 0.1203125
2 0.47734375 0.49609375 0.06015625 0.128125
2 0.39453125 0.52109375 0.0828125 0.10390625
2 0.25 0.5453125 0.10078125 0.09921875
4 0.10703125 0.48359375 0.08984375 0.1203125
2 0.11015625 0.39765625 0.0921875 0.0953125
2 0.11015625 0.321875 0.07578125 0.09765625
2 0.02421875 0.50859375 0.04453125 0.10546875
2 0.0359375 0.38515625 0.0703125 0.140625
2 0.05703125 0.23828125 0.08828125 0.10546875
1 0.07890625 0.121875 0.08671875 0.09921875
1 0.26875 0.32578125 0.09375 0.1140625
2 0.384375 0.31875 0.0953125 0.13671875
1 0.49375 0.3734375 0.0953125 0.10390625
1 0.471875 0.23203125 0.08984375 0.10390625
2 0.390625 0.1375 0.09921875 0.0953125
2 0.5703125 0.18359375 0.1078125 0.1328125
2 0.4921875 0.10546875 0.10078125 0.07890625
2 0.68046875 0.16953125 0.09375 0.1203125
2 0.77890625 0.1140625 0.07421875 0.08515625
2 0.5796875 0.08515625 0.07421875 0.0453125
2 0.6671875 0.0828125 0.0796875 0.0328125
4 0.90703125 0.321875 0.078125 0.1140625
2 0.91171875 0.19453125 0.0703125 0.121875