3 0.85234375 0.74453125 0.15 0.06796875
3 0.409375 0.38828125 0.1359375 0.08515625
3 0.4046875 0.84453125 0.12734375 0.1078125
3 0.46484375 0.09296875 0.10078125 0.07265625
3 0.38671875 0.1125 0.11875 0.0953125
3 0.63515625 0.67890625 0.10390625 0.1453125
0 0.703125 0.55625 0.12578125 0.0578125
0 0.03125 0.62734375 0.053125 0.0765625
0 0.3125 0.33671875 0.11640625 0.07890625
0 0.5953125 0.51484375 0.096875 0.09765625
2 0.8375 0.95234375 0.109375 0.09140625
2 0.7 0.98203125 0.11484375 0.03125
2 0.70234375 0.940625 0.12734375 0.08671875
2 0.49609375 0.975 0.146875 0.04140625
1 0.58046875 0.90234375 0.09375 0.09921875
2 0.41484375 0.92578125 0.0828125 0.109375
2 0.1484375 0.8984375 0.078125 0.10546875
2 0.9171875 0.88515625 0.0515625 0.08046875
2 0.92109375 0.6984375 0.04765625 0.09765625
2 0.825 0.659375 0.121875 0.109375
1 0.73125 0.62421875 0.0953125 0.10546875
2 0.878125 0.55703125 0.0953125 0.07265625
2 0.884375 0.50859375 0.10078125 0.0765625
2 0.8453125 0.39765625 0.14296875 0.11796875
2 0.909375 0.27109375 0.0703125 0.1078125
2 0.8296875 0.121875 0.0921875 0.10390625
2 0.85859375 0.134375 0.08984375 0.121875
2 0.70078125 0.0953125 0.1234375 0.05
2 0.5875 0.09765625 0.0921875 0.04140625
2 0.3015625 0.09140625 0.04921875 0.05
2 0.17109375 0.128125 0.0671875 0.13046875
1 0.06484375 0.26484375 0.09375 0.10390625
1 0.0515625 0.4640625 0.08828125 0.1015625
2 0.0796875 0.69140625 0.11328125 0.11171875
1 0.0828125 0.809375 0.0921875 0.10390625
1 0.18828125 0.834375 0.0921875 0.09921875
2 0.18515625 0.725 0.08828125 0.0953125
2 0.340625 0.7515625 0.0796875 0.109375
2 0.3765625 0.76171875 0.08671875 0.11171875
2 0.47109375 0.7578125 0.0921875 0.10546875
2 0.57421875 0.76328125 0.08515625 0.1328125
2 0.453125 0.6140625 0.10078125 0.09921875
2 0.39140625 0.5515625 0.096875 0.128125
2 0.27421875 0.52578125 0.1109375 0.09140625
2 0.31640625 0.4484375 0.096875 0.10546875
2 0.24296875 0.37578125 0.07421875 0.121875
2 0.328125 0.28046875 0.096875 0.115625
2 0.3625 0.15546875 0.1078125 0.09921875
2 0.10078125 0.08671875 0.07421875 0.04140625
2 0.4859375 0.32421875 0.08125 0.0953125
2 0.51953125 0.2828125 0.08125 0.1078125
2 0.57421875 0.2390625 0.0921875 0.09296875
1 0.6671875 0.4265625 0.08984375 0.109375
2 0.9296875 0.15703125 0.03359375 0.09921875
2 0.62890625 0.6046875 0.07421875 0.07421875