3 0.58203125 0.209375 0.1078125 0.1453125
3 0.04609375 0.1921875 0.08828125 0.13046875
0 0.0734375 0.2671875 0.1328125 0.09296875
0 0.87109375 0.46875 0.11875 0.05390625
0 0.80546875 0.5296875 0.09921875 0.05625
0 0.846875 0.39921875 0.12890625 0.09921875
0 0.33671875 0.2859375 0.13046875 0.08515625
3 0.31171875 0.71640625 0.1609375 0.10546875
3 0.59296875 0.83203125 0.10390625 0.171875
0 0.63125 0.64609375 0.11328125 0.09921875
1 0.68671875 0.74296875 0.10234375 0.1078125
1 0.8515625 0.853125 0.10078125 0.121875
1 0.60078125 0.4734375 0.08515625 0.11796875
1 0.8015625 0.175 0.08515625 0.09921875
1 0.7015625 0.1125 0.10078125 0.1015625
1 0.58359375 0.11171875 0.09921875 0.09140625
2 0.39609375 0.10234375 0.08515625 0.0765625
2 0.20234375 0.08828125 0.11875 0.04375
2 0.14921875 0.15625 0.10234375 0.10546875
1 0.1703125 0.31875 0.0953125 0.12421875
2 0.13984375 0.525 0.1078125 0.11171875
2 0.21171875 0.4421875 0.1203125 0.1078125
2 0.33125 0.4203125 0.1203125 0.128125
1 0.303125 0.203125 0.10234375 0.09296875
2 0.4375 0.3015625 0.09921875 0.07890625
2 0.52421875 0.33203125 0.078125 0.10546875
2 0.46328125 0.41171875 0.08828125 0.07421875
2 0.50546875 0.50703125 0.096875 0.09140625
2 0.73359375 0.4703125 0.04453125 0.09140625
2 0.925 0.1625 0.04453125 0.15546875
2 0.871875 0.2140625 0.109375 0.08046875
2 0.87578125 0.3125 0.07421875 0.07890625
2 0.9234375 0.3546875 0.040625 0.11796875
2 0.73515625 0.24609375 0.1234375 0.1140625
0 0.65 0.284375 0.109375 0.09296875
2 0.68359375 0.34296875 0.10078125 0.0953125
2 0.7703125 0.3625 0.08671875 0.0953125
2 0.6421875 0.58828125 0.06171875 0.0890625
3 0.14453125 0.978125 0.08671875 0.03125
2 0.3859375 0.621875 0.06875 0.0953125
2 0.30390625 0.67109375 0.0953125 0.08671875
2 0.2171875 0.60859375 0.08125 0.10390625
2 0.08046875 0.61796875 0.0953125 0.11171875
2 0.15390625 0.709375 0.0796875 0.09765625
2 0.184375 0.75390625 0.07578125 0.0890625
2 0.0703125 0.7546875 0.09921875 0.1078125
2 0.028125 0.83828125 0.04921875 0.0953125
1 0.0609375 0.9203125 0.08515625 0.10546875
1 0.24609375 0.88203125 0.11328125 0.115625
2 0.53828125 0.7015625 0.0796875 0.08515625
2 0.440625 0.91015625 0.078125 0.08671875
2 0.490625 0.92578125 0.0828125 0.08671875
2 0.90546875 0.95234375 0.07421875 0.0765625
2 0.53359375 0.87578125 0.08984375 0.10390625
2 0.8015625 0.975 0.08984375 0.0375
2 0.41953125 0.9765625 0.08671875 0.03515625