0 0.66171875 0.73046875 0.10625 0.109375
0 0.2 0.275 0.08984375 0.10546875
2 0.58828125 0.79921875 0.1203125 0.06640625
2 0.5296875 0.83046875 0.10625 0.09765625
3 0.478125 0.1875 0.11484375 0.0890625
2 0.478125 0.153125 0.0703125 0.0640625
2 0.41328125 0.490625 0.0703125 0.109375
4 0.71875 0.1421875 0.11484375 0.1265625
2 0.878125 0.14921875 0.08671875 0.1078125
1 0.8046875 0.303125 0.0828125 0.1078125
4 0.90390625 0.3375 0.08671875 0.1328125
2 0.846875 0.478125 0.09921875 0.11796875
2 0.18125 0.11875 0.08125 0.10546875
2 0.27578125 0.1078125 0.08828125 0.0625
2 0.3453125 0.07265625 0.07421875 0.03125
2 0.47109375 0.11171875 0.14140625 0.09296875
2 0.56875 0.315625 0.08515625 0.1078125
2 0.58125 0.4109375 0.10390625 0.121875
2 0.61875 0.50078125 0.08671875 0.1390625
2 0.66171875 0.5984375 0.09375 0.11171875
2 0.77265625 0.51640625 0.07578125 0.121875
2 0.3859375 0.2203125 0.08125 0.1203125
2 0.4546875 0.275 0.096875 0.109375
2 0.26640625 0.20703125 0.109375 0.08671875
2 0.31328125 0.25234375 0.08671875 0.08671875
2 0.3125 0.353125 0.08828125 0.0890625
2 0.234375 0.42890625 0.11875 0.1265625
2 0.19375 0.4375 0.0828125 0.09296875
1 0.18671875 0.49765625 0.09375 0.12421875
2 0.28125 0.54140625 0.10234375 0.1015625
2 0.05859375 0.359375 0.10078125 0.09765625
2 0.0484375 0.57265625 0.08671875 0.0828125
2 0.05 0.51484375 0.08671875 0.06015625
2 0.09453125 0.4765625 0.05859375 0.0578125
2 0.06953125 0.43671875 0.05625 0.06015625
2 0.46484375 0.42578125 0.09375 0.11796875
2 0.40625 0.58359375 0.0828125 0.09296875
2 0.53828125 0.728125 0.109375 0.09921875
2 0.0390625 0.67578125 0.07421875 0.08671875
2 0.025 0.7359375 0.04453125 0.10546875
2 0.12578125 0.72265625 0.08828125 0.1015625
2 0.04609375 0.92265625 0.0921875 0.12421875
2 0.21640625 0.940625 0.10234375 0.11796875
2 0.4703125 0.91328125 0.09375 0.09921875
2 0.5515625 0.96171875 0.13046875 0.0765625
2 0.68203125 0.96875 0.1203125 0.05390625
2 0.725 0.86328125 0.096875 0.1015625
2 0.771875 0.9546875 0.0921875 0.08515625
2 0.8671875 0.9421875 0.0921875 0.1078125
2 0.9109375 0.978125 0.06875 0.0265625
1 0.9203125 0.85078125 0.0515625 0.09921875