3 0.4390625 0.4625 0.12578125 0.0515625
3 0.521875 0.30234375 0.0671875 0.13671875
3 0.540625 0.871875 0.05859375 0.13046875
0 0.371875 0.846875 0.1359375 0.0765625
0 0.84375 0.26640625 0.0796875 0.12421875
0 0.58203125 0.17265625 0.10234375 0.06796875
0 0.08046875 0.10625 0.05625 0.0640625
2 0.6578125 0.6421875 0.1359375 0.13046875
2 0.5953125 0.703125 0.08671875 0.09296875
2 0.5015625 0.7296875 0.08984375 0.09140625
2 0.47421875 0.828125 0.06875 0.0890625
1 0.68203125 0.8078125 0.1203125 0.14296875
2 0.765625 0.66640625 0.078125 0.1078125
1 0.29609375 0.18125 0.1109375 0.11796875
2 0.3046875 0.04375 0.096875 0.08515625
2 0.2109375 0.0953125 0.08828125 0.07890625
2 0.146875 0.0546875 0.109375 0.109375
2 0.0796875 0.0265625 0.046875 0.053125
2 0.08046875 0.18125 0.06015625 0.07265625
2 0.18984375 0.228125 0.12734375 0.1265625
2 0.09453125 0.284375 0.07421875 0.10390625
2 0.08515625 0.36953125 0.05625 0.128125
2 0.1515625 0.4515625 0.10078125 0.128125
2 0.2015625 0.33125 0.10078125 0.06796875
1 0.259375 0.459375 0.08984375 0.11171875
2 0.353125 0.45625 0.07578125 0.109375
2 0.484375 0.51015625 0.08125 0.0953125
2 0.4703125 0.3875 0.09375 0.0828125
2 0.47265625 0.32421875 0.078125 0.1015625
1 0.4515625 0.10859375 0.0828125 0.09140625
2 0.44765625 0.0234375 0.1078125 0.046875
2 0.690625 0.02578125 0.078125 0.0515625
2 0.75703125 0.10859375 0.0921875 0.115625
2 0.70390625 0.140625 0.06875 0.09296875
2 0.76640625 0.2765625 0.11640625 0.09140625
1 0.90546875 0.175 0.0921875 0.11171875
2 0.5875 0.2984375 0.07421875 0.0765625
2 0.59921875 0.24453125 0.10390625 0.1015625
2 0.64375 0.40859375 0.10390625 0.0953125
2 0.5953125 0.51171875 0.0921875 0.1015625
2 0.771875 0.36953125 0.096875 0.109375
2 0.79453125 0.5 0.0953125 0.1140625
2 0.90390625 0.4484375 0.096875 0.11171875
2 0.89609375 0.52109375 0.0921875 0.09140625
2 0.978125 0.54765625 0.0421875 0.09921875
2 0.93125 0.859375 0.0921875 0.1140625
2 0.64921875 0.92265625 0.0953125 0.03125
2 0.23125 0.66875 0.09375 0.08515625
2 0.175 0.6015625 0.096875 0.12421875
2 0.12421875 0.59140625 0.10390625 0.1078125
2 0.12421875 0.7015625 0.10625 0.1078125
2 0.17109375 0.778125 0.10625 0.08515625
2 0.16875 0.82265625 0.08828125 0.08671875
2 0.08046875 0.8546875 0.0515625 0.0828125
2 0.25390625 0.83828125 0.07421875 0.121875
2 0.2 0.91328125 0.09375 0.04140625
2 0.3765625 0.91015625 0.13046875 0.04375
2 0.9859375 0.7921875 0.025 0.09921875