3 0.3703125 0.83046875 0.1203125 0.09296875
3 0.03125 0.90546875 0.06171875 0.153125
3 0.66015625 0.50859375 0.18046875 0.04765625
3 0.64921875 0.678125 0.1484375 0.0578125
3 0.90625 0.4671875 0.0828125 0.04765625
3 0.92578125 0.50859375 0.0421875 0.025
3 0.759375 0.23671875 0.13046875 0.14296875
3 0.04609375 0.2015625 0.08125 0.05
3 0.06015625 0.15 0.109375 0.0578125
3 0.8109375 0.73828125 0.0921875 0.10546875
2 0.284375 0.39609375 0.08828125 0.109375
2 0.27890625 0.58828125 0.08828125 0.109375
3 0.58203125 0.15234375 0.12578125 0.06640625
3 0.178125 0.17421875 0.1328125 0.06640625
4 0.4640625 0.42265625 0.08828125 0.1203125
2 0.07421875 0.4296875 0.11484375 0.07890625
2 0.41953125 0.28671875 0.06015625 0.1140625
2 0.86015625 0.31953125 0.05859375 0.128125
3 0.796875 0.43515625 0.14296875 0.05625
3 0.88359375 0.61484375 0.0828125 0.1203125
2 0.5359375 0.89609375 0.1484375 0.1203125
2 0.046875 0.70703125 0.07421875 0.09296875
2 0.1765625 0.9015625 0.0671875 0.08515625
2 0.0953125 0.90234375 0.06015625 0.10546875
2 0.32421875 0.9203125 0.11484375 0.12421875
2 0.23125 0.9515625 0.08125 0.096875
2 0.16171875 0.24296875 0.09375 0.08046875
2 0.3265625 0.13125 0.0796875 0.07265625
2 0.39375 0.0953125 0.078125 0.0625
2 0.57578125 0.0890625 0.12890625 0.0515625
2 0.6828125 0.16328125 0.065625 0.10390625
2 0.76171875 0.12109375 0.096875 0.10546875
2 0.7609375 0.34375 0.11875 0.10546875
2 0.57578125 0.453125 0.06171875 0.09296875
3 0.33515625 0.64375 0.10078125 0.121875
2 0.40078125 0.53125 0.1109375 0.07890625
3 0.4734375 0.6984375 0.09375 0.121875
2 0.76484375 0.959375 0.09375 0.08046875
2 0.71171875 0.5984375 0.09375 0.10390625
2 0.61328125 0.60859375 0.0828125 0.0765625
2 0.5078125 0.559375 0.10078125 0.1203125
2 0.71875 0.73671875 0.10390625 0.121875
2 0.67734375 0.96484375 0.08828125 0.0703125
2 0.50703125 0.94296875 0.10234375 0.1015625
2 0.58828125 0.97109375 0.07578125 0.0578125
2 0.48046875 0.78359375 0.09921875 0.0890625
2 0.53671875 0.69453125 0.0828125 0.13046875
2 0.75078125 0.53828125 0.09921875 0.09140625
2 0.15546875 0.1046875 0.1078125 0.08515625
2 0.6234375 0.55703125 0.11328125 0.0703125