3 0.50234375 0.20078125 0.12890625 0.0625
3 0.33359375 0.5984375 0.08828125 0.1265625
3 0.33125 0.81484375 0.1625 0.09765625
3 0.93515625 0.6140625 0.12578125 0.0765625
3 0.95234375 0.940625 0.08515625 0.08671875
3 0.26328125 0.7171875 0.096875 0.06796875
0 0.75390625 0.82265625 0.09375 0.09140625
0 0.0953125 0.4578125 0.078125 0.121875
0 0.2453125 0.5671875 0.08125 0.14296875
0 0.72734375 0.93984375 0.06015625 0.1078125
0 0.7859375 0.0953125 0.11875 0.0515625
0 0.41484375 0.3609375 0.12734375 0.0828125
2 0.76171875 0.2328125 0.10234375 0.1078125
2 0.6375 0.3984375 0.11484375 0.0828125
1 0.6203125 0.29921875 0.10078125 0.10546875
1 0.62421875 0.1234375 0.10234375 0.10546875
1 0.94765625 0.30546875 0.09921875 0.09921875
2 0.9203125 0.10546875 0.08828125 0.08671875
1 0.24375 0.28125 0.09921875 0.128125
2 0.30390625 0.2015625 0.09921875 0.1203125
1 0.20859375 0.17578125 0.08671875 0.109375
2 0.12109375 0.1359375 0.10234375 0.09921875
1 0.44375 0.1234375 0.08671875 0.09296875
2 0.49765625 0.2890625 0.08515625 0.1015625
2 0.80625 0.2015625 0.096875 0.09140625
2 0.98203125 0.15859375 0.028125 0.09296875
2 0.95390625 0.42109375 0.07421875 0.115625
2 0.946875 0.465625 0.096875 0.10390625
2 0.803125 0.5453125 0.09375 0.09921875
2 0.759375 0.46171875 0.096875 0.06796875
2 0.70234375 0.5421875 0.08515625 0.121875
1 0.58984375 0.66171875 0.0828125 0.11171875
2 0.84609375 0.56484375 0.08671875 0.121875
2 0.79609375 0.7328125 0.07265625 0.10546875
1 0.70546875 0.665625 0.10234375 0.10546875
4 0.63984375 0.85078125 0.10234375 0.15546875
2 0.94453125 0.8 0.07265625 0.09140625
2 0.96328125 0.87578125 0.065625 0.09140625
2 0.865625 0.87578125 0.1078125 0.121875
1 0.80390625 0.93046875 0.1078125 0.1203125
1 0.46875 0.9109375 0.1109375 0.09921875
2 0.50546875 0.50078125 0.0796875 0.09921875
2 0.53671875 0.3890625 0.096875 0.07265625
2 0.315625 0.35390625 0.07421875 0.0953125
2 0.3515625 0.29921875 0.07421875 0.0828125
2 0.39375 0.471875 0.08515625 0.10390625
2 0.434375 0.4484375 0.07421875 0.08046875
2 0.10625 0.784375 0.121875 0.16328125
1 0.096875 0.6296875 0.08515625 0.09921875
2 0.16875 0.4328125 0.08671875 0.13046875
2 0.2640625 0.4328125 0.08125 0.0953125
2 0.49453125 0.61875 0.08984375 0.1015625
2 0.43984375 0.68046875 0.08984375 0.10546875
2 0.421875 0.796875 0.0953125 0.09296875
2 0.321875 0.66015625 0.0828125 0.05390625
2 0.3625 0.7390625 0.08515625 0.09921875
2 0.2546875 0.94296875 0.08125 0.10546875
2 0.15703125 0.92265625 0.0953125 0.09765625
2 0.10078125 0.95234375 0.10234375 0.09140625
2 0.41484375 0.98203125 0.08984375 0.03515625
2 0.1359375 0.7671875 0.17109375 0.16328125