3 0.6953125 0.8046875 0.16953125 0.09765625
3 0.23203125 0.3984375 0.1375 0.09296875
3 0.2515625 0.540625 0.1234375 0.0640625
3 0.2640625 0.5796875 0.134375 0.0703125
0 0.3265625 0.79921875 0.12734375 0.1140625
0 0.46796875 0.8875 0.07421875 0.09296875
0 0.52265625 0.7359375 0.1359375 0.07890625
0 0.5265625 0.55078125 0.1359375 0.07421875
3 0.70390625 0.17421875 0.078125 0.140625
2 0.6515625 0.3734375 0.08671875 0.07265625
4 0.728125 0.6984375 0.0953125 0.1265625
2 0.096875 0.853125 0.06875 0.08046875
2 0.4140625 0.51171875 0.07265625 0.0890625
1 0.35625 0.6125 0.09921875 0.09765625
2 0.29609375 0.678125 0.09921875 0.07421875
2 0.19375 0.67890625 0.05625 0.0953125
2 0.121875 0.60234375 0.03671875 0.115625
2 0.15390625 0.5328125 0.06328125 0.09296875
2 0.06875 0.40703125 0.11484375 0.10390625
2 0.14765625 0.33359375 0.065625 0.1078125
2 0.11640625 0.1953125 0.10625 0.1015625
2 0.06484375 0.24765625 0.1109375 0.08515625
2 0.08515625 0.14375 0.1203125 0.09921875
2 0.34296875 0.0546875 0.05859375 0.09765625
2 0.3828125 0.08203125 0.134375 0.0703125
2 0.35546875 0.1984375 0.0828125 0.09140625
2 0.4140625 0.32421875 0.07265625 0.1015625
2 0.39921875 0.2484375 0.08125 0.0890625
2 0.521875 0.26015625 0.12734375 0.05390625
2 0.55859375 0.24921875 0.08671875 0.09921875
2 0.6640625 0.24921875 0.0921875 0.09765625
1 0.765625 0.27109375 0.0921875 0.0890625
2 0.81875 0.38828125 0.08828125 0.1078125
2 0.8703125 0.50078125 0.0796875 0.09140625
2 0.87578125 0.146875 0.09921875 0.09765625
2 0.784375 0.11796875 0.1078125 0.06796875
3 0.7625 0.02578125 0.1484375 0.04765625
3 0.3296875 0.45625 0.078125 0.08671875
3 0.553125 0.6390625 0.1203125 0.10546875
2 0.75546875 0.8640625 0.11640625 0.06796875
2 0.0375 0.64453125 0.075 0.1203125
2 0.08203125 0.7828125 0.09921875 0.06796875
2 0.58984375 0.07265625 0.09375 0.0890625
2 0.91171875 0.3015625 0.08671875 0.11171875