3 0.8453125 0.1203125 0.13984375 0.07265625
3 0.06640625 0.93046875 0.0953125 0.11171875
2 0.03984375 0.95234375 0.07265625 0.09140625
0 0.04609375 0.3953125 0.0921875 0.0625
2 0.67421875 0.14921875 0.096875 0.11796875
2 0.48125 0.10234375 0.08984375 0.08046875
2 0.37890625 0.19453125 0.0953125 0.0953125
2 0.28203125 0.13046875 0.0953125 0.09140625
2 0.17109375 0.20703125 0.0828125 0.1015625
2 0.06796875 0.2796875 0.1109375 0.14921875
2 0.08359375 0.4453125 0.0828125 0.08515625
2 0.60078125 0.31328125 0.09921875 0.08515625
2 0.66953125 0.340625 0.07265625 0.10546875
2 0.75703125 0.26171875 0.10078125 0.09296875
2 0.8484375 0.22578125 0.08828125 0.0953125
2 0.9171875 0.4171875 0.0515625 0.09765625
2 0.7890625 0.51640625 0.096875 0.1328125
2 0.86015625 0.54765625 0.08671875 0.11796875
2 0.91015625 0.60625 0.06875 0.1328125
2 0.7953125 0.65859375 0.08125 0.0953125
2 0.66328125 0.48671875 0.07421875 0.1078125
2 0.58828125 0.4359375 0.10078125 0.09921875
2 0.39140625 0.31796875 0.109375 0.1265625
2 0.390625 0.44609375 0.08828125 0.1015625
2 0.1890625 0.46875 0.0796875 0.1078125
2 0.25390625 0.59453125 0.0953125 0.09921875
2 0.540625 0.59296875 0.0953125 0.10546875
2 0.7140625 0.73203125 0.08984375 0.109375
2 0.5546875 0.7515625 0.096875 0.1015625
2 0.31875 0.74609375 0.1109375 0.1203125
1 0.0515625 0.78125 0.09921875 0.115625
2 0.21796875 0.97578125 0.1078125 0.0484375
2 0.3203125 0.87890625 0.08828125 0.1015625
4 0.528125 0.9515625 0.096875 0.07890625
2 0.76796875 0.89921875 0.09921875 0.09140625
2 0.73828125 0.9515625 0.13046875 0.08671875
1 0.91640625 0.890625 0.0671875 0.09765625