3 0.803125 0.9625 0.16640625 0.07421875
0 0.76484375 0.3015625 0.121875 0.09765625
2 0.7296875 0.878125 0.0921875 0.1078125
2 0.8265625 0.90234375 0.08828125 0.1078125
2 0.98515625 0.92578125 0.028125 0.10546875
2 0.24140625 0.96484375 0.09375 0.0625
2 0.15 0.95234375 0.08828125 0.08515625
2 0.078125 0.92421875 0.053125 0.09140625
2 0.0734375 0.81796875 0.0390625 0.09765625
2 0.196875 0.696875 0.08515625 0.10546875
2 0.33515625 0.80546875 0.08984375 0.115625
2 0.41953125 0.65625 0.11640625 0.15078125
2 0.234375 0.57421875 0.09375 0.13046875
2 0.52890625 0.5828125 0.08515625 0.128125
2 0.62890625 0.5390625 0.096875 0.0953125
2 0.740625 0.49765625 0.08984375 0.11171875
2 0.83046875 0.61796875 0.11328125 0.121875
2 0.43203125 0.3765625 0.07265625 0.13046875
2 0.68203125 0.37890625 0.08671875 0.115625
2 0.96875 0.553125 0.06171875 0.1078125
2 0.925 0.4703125 0.08515625 0.10546875
2 0.975 0.44375 0.04765625 0.1015625
2 0.8828125 0.33125 0.096875 0.1390625
2 0.953125 0.178125 0.08515625 0.06640625
2 0.73125 0.11796875 0.0953125 0.0953125
2 0.46015625 0.1046875 0.096875 0.08046875
2 0.54609375 0.0828125 0.07265625 0.02890625
2 0.0875 0.13046875 0.06015625 0.115625
2 0.840625 0.09296875 0.08984375 0.05625
2 0.9203125 0.09453125 0.0796875 0.04765625