3 0.434375 0.503125 0.16640625 0.115625
3 0.11875 0.5921875 0.12734375 0.07421875
3 0.96171875 0.8578125 0.0703125 0.0765625
3 0.3609375 0.58046875 0.15703125 0.0640625
0 0.8296875 0.22265625 0.05859375 0.18046875
3 0.16171875 0.24609375 0.1328125 0.07890625
3 0.2609375 0.32890625 0.08828125 0.10390625
0 0.55859375 0.6234375 0.0703125 0.13671875
0 0.58359375 0.7734375 0.10234375 0.05390625
0 0.725 0.228125 0.053125 0.13046875
1 0.76875 0.90546875 0.09375 0.09296875
1 0.8578125 0.865625 0.0921875 0.09296875
1 0.26640625 0.80859375 0.096875 0.1140625
1 0.15078125 0.14765625 0.08515625 0.1140625
3 0.84453125 0.38125 0.11484375 0.07421875
3 0.81171875 0.16796875 0.15703125 0.0828125
2 0.7359375 0.671875 0.06875 0.09296875
2 0.8171875 0.48515625 0.11875 0.1078125
1 0.71171875 0.503125 0.08671875 0.08046875
2 0.47109375 0.8859375 0.08515625 0.09921875
2 0.5734375 0.86328125 0.109375 0.109375
1 0.2453125 0.96875 0.09921875 0.0625
2 0.8671875 0.97421875 0.08828125 0.0453125
4 0.9578125 0.74765625 0.08125 0.1203125
2 0.9859375 0.6265625 0.025 0.11171875
1 0.9484375 0.49140625 0.07421875 0.10546875
2 0.93984375 0.296875 0.05625 0.140625
2 0.934375 0.3734375 0.109375 0.11171875
2 0.64453125 0.2390625 0.09375 0.09140625
2 0.61015625 0.4234375 0.11640625 0.13671875
2 0.42578125 0.68125 0.065625 0.1078125
3 0.6 0.56640625 0.10234375 0.09765625
0 0.296875 0.39921875 0.08671875 0.10390625
2 0.471875 0.26640625 0.06328125 0.1328125
0 0.0984375 0.78359375 0.08984375 0.128125
2 0.1578125 0.9265625 0.1359375 0.0640625
2 0.146875 0.353125 0.11328125 0.1015625
3 0.09296875 0.47109375 0.08125 0.08671875
2 0.3375 0.26015625 0.0546875 0.1140625
2 0.5078125 0.35 0.09375 0.10546875
2 0.575 0.1984375 0.10234375 0.06640625
2 0.953125 0.15234375 0.08984375 0.12421875
2 0.26328125 0.0859375 0.10078125 0.03515625
2 0.74296875 0.08515625 0.08828125 0.0328125
2 0.51484375 0.10078125 0.10234375 0.0765625
2 0.396875 0.31171875 0.07578125 0.11171875
2 0.384375 0.4203125 0.09921875 0.128125
2 0.49140625 0.64375 0.08515625 0.10390625
2 0.18359375 0.66171875 0.08984375 0.1203125
2 0.16953125 0.7859375 0.06328125 0.09921875
2 0.25390625 0.24296875 0.0828125 0.06796875
2 0.4546875 0.2046875 0.08671875 0.0890625