3 0.48359375 0.75234375 0.13984375 0.0953125
3 0.37890625 0.340625 0.08828125 0.134375
3 0.54453125 0.15078125 0.06171875 0.16953125
3 0.68125 0.47734375 0.0546875 0.15546875
3 0.66484375 0.65 0.1609375 0.07890625
3 0.1546875 0.53125 0.1234375 0.1015625
3 0.48515625 0.56640625 0.0796875 0.1328125
2 0.35234375 0.25078125 0.12578125 0.08515625
2 0.55703125 0.678125 0.06171875 0.14921875
2 0.76953125 0.1875 0.1109375 0.11796875
2 0.8234375 0.490625 0.10234375 0.109375
2 0.4953125 0.40078125 0.1078125 0.140625
1 0.15390625 0.82734375 0.08984375 0.10390625
2 0.66171875 0.58046875 0.10234375 0.115625
2 0.8875 0.225 0.065625 0.0890625
2 0.84921875 0.32109375 0.08125 0.09921875
2 0.30625 0.10078125 0.06328125 0.07265625
2 0.23515625 0.115625 0.0703125 0.1078125
2 0.16875 0.0953125 0.10625 0.05390625
2 0.078125 0.159375 0.09921875 0.08671875
2 0.12421875 0.21640625 0.1078125 0.09765625
2 0.7625 0.61484375 0.07421875 0.0890625
2 0.440625 0.4875 0.11875 0.146875
2 0.25859375 0.353125 0.0921875 0.09921875
2 0.08828125 0.41953125 0.09375 0.07265625
2 0.10390625 0.346875 0.11875 0.0640625
2 0.08046875 0.59765625 0.11484375 0.1328125
2 0.2234375 0.44609375 0.0671875 0.121875
2 0.09375 0.51015625 0.06328125 0.08671875
2 0.615625 0.78125 0.1109375 0.1140625
2 0.4859375 0.66171875 0.09921875 0.1078125
2 0.771875 0.784375 0.05625 0.13046875
2 0.83984375 0.84609375 0.08984375 0.1140625
2 0.88125 0.89921875 0.0828125 0.1078125
2 0.6375 0.88515625 0.065625 0.07421875
2 0.6890625 0.93203125 0.121875 0.0890625
2 0.79296875 0.9671875 0.07578125 0.0625
2 0.56640625 0.9625 0.10625 0.0625
2 0.27734375 0.959375 0.07421875 0.07265625
2 0.03515625 0.4765625 0.06015625 0.0890625
2 0.16875 0.3921875 0.0921875 0.109375