3 0.74140625 0.33515625 0.11875 0.1203125
3 0.50078125 0.34921875 0.08515625 0.1265625
0 0.40078125 0.11796875 0.09921875 0.10390625
0 0.24375 0.17421875 0.10390625 0.10546875
0 0.5609375 0.36015625 0.11484375 0.08515625
3 0.8671875 0.4265625 0.12578125 0.09921875
2 0.275 0.846875 0.11328125 0.1203125
1 0.20546875 0.92890625 0.0921875 0.1078125
1 0.02734375 0.878125 0.0546875 0.1203125
2 0.071875 0.7328125 0.07578125 0.0890625
2 0.1484375 0.68515625 0.09375 0.1140625
1 0.29296875 0.62421875 0.0828125 0.1078125
2 0.22890625 0.55390625 0.0921875 0.09921875
2 0.02265625 0.4984375 0.0453125 0.109375
2 0.1234375 0.36328125 0.08671875 0.0890625
2 0.065625 0.30546875 0.08984375 0.09140625
2 0.0390625 0.1953125 0.06171875 0.1015625
2 0.1421875 0.1265625 0.065625 0.1078125
2 0.06640625 0.121875 0.096875 0.08046875
2 0.31953125 0.33203125 0.11328125 0.0703125
2 0.26484375 0.3765625 0.0703125 0.0578125
2 0.31484375 0.2640625 0.08515625 0.0625
4 0.42734375 0.30625 0.06875 0.12421875
2 0.5484375 0.51953125 0.0828125 0.10546875
2 0.49296875 0.66796875 0.08828125 0.1140625
1 0.56015625 0.8125 0.0796875 0.08671875
1 0.590625 0.7109375 0.0921875 0.09765625
1 0.6609375 0.8828125 0.08125 0.08671875
2 0.7796875 0.9390625 0.08984375 0.0765625
2 0.87890625 0.8984375 0.1109375 0.0828125
2 0.73046875 0.796875 0.08125 0.0890625
2 0.790625 0.84296875 0.07265625 0.0953125
2 0.90625 0.7890625 0.07578125 0.0578125
2 0.9234375 0.67578125 0.04609375 0.08671875
2 0.74453125 0.68203125 0.06328125 0.1078125
2 0.8890625 0.5828125 0.08671875 0.115625
2 0.6953125 0.6390625 0.09375 0.0890625
2 0.6953125 0.50859375 0.0703125 0.1203125
2 0.9 0.2953125 0.07421875 0.09765625
2 0.81640625 0.13125 0.10625 0.08515625
2 0.74375 0.1921875 0.1109375 0.08515625
2 0.66796875 0.12109375 0.0953125 0.08671875
2 0.50859375 0.4375 0.0921875 0.0625
2 0.83125 0.2109375 0.109375 0.0890625