3 0.853125 0.36328125 0.1875 0.07421875
3 0.40625 0.36640625 0.1359375 0.08671875
3 0.4203125 0.65078125 0.07265625 0.178125
3 0.69453125 0.7453125 0.134375 0.06796875
0 0.29609375 0.5546875 0.134375 0.0703125
0 0.44140625 0.87265625 0.09375 0.10546875
2 0.8203125 0.60625 0.10234375 0.09921875
2 0.8703125 0.67265625 0.08671875 0.0953125
2 0.9265625 0.73046875 0.040625 0.0890625
1 0.9171875 0.85703125 0.06015625 0.1140625
1 0.909375 0.5859375 0.065625 0.09296875
3 0.86640625 0.46171875 0.0796875 0.08515625
2 0.9234375 0.47734375 0.04609375 0.08671875
2 0.92734375 0.40703125 0.028125 0.0765625
2 0.928125 0.284375 0.03671875 0.07421875
2 0.76328125 0.3046875 0.07421875 0.09765625
2 0.79296875 0.471875 0.096875 0.121875
1 0.884375 0.7515625 0.078125 0.1328125
2 0.74453125 0.67265625 0.10234375 0.07265625
2 0.653125 0.653125 0.11484375 0.08671875
2 0.6890625 0.621875 0.08515625 0.08046875
2 0.66484375 0.5953125 0.0671875 0.11171875
2 0.696875 0.465625 0.0671875 0.08046875
2 0.69296875 0.51640625 0.12890625 0.134375
2 0.59453125 0.5578125 0.06875 0.115625
2 0.66953125 0.7828125 0.1484375 0.06796875
2 0.640625 0.803125 0.078125 0.0640625
2 0.65078125 0.8828125 0.10390625 0.08671875
1 0.44296875 0.775 0.08828125 0.09765625
1 0.546875 0.7484375 0.08984375 0.0828125
2 0.55546875 0.66953125 0.08125 0.07421875
2 0.5359375 0.92265625 0.08125 0.02890625
2 0.49375 0.8890625 0.08515625 0.1078125
2 0.353125 0.91015625 0.14296875 0.05390625
2 0.228125 0.91171875 0.078125 0.04765625
1 0.09921875 0.8953125 0.08515625 0.08046875
2 0.0296875 0.88828125 0.04921875 0.0890625
2 0.16015625 0.75078125 0.096875 0.1015625
2 0.03203125 0.5390625 0.053125 0.09296875
2 0.0671875 0.5546875 0.0921875 0.10546875
2 0.0953125 0.6203125 0.0515625 0.05
2 0.37265625 0.646875 0.08125 0.12421875
2 0.46171875 0.50078125 0.10625 0.08671875
2 0.36015625 0.465625 0.0828125 0.09140625
2 0.22109375 0.45234375 0.11484375 0.165625
2 0.31640625 0.3875 0.08125 0.09296875
2 0.25234375 0.33203125 0.078125 0.07421875
2 0.2515625 0.26640625 0.09375 0.10546875
2 0.02578125 0.4078125 0.0515625 0.0890625
2 0.021875 0.30546875 0.040625 0.0953125
2 0.0515625 0.35390625 0.0703125 0.0515625
2 0.06328125 0.4203125 0.07578125 0.07890625
2 0.1375 0.378125 0.10234375 0.09140625
2 0.1171875 0.25078125 0.0921875 0.0765625
2 0.51953125 0.39609375 0.08828125 0.1140625
1 0.58125 0.33984375 0.0796875 0.10546875
1 0.67109375 0.33125 0.0796875 0.10390625
1 0.6578125 0.16171875 0.08671875 0.11171875
1 0.715625 0.0625 0.0921875 0.10546875
1 0.5546875 0.18671875 0.096875 0.11171875
1 0.63984375 0.0421875 0.078125 0.0765625
2 0.5546875 0.02578125 0.0828125 0.0515625
2 0.50234375 0.03828125 0.0921875 0.0765625
2 0.41640625 0.28125 0.0921875 0.0828125
2 0.384375 0.1921875 0.0921875 0.10390625
1 0.296875 0.15703125 0.09375 0.0953125
1 0.2140625 0.08671875 0.0953125 0.1390625
1 0.1328125 0.04140625 0.0921875 0.0828125
2 0.03515625 0.0546875 0.0671875 0.06640625