0 0.28828125 0.8671875 0.12734375 0.0890625
0 0.9046875 0.7984375 0.11328125 0.115625
3 0.30546875 0.60390625 0.12578125 0.06640625
3 0.32890625 0.61796875 0.1359375 0.09140625
0 0.1234375 0.10859375 0.12734375 0.08515625
0 0.53359375 0.33984375 0.109375 0.10546875
0 0.48828125 0.653125 0.096875 0.115625
3 0.7625 0.7953125 0.09921875 0.10546875
2 0.4015625 0.17421875 0.109375 0.11796875
2 0.6125 0.57421875 0.08515625 0.1015625
2 0.7703125 0.15703125 0.09375 0.15078125
2 0.85703125 0.2921875 0.10625 0.0953125
1 0.93671875 0.36875 0.08671875 0.1078125
2 0.94140625 0.20703125 0.0828125 0.09765625
2 0.72734375 0.3625 0.07421875 0.0953125
2 0.79921875 0.353125 0.08125 0.11171875
2 0.68359375 0.43671875 0.0828125 0.13046875
2 0.5984375 0.39140625 0.096875 0.14296875
0 0.45390625 0.40546875 0.05859375 0.15546875
2 0.29296875 0.25234375 0.1328125 0.146875
2 0.1328125 0.40078125 0.07421875 0.1140625
2 0.26640625 0.346875 0.07578125 0.09140625
2 0.2984375 0.40078125 0.096875 0.09765625
2 0.346875 0.4203125 0.0953125 0.09296875
2 0.25703125 0.46796875 0.0953125 0.08515625
2 0.21328125 0.5265625 0.0953125 0.0828125
2 0.13046875 0.5703125 0.08515625 0.08671875
2 0.0875 0.49140625 0.07421875 0.0703125
2 0.06953125 0.378125 0.040625 0.0953125
2 0.209375 0.6046875 0.1078125 0.115625
2 0.09296875 0.71875 0.08828125 0.09765625
2 0.08046875 0.63984375 0.04765625 0.0953125
2 0.12890625 0.825 0.08828125 0.08671875
1 0.184375 0.90703125 0.08984375 0.08515625
2 0.15625 0.97734375 0.0796875 0.0375
2 0.39296875 0.91640625 0.08671875 0.1015625
2 0.39375 0.85390625 0.08828125 0.06015625
2 0.42421875 0.778125 0.08125 0.0953125
2 0.365625 0.75390625 0.10234375 0.0828125
2 0.403125 0.66328125 0.11484375 0.11171875
2 0.36875 0.56484375 0.07578125 0.08515625
2 0.41171875 0.56484375 0.096875 0.08046875
2 0.41953125 0.48671875 0.0703125 0.06640625
2 0.60078125 0.6390625 0.10390625 0.1140625
1 0.7 0.6984375 0.08984375 0.09140625
2 0.66171875 0.7421875 0.09375 0.09296875
2 0.8578125 0.5234375 0.0953125 0.09765625
2 0.83203125 0.65 0.0953125 0.1015625
2 0.92109375 0.67265625 0.08671875 0.10390625
2 0.98359375 0.5734375 0.0265625 0.05625
2 0.4515625 0.09453125 0.10078125 0.05390625
2 0.39453125 0.08046875 0.08671875 0.025
2 0.83984375 0.09921875 0.0796875 0.07421875
2 0.97265625 0.78359375 0.04453125 0.10546875
2 0.9671875 0.6984375 0.0546875 0.07890625
2 0.76484375 0.8875 0.08984375 0.07421875
2 0.7 0.9515625 0.109375 0.0890625
2 0.8625 0.96484375 0.08515625 0.0703125
2 0.9140625 0.9203125 0.14140625 0.12421875
2 0.859375 0.8609375 0.0921875 0.08671875
2 0.18359375 0.10078125 0.08125 0.06796875