3 0.7765625 0.36875 0.146875 0.115625
3 0.83828125 0.32109375 0.16640625 0.0640625
3 0.8046875 0.65546875 0.1203125 0.08671875
3 0.93203125 0.81171875 0.04609375 0.165625
3 0.42734375 0.74609375 0.14453125 0.07421875
3 0.53203125 0.56796875 0.10625 0.1328125
3 0.3390625 0.215625 0.16796875 0.09921875
3 0.609375 0.09609375 0.11484375 0.10390625
3 0.63125 0.17109375 0.1328125 0.0515625
3 0.61640625 0.21640625 0.14296875 0.0625
3 0.24296875 0.3015625 0.146875 0.1078125
2 0.09609375 0.6359375 0.1203125 0.1203125
2 0.278125 0.4546875 0.07578125 0.11171875
2 0.19609375 0.7421875 0.08125 0.10546875
2 0.7578125 0.834375 0.09375 0.1203125
2 0.08046875 0.34140625 0.1234375 0.140625
2 0.29453125 0.0578125 0.08125 0.10390625
2 0.33125 0.678125 0.07421875 0.12421875
2 0.50625 0.86328125 0.0921875 0.10546875
2 0.57578125 0.8890625 0.08125 0.08046875
2 0.67109375 0.859375 0.096875 0.12421875
2 0.8265625 0.7671875 0.11640625 0.1015625
2 0.865625 0.82109375 0.08828125 0.09140625
2 0.675 0.65859375 0.07421875 0.1203125
2 0.5765625 0.48828125 0.11640625 0.09296875
2 0.18671875 0.509375 0.096875 0.11796875
2 0.26875 0.646875 0.09375 0.11796875
2 0.2796875 0.83671875 0.10078125 0.07265625
2 0.35234375 0.86953125 0.11484375 0.0828125
2 0.1703125 0.8921875 0.0921875 0.08671875
2 0.0359375 0.9046875 0.065625 0.0578125
2 0.034375 0.50546875 0.0546875 0.09140625
4 0.66640625 0.31796875 0.0921875 0.1203125
2 0.5515625 0.2890625 0.1078125 0.109375
2 0.43359375 0.3671875 0.10078125 0.0890625
1 0.39140625 0.32109375 0.10078125 0.09921875
2 0.2 0.1921875 0.13984375 0.0640625
2 0.15390625 0.27421875 0.096875 0.09921875
2 0.05 0.24921875 0.09375 0.1078125
2 0.0625 0.13671875 0.07421875 0.128125
2 0.12734375 0.0328125 0.12890625 0.0515625
2 0.44765625 0.1359375 0.1109375 0.09140625
2 0.51953125 0.07265625 0.07421875 0.11796875
2 0.41796875 0.6015625 0.0921875 0.08671875
2 0.48203125 0.69140625 0.1109375 0.07890625
2 0.9171875 0.36875 0.0703125 0.1265625
2 0.8765625 0.04765625 0.1234375 0.09140625
2 0.75625 0.03125 0.10234375 0.0578125
2 0.69765625 0.06015625 0.06875 0.08515625
2 0.19296875 0.4109375 0.07421875 0.0953125
2 0.24296875 0.9109375 0.096875 0.05625
2 0.88984375 0.8984375 0.10390625 0.0703125
2 0.4453125 0.04765625 0.0703125 0.0765625