0 0.04921875 0.67578125 0.0984375 0.0765625
0 0.01953125 0.83203125 0.03359375 0.08515625
0 0.9296875 0.71875 0.0296875 0.140625
2 0.7390625 0.13125 0.22578125 0.2421875
2 0.53125 0.1078125 0.08828125 0.1140625
2 0.49296875 0.28359375 0.10390625 0.07421875
2 0.63515625 0.3671875 0.096875 0.109375
2 0.89375 0.43203125 0.10078125 0.159375
2 0.8234375 0.49609375 0.0921875 0.11171875
2 0.9125 0.5546875 0.0796875 0.08515625
2 0.9203125 0.61171875 0.06328125 0.08046875
2 0.759375 0.70078125 0.09921875 0.121875
2 0.7015625 0.5921875 0.07265625 0.1203125
2 0.2046875 0.09140625 0.09921875 0.13046875
2 0.1140625 0.03828125 0.10390625 0.0765625
2 0.08515625 0.1109375 0.065625 0.08515625
2 0.01640625 0.08984375 0.03203125 0.09296875
2 0.02578125 0.1953125 0.04921875 0.10546875
2 0.1640625 0.21875 0.11328125 0.10390625
2 0.1390625 0.33125 0.11875 0.1203125
2 0.32578125 0.36875 0.096875 0.1078125
2 0.32421875 0.540625 0.08515625 0.13671875
1 0.40546875 0.6109375 0.078125 0.09296875
2 0.51875 0.540625 0.09375 0.1140625
2 0.55859375 0.65 0.109375 0.10546875
2 0.5421875 0.72578125 0.1359375 0.07421875
2 0.5046875 0.828125 0.11875 0.1328125
2 0.396875 0.878125 0.08984375 0.115625
2 0.303125 0.83515625 0.08671875 0.121875
2 0.1578125 0.646875 0.08125 0.10390625
2 0.090625 0.8109375 0.09375 0.109375
2 0.01171875 0.5859375 0.02265625 0.0953125