3 0.81640625 0.5390625 0.10625 0.140625
3 0.98046875 0.85703125 0.0390625 0.128125
3 0.40625 0.81875 0.12734375 0.15703125
2 0.7921875 0.5546875 0.0515625 0.1203125
1 0.5859375 0.05625 0.08515625 0.09140625
2 0.2609375 0.68125 0.0953125 0.09140625
1 0.8578125 0.04375 0.0921875 0.08671875
2 0.8625 0.8109375 0.0953125 0.1140625
1 0.6234375 0.7484375 0.07421875 0.109375
2 0.51171875 0.78125 0.0796875 0.109375
2 0.6625 0.88515625 0.11875 0.08671875
2 0.45234375 0.89921875 0.08828125 0.06796875
2 0.3890625 0.65390625 0.08984375 0.1140625
2 0.2484375 0.0796875 0.0796875 0.1328125
2 0.34921875 0.09453125 0.0953125 0.09296875
2 0.12734375 0.04375 0.0921875 0.08515625
2 0.07421875 0.08515625 0.0390625 0.11171875
2 0.08046875 0.2078125 0.04921875 0.09921875
2 0.50390625 0.08203125 0.06328125 0.09296875
2 0.590625 0.16953125 0.10234375 0.109375
2 0.8671875 0.18125 0.07265625 0.09765625
4 0.94140625 0.10546875 0.0828125 0.10546875
2 0.8703125 0.2859375 0.10625 0.0953125
1 0.7609375 0.3046875 0.0953125 0.109375
2 0.83046875 0.36640625 0.08671875 0.115625
2 0.6734375 0.40859375 0.1234375 0.11171875
2 0.66953125 0.34921875 0.06015625 0.08671875
2 0.5984375 0.24921875 0.10234375 0.0765625
2 0.59296875 0.34140625 0.08125 0.1015625
2 0.60859375 0.465625 0.08984375 0.115625
2 0.7109375 0.6203125 0.0953125 0.09140625
2 0.3765625 0.33125 0.10625 0.115625
1 0.43359375 0.18125 0.08828125 0.1078125
2 0.25859375 0.22578125 0.0921875 0.11171875
2 0.175 0.146875 0.096875 0.08515625
2 0.1546875 0.20390625 0.08515625 0.1203125
0 0.11640625 0.42109375 0.06015625 0.1390625
2 0.96171875 0.20390625 0.0671875 0.1078125
2 0.48671875 0.2453125 0.096875 0.10390625
2 0.86328125 0.6453125 0.0796875 0.08671875
2 0.4453125 0.46796875 0.06328125 0.06796875
2 0.2703125 0.33671875 0.10078125 0.10390625
2 0.2 0.49765625 0.10234375 0.1203125
1 0.08125 0.553125 0.05625 0.1140625
4 0.08046875 0.7203125 0.05625 0.10546875
2 0.1375 0.80234375 0.078125 0.09296875
2 0.20234375 0.89375 0.10234375 0.0765625
2 0.0953125 0.8859375 0.08125 0.0953125
2 0.3453125 0.5640625 0.08671875 0.07421875
2 0.346875 0.43984375 0.1078125 0.10390625
2 0.46484375 0.33828125 0.07578125 0.1265625
2 0.34453125 0.26484375 0.08125 0.1078125
2 0.728125 0.49140625 0.11875 0.153125
2 0.9203125 0.42890625 0.09921875 0.115625
2 0.97421875 0.66328125 0.0515625 0.10390625