3 0.71875 0.46484375 0.1640625 0.08515625
3 0.93203125 0.77421875 0.11875 0.06015625
3 0.97890625 0.81953125 0.0421875 0.0625
3 0.671875 0.8875 0.04453125 0.09921875
0 0.10625 0.7125 0.10078125 0.0828125
0 0.6421875 0.26796875 0.134375 0.121875
2 0.55390625 0.57109375 0.1109375 0.128125
2 0.484375 0.76953125 0.0953125 0.09765625
2 0.4203125 0.84453125 0.10234375 0.146875
2 0.47578125 0.91171875 0.08828125 0.04765625
2 0.25859375 0.89609375 0.0921875 0.0828125
2 0.3265625 0.7796875 0.1078125 0.1203125
2 0.37109375 0.67578125 0.0671875 0.1265625
2 0.559375 0.79375 0.08515625 0.10390625
2 0.59609375 0.8890625 0.09921875 0.09921875
2 0.65 0.803125 0.0796875 0.09921875
2 0.721875 0.8890625 0.08671875 0.11171875
2 0.8265625 0.84296875 0.08515625 0.11171875
2 0.9734375 0.8828125 0.0515625 0.0703125
2 0.9015625 0.90234375 0.08828125 0.06796875
2 0.93828125 0.68671875 0.0921875 0.0953125
2 0.66171875 0.7015625 0.10390625 0.08515625
2 0.8453125 0.50078125 0.08671875 0.1140625
2 0.95859375 0.371875 0.08125 0.109375
2 0.84375 0.21953125 0.08671875 0.1140625
2 0.71171875 0.3828125 0.11328125 0.06796875
2 0.73515625 0.2984375 0.08828125 0.08515625
2 0.74765625 0.2109375 0.096875 0.09296875
2 0.790625 0.05390625 0.09375 0.10390625
2 0.46328125 0.10859375 0.10078125 0.11171875
2 0.39921875 0.17890625 0.078125 0.1078125
2 0.328125 0.121875 0.09375 0.1265625
2 0.24921875 0.0421875 0.109375 0.08046875
2 0.18828125 0.19765625 0.06875 0.09296875
2 0.23046875 0.6234375 0.08515625 0.11171875
2 0.14140625 0.57421875 0.09375 0.115625
2 0.31328125 0.484375 0.06171875 0.1265625
2 0.43671875 0.51640625 0.10078125 0.07890625
2 0.50703125 0.4546875 0.096875 0.09296875
2 0.55234375 0.371875 0.08984375 0.09765625
2 0.3734375 0.44375 0.08828125 0.1140625
2 0.32578125 0.34453125 0.109375 0.11796875
4 0.0875 0.33515625 0.06015625 0.11171875
2 0.0671875 0.49921875 0.0265625 0.08671875
2 0.0734375 0.625 0.0390625 0.0953125
2 0.984375 0.16328125 0.02265625 0.09140625
2 0.98125 0.2796875 0.03515625 0.0625