2 0.9046875 0.628125 0.09921875 0.121875
2 0.8265625 0.50703125 0.11328125 0.13046875
2 0.240625 0.1984375 0.10078125 0.134375
2 0.1421875 0.715625 0.0953125 0.121875
2 0.08828125 0.34296875 0.07578125 0.1265625
2 0.3484375 0.59140625 0.10625 0.09140625
0 0.46640625 0.2828125 0.1359375 0.06015625
3 0.68984375 0.2484375 0.08984375 0.11796875
3 0.08046875 0.66328125 0.04921875 0.08671875
3 0.1765625 0.95 0.13984375 0.09921875
0 0.71015625 0.953125 0.06015625 0.09296875
2 0.56640625 0.66015625 0.07578125 0.09296875
1 0.48125 0.61796875 0.09375 0.1203125
2 0.36484375 0.82265625 0.1203125 0.14296875
2 0.24296875 0.4296875 0.0828125 0.0890625
2 0.46328125 0.45 0.0796875 0.08515625
2 0.7 0.7859375 0.08984375 0.08671875
2 0.82890625 0.90390625 0.10234375 0.16953125
2 0.7296875 0.8734375 0.109375 0.134375
2 0.66796875 0.8640625 0.078125 0.08515625
2 0.5734375 0.86328125 0.096875 0.15546875
2 0.49140625 0.946875 0.10234375 0.10546875
2 0.6546875 0.97421875 0.07265625 0.0515625
2 0.56640625 0.95625 0.08125 0.07421875
2 0.1484375 0.83046875 0.15390625 0.10546875
2 0.09375 0.90703125 0.07578125 0.1078125
2 0.2765625 0.76640625 0.11640625 0.16328125
2 0.3734375 0.50234375 0.11640625 0.09296875
2 0.33203125 0.40703125 0.0953125 0.13046875
2 0.4140625 0.378125 0.08125 0.09140625
2 0.965625 0.29609375 0.0515625 0.10390625
2 0.9796875 0.5765625 0.03671875 0.0890625
2 0.8421875 0.09140625 0.08671875 0.05
2 0.5921875 0.08984375 0.07578125 0.04375
2 0.509375 0.11484375 0.0796875 0.0828125
2 0.425 0.14296875 0.07421875 0.07890625
2 0.5546875 0.19765625 0.0703125 0.08671875
2 0.2515625 0.0953125 0.10625 0.0515625
2 0.44765625 0.20625 0.11484375 0.10390625