3 0.74765625 0.75703125 0.175 0.0640625
3 0.90625 0.33515625 0.09375 0.15703125
3 0.18046875 0.475 0.13046875 0.134375
3 0.603125 0.2265625 0.10625 0.1328125
3 0.08125 0.38515625 0.05625 0.10546875
3 0.23046875 0.13125 0.1078125 0.1203125
3 0.49921875 0.971875 0.065625 0.0453125
3 0.909375 0.1109375 0.121875 0.08671875
3 0.775 0.1125 0.1234375 0.0828125
2 0.721875 0.35703125 0.10234375 0.1140625
3 0.896875 0.7640625 0.13984375 0.0703125
2 0.23515625 0.77421875 0.096875 0.121875
1 0.7953125 0.4421875 0.096875 0.08671875
2 0.3671875 0.2 0.06171875 0.0765625
2 0.740625 0.9296875 0.0671875 0.1328125
1 0.46328125 0.7359375 0.09921875 0.11796875
2 0.36875 0.7609375 0.10234375 0.121875
2 0.24375 0.353125 0.11484375 0.1265625
3 0.20859375 0.18125 0.09375 0.10546875
2 0.24140625 0.24765625 0.08828125 0.121875
2 0.4125 0.140625 0.10390625 0.09765625
2 0.6609375 0.42890625 0.1109375 0.115625
2 0.7640625 0.5703125 0.10390625 0.1328125
2 0.83359375 0.6453125 0.08828125 0.109375
2 0.91953125 0.67734375 0.08828125 0.09921875
2 0.8765625 0.8625 0.08984375 0.09921875
2 0.9296875 0.940625 0.11484375 0.09765625
2 0.51796875 0.11484375 0.1078125 0.09296875
2 0.43125 0.24765625 0.065625 0.11171875
2 0.51328125 0.2953125 0.08671875 0.0890625
2 0.31796875 0.10390625 0.07578125 0.07421875
2 0.4984375 0.18046875 0.10078125 0.11796875
2 0.68125 0.96171875 0.065625 0.0640625