3 0.490625 0.2859375 0.1328125 0.07265625
3 0.26953125 0.4609375 0.078125 0.153125
3 0.85859375 0.42109375 0.13984375 0.06015625
3 0.7796875 0.6125 0.15703125 0.0578125
3 0.828125 0.6890625 0.1515625 0.06640625
3 0.740625 0.79609375 0.1234375 0.07265625
3 0.7359375 0.83515625 0.14453125 0.0953125
0 0.896875 0.86953125 0.09375 0.1203125
0 0.2640625 0.21875 0.06171875 0.13671875
0 0.4375 0.696875 0.1078125 0.08671875
0 0.4 0.64609375 0.14296875 0.0515625
2 0.1171875 0.69140625 0.10234375 0.12421875
2 0.340625 0.80234375 0.10390625 0.1140625
2 0.11015625 0.203125 0.10390625 0.140625
2 0.065625 0.053125 0.10625 0.10546875
2 0.25390625 0.05078125 0.08984375 0.0828125
0 0.56171875 0.65 0.040625 0.1203125
0 0.7515625 0.06015625 0.1234375 0.0765625
3 0.8875 0.13359375 0.07265625 0.15546875
3 0.921875 0.2125 0.04765625 0.134375
3 0.690625 0.19453125 0.134375 0.06796875
2 0.71328125 0.1140625 0.109375 0.08671875
2 0.43203125 0.07109375 0.07578125 0.134375
2 0.3453125 0.0828125 0.08671875 0.134375
2 0.03125 0.1984375 0.04765625 0.14296875
2 0.37265625 0.42109375 0.078125 0.17421875
2 0.49140625 0.4078125 0.1484375 0.128125
2 0.596875 0.43984375 0.08828125 0.11171875
2 0.6828125 0.42109375 0.0953125 0.13046875
2 0.65078125 0.51796875 0.09921875 0.11796875
2 0.69140625 0.59609375 0.07421875 0.10390625
2 0.7984375 0.4671875 0.08984375 0.0703125
2 0.8109375 0.53125 0.0953125 0.07421875
2 0.88984375 0.58203125 0.096875 0.11796875
2 0.91640625 0.47890625 0.05859375 0.0953125
2 0.8484375 0.2671875 0.0796875 0.1078125
2 0.77421875 0.1875 0.09921875 0.13671875
2 0.24296875 0.56328125 0.08828125 0.1078125
2 0.203125 0.7796875 0.10078125 0.1140625
1 0.26875 0.64765625 0.0796875 0.0828125
2 0.4953125 0.5859375 0.08828125 0.12421875
2 0.49140625 0.7203125 0.0953125 0.109375
2 0.55625 0.87890625 0.11328125 0.09296875
2 0.11484375 0.81875 0.109375 0.07265625
2 0.11875 0.89453125 0.08671875 0.0703125
2 0.66015625 0.90078125 0.10234375 0.0515625
2 0.04921875 0.8921875 0.07421875 0.07890625
2 0.73203125 0.728125 0.07265625 0.09921875
2 0.85625 0.7609375 0.10390625 0.0953125