3 0.6515625 0.82734375 0.0828125 0.15078125
3 0.56015625 0.665625 0.146875 0.109375
3 0.02578125 0.20078125 0.04453125 0.0515625
3 0.06640625 0.11484375 0.12578125 0.0828125
0 0.52265625 0.40078125 0.13046875 0.109375
0 0.909375 0.52578125 0.08125 0.07265625
3 0.92578125 0.2765625 0.0546875 0.0515625
2 0.08203125 0.24609375 0.09921875 0.1140625
2 0.10390625 0.353125 0.1078125 0.1140625
2 0.053125 0.58828125 0.09375 0.1203125
2 0.01953125 0.83828125 0.03203125 0.0953125
2 0.2828125 0.67578125 0.0953125 0.11796875
2 0.19453125 0.51875 0.07421875 0.1078125
2 0.315625 0.490625 0.11328125 0.12421875
2 0.11015625 0.48828125 0.10234375 0.10546875
2 0.3578125 0.621875 0.08125 0.08671875
2 0.5296875 0.7875 0.10078125 0.1078125
1 0.4796875 0.9546875 0.08125 0.090625
2 0.56328125 0.98359375 0.10078125 0.02890625
2 0.67109375 0.95859375 0.10234375 0.07421875
2 0.77109375 0.92890625 0.121875 0.09921875
2 0.80859375 0.82578125 0.096875 0.109375
4 0.8890625 0.74140625 0.096875 0.09921875
2 0.93359375 0.65703125 0.028125 0.11171875
2 0.865625 0.6171875 0.0921875 0.109375
2 0.76640625 0.721875 0.10078125 0.1078125
2 0.74140625 0.6078125 0.10234375 0.09296875
2 0.4890625 0.6296875 0.1109375 0.10546875
1 0.6203125 0.53125 0.0828125 0.1015625
1 0.53203125 0.48203125 0.10234375 0.09296875
1 0.70234375 0.47421875 0.0921875 0.10546875
2 0.91953125 0.359375 0.065625 0.10546875
2 0.6625 0.32109375 0.08515625 0.11171875
2 0.72734375 0.18515625 0.09375 0.1015625
4 0.60703125 0.19375 0.11640625 0.12421875
2 0.59453125 0.09453125 0.1328125 0.05390625
2 0.73125 0.09453125 0.10625 0.04765625
2 0.42109375 0.13984375 0.096875 0.11171875
2 0.265625 0.13984375 0.10234375 0.10390625
2 0.41328125 0.353125 0.08671875 0.1140625
2 0.37265625 0.25546875 0.11875 0.1140625
2 0.50234375 0.27109375 0.0953125 0.10546875
2 0.1515625 0.1125 0.07578125 0.09765625