0 0.684375 0.66328125 0.12890625 0.07890625
0 0.778125 0.22578125 0.10234375 0.09921875
0 0.89140625 0.02578125 0.06875 0.04765625
0 0.1328125 0.33203125 0.134375 0.0625
3 0.971875 0.3859375 0.05625 0.11171875
1 0.4890625 0.5234375 0.0921875 0.10390625
2 0.62890625 0.89453125 0.11640625 0.07421875
2 0.77265625 0.6171875 0.08125 0.0953125
2 0.63359375 0.26015625 0.10078125 0.08671875
2 0.56328125 0.2671875 0.05625 0.13046875
2 0.54453125 0.146875 0.1078125 0.07421875
1 0.66484375 0.07109375 0.08984375 0.1203125
2 0.75859375 0.046875 0.0796875 0.08671875
2 0.8203125 0.10625 0.09375 0.09921875
2 0.7296875 0.14921875 0.065625 0.121875
2 0.628125 0.20703125 0.07265625 0.09765625
2 0.3234375 0.025 0.08671875 0.05
2 0.26640625 0.06796875 0.08125 0.07890625
2 0.1328125 0.03125 0.10078125 0.0625
2 0.10625 0.12734375 0.07421875 0.1015625
2 0.1953125 0.153125 0.078125 0.08515625
2 0.1140625 0.24765625 0.10078125 0.0953125
2 0.25625 0.2875 0.08671875 0.0828125
2 0.3578125 0.2734375 0.096875 0.0765625
2 0.25859375 0.37890625 0.121875 0.08515625
2 0.14765625 0.43046875 0.0796875 0.08671875
1 0.103125 0.53203125 0.078125 0.11796875
2 0.271875 0.47421875 0.0921875 0.07265625
2 0.2828125 0.559375 0.09375 0.06796875
2 0.0796875 0.73203125 0.04453125 0.08671875
2 0.3484375 0.66015625 0.10390625 0.0953125
2 0.296875 0.70625 0.065625 0.13671875
2 0.25703125 0.784375 0.08125 0.1015625
2 0.37265625 0.75390625 0.08984375 0.08671875
2 0.46640625 0.68359375 0.096875 0.09296875
2 0.97734375 0.328125 0.03203125 0.1203125
2 0.94140625 0.3875 0.10234375 0.121875
2 0.95546875 0.47890625 0.0828125 0.08671875
2 0.93515625 0.57890625 0.08984375 0.10390625
2 0.92421875 0.703125 0.10078125 0.11796875
2 0.84609375 0.78125 0.1078125 0.0953125
2 0.83515625 0.88828125 0.0953125 0.09765625
2 0.44765625 0.91015625 0.096875 0.04765625
2 0.36484375 0.8984375 0.09375 0.0625
2 0.271875 0.9109375 0.04765625 0.0375