0 0.8515625 0.61171875 0.10078125 0.1453125
0 0.7140625 0.54765625 0.08828125 0.1265625
0 0.4984375 0.80625 0.08671875 0.11796875
0 0.80546875 0.325 0.0921875 0.13046875
0 0.88359375 0.109375 0.12734375 0.0828125
3 0.1265625 0.1625 0.10078125 0.0828125
3 0.08984375 0.09609375 0.0796875 0.0765625
3 0.96484375 0.8546875 0.0671875 0.13671875
2 0.93828125 0.7328125 0.1203125 0.1015625
2 0.52265625 0.390625 0.0796875 0.10546875
2 0.571875 0.1125 0.096875 0.11796875
2 0.76484375 0.2328125 0.13046875 0.08046875
2 0.96484375 0.06484375 0.0671875 0.1265625
2 0.89453125 0.43203125 0.08671875 0.1140625
2 0.80390625 0.43984375 0.08125 0.11796875
2 0.728125 0.40078125 0.08125 0.13671875
1 0.95546875 0.61796875 0.078125 0.10390625
2 0.6671875 0.82734375 0.13046875 0.09921875
2 0.659375 0.91171875 0.1078125 0.0515625
2 0.40390625 0.0546875 0.109375 0.109375
2 0.3671875 0.140625 0.08515625 0.1015625
2 0.33828125 0.25078125 0.08984375 0.115625
2 0.24140625 0.21875 0.11875 0.11796875
2 0.24453125 0.10859375 0.08984375 0.08515625
2 0.28671875 0.0796875 0.0671875 0.0890625
2 0.0953125 0.5484375 0.08828125 0.1328125
2 0.17578125 0.89375 0.0921875 0.08046875
2 0.3921875 0.92265625 0.08828125 0.025
2 0.0953125 0.25703125 0.08671875 0.11171875
2 0.09140625 0.0265625 0.0859375 0.053125
1 0.08515625 0.365625 0.0703125 0.09765625