3 0.40078125 0.59453125 0.07265625 0.109375
3 0.1203125 0.36953125 0.13046875 0.11796875
3 0.784375 0.5640625 0.12890625 0.0703125
3 0.5203125 0.7890625 0.05625 0.16796875
3 0.31171875 0.75234375 0.053125 0.1078125
4 0.2921875 0.49921875 0.08828125 0.11171875
1 0.22734375 0.0546875 0.11640625 0.08671875
1 0.87109375 0.85390625 0.0921875 0.0953125
2 0.1375 0.49140625 0.1328125 0.11796875
2 0.4265625 0.2578125 0.0828125 0.109375
2 0.49609375 0.10078125 0.08984375 0.09921875
2 0.63984375 0.18125 0.096875 0.09140625
4 0.6828125 0.2609375 0.08125 0.1203125
2 0.73671875 0.17109375 0.10078125 0.09140625
2 0.771875 0.053125 0.09921875 0.0828125
2 0.8265625 0.08046875 0.109375 0.13046875
2 0.89921875 0.0765625 0.078125 0.10546875
2 0.94453125 0.11171875 0.065625 0.11796875
2 0.975 0.203125 0.04609375 0.1015625
2 0.95390625 0.36328125 0.08515625 0.140625
2 0.89140625 0.39765625 0.11328125 0.14296875
2 0.9484375 0.50390625 0.10078125 0.1328125
2 0.80859375 0.475 0.07421875 0.1078125
2 0.61640625 0.4140625 0.1234375 0.09765625
2 0.521875 0.31875 0.08984375 0.08515625
2 0.63125 0.06015625 0.10078125 0.1140625
4 0.340625 0.08828125 0.11875 0.09765625
2 0.278125 0.184375 0.12734375 0.11171875
2 0.14296875 0.02578125 0.096875 0.04375
4 0.07890625 0.0609375 0.053125 0.11171875
2 0.0890625 0.18515625 0.065625 0.10546875
2 0.12890625 0.26328125 0.10390625 0.14296875
2 0.215625 0.2703125 0.07265625 0.1078125
2 0.2828125 0.35625 0.08828125 0.1078125
2 0.28125 0.58515625 0.10234375 0.1078125
2 0.1828125 0.5859375 0.08515625 0.128125
2 0.0890625 0.6265625 0.07421875 0.1203125
2 0.15390625 0.7328125 0.08671875 0.11796875
2 0.18515625 0.76796875 0.08515625 0.09921875
1 0.19375 0.8734375 0.08671875 0.11171875
2 0.43125 0.86640625 0.078125 0.1078125
2 0.525 0.89609375 0.07421875 0.06640625
2 0.60703125 0.87578125 0.0703125 0.11171875
2 0.76171875 0.88203125 0.10078125 0.10390625
2 0.6796875 0.77421875 0.10390625 0.146875
2 0.7140625 0.66953125 0.11875 0.0890625
2 0.89296875 0.7171875 0.10625 0.15078125
2 0.95234375 0.73828125 0.078125 0.10546875
2 0.978125 0.87578125 0.0390625 0.09921875
2 0.78828125 0.33125 0.07421875 0.10390625
2 0.46015625 0.41015625 0.08671875 0.10546875
2 0.4890625 0.4375 0.0953125 0.11796875
2 0.46796875 0.62734375 0.07578125 0.128125
2 0.51953125 0.528125 0.0953125 0.0953125
2 0.56875 0.48828125 0.0953125 0.1140625
2 0.54453125 0.63359375 0.08515625 0.10390625
2 0.30390625 0.8953125 0.10390625 0.0765625
1 0.0890625 0.86328125 0.07421875 0.1015625
2 0.08515625 0.76484375 0.05625 0.1078125