2 0.66640625 0.7765625 0.08515625 0.09921875
2 0.83203125 0.68671875 0.09921875 0.121875
2 0.67421875 0.303125 0.078125 0.115625
2 0.71328125 0.19453125 0.0796875 0.115625
2 0.896875 0.25390625 0.09375 0.12421875
2 0.109375 0.54765625 0.07265625 0.09921875
2 0.24921875 0.68046875 0.0953125 0.109375
2 0.15 0.7421875 0.07578125 0.11796875
2 0.06015625 0.74453125 0.08671875 0.08671875
2 0.23359375 0.57265625 0.09375 0.10546875
3 0.2953125 0.15390625 0.14296875 0.0703125
3 0.365625 0.1984375 0.121875 0.0890625
3 0.5921875 0.58359375 0.1328125 0.0828125
2 0.340625 0.84140625 0.10234375 0.11796875
2 0.609375 0.8546875 0.08515625 0.09765625
2 0.4546875 0.9359375 0.09375 0.09296875
0 0.54765625 0.42734375 0.11875 0.0828125
2 0.28359375 0.47734375 0.08671875 0.115625
2 0.53125 0.63671875 0.078125 0.10546875
2 0.35859375 0.95390625 0.0953125 0.0921875
2 0.53515625 0.96484375 0.096875 0.0578125
2 0.225 0.3625 0.096875 0.1078125
2 0.909375 0.1296875 0.07265625 0.10390625
2 0.9171875 0.57421875 0.05625 0.1015625
2 0.16875 0.86875 0.1109375 0.115625
2 0.25078125 0.21640625 0.11484375 0.0890625
2 0.3015625 0.2921875 0.09375 0.0953125
2 0.38984375 0.33046875 0.08671875 0.1015625
2 0.81015625 0.09140625 0.096875 0.05
2 0.225 0.1046875 0.096875 0.08046875
2 0.04921875 0.2 0.0921875 0.11171875
2 0.90390625 0.64921875 0.0796875 0.1203125
2 0.9140625 0.9359375 0.06171875 0.10546875
2 0.86328125 0.97421875 0.08984375 0.04375
2 0.2421875 0.83671875 0.096875 0.1203125
2 0.09453125 0.89921875 0.08125 0.08671875
2 0.03359375 0.84375 0.0671875 0.1140625
2 0.04453125 0.959375 0.078125 0.07265625
2 0.01796875 0.31484375 0.03203125 0.12421875