3 0.1484375 0.69453125 0.05625 0.11875
3 0.4203125 0.59765625 0.0734375 0.0703125
3 0.14765625 0.58203125 0.0734375 0.04375
0 0.03359375 0.79921875 0.0640625 0.040625
0 0.0609375 0.7578125 0.0734375 0.04375
0 0.15546875 0.60546875 0.025 0.05625
0 0.1953125 0.45234375 0.084375 0.065625
0 0.33046875 0.08828125 0.0625 0.0546875
0 0.21015625 0.25546875 0.05625 0.0828125
0 0.0546875 0.18203125 0.05625 0.0890625
3 0.615625 0.9328125 0.096875 0.0609375
3 0.64453125 0.16640625 0.071875 0.096875
3 0.9640625 0.23125 0.0671875 0.0625
0 0.965625 0.31796875 0.06875 0.0515625
0 0.77734375 0.30859375 0.078125 0.04375
0 0.68515625 0.5125 0.08125 0.0578125
0 0.88203125 0.46640625 0.059375 0.0828125
3 0.6671875 0.40546875 0.0703125 0.0859375
0 0.25625 0.82265625 0.08125 0.046875
0 0.3234375 0.83828125 0.075 0.071875
4 0.0859375 0.9796875 0.0671875 0.040625
4 0.28515625 0.3375 0.0703125 0.08125
2 0.259375 0.88359375 0.0734375 0.0625
2 0.07890625 0.84140625 0.0578125 0.065625
2 0.12265625 0.7875 0.053125 0.0671875
2 0.1734375 0.71953125 0.0640625 0.0890625
2 0.08203125 0.66640625 0.0609375 0.096875
2 0.109375 0.58046875 0.0625 0.090625
1 0.21875 0.5125 0.0640625 0.0734375
2 0.29921875 0.7390625 0.059375 0.0734375
2 0.38125 0.846875 0.0609375 0.0890625
2 0.52734375 0.9171875 0.0546875 0.0640625
2 0.72890625 0.97265625 0.0671875 0.053125
2 0.03828125 0.27421875 0.034375 0.0421875
2 0.0515625 0.30625 0.0546875 0.059375
2 0.2390625 0.18515625 0.0625 0.0671875
2 0.2421875 0.15078125 0.0390625 0.0375
0 0.0953125 0.10703125 0.0703125 0.0609375
2 0.15546875 0.06640625 0.0484375 0.0734375
2 0.0546875 0.059375 0.053125 0.0796875
2 0.34140625 0.04140625 0.059375 0.0609375
2 0.37109375 0.075 0.05625 0.075
2 0.52109375 0.33125 0.040625 0.05
2 0.56015625 0.08203125 0.0546875 0.0640625
2 0.46953125 0.67265625 0.040625 0.0578125
2 0.52578125 0.76875 0.0578125 0.065625
2 0.54765625 0.62578125 0.0625 0.0609375
2 0.54609375 0.55859375 0.0640625 0.0609375
2 0.50859375 0.5125 0.0609375 0.0546875
2 0.58515625 0.83046875 0.0484375 0.05625
1 0.73359375 0.8515625 0.05625 0.0765625
2 0.85078125 0.84453125 0.065625 0.0625
1 0.86484375 0.9640625 0.05625 0.071875
2 0.97421875 0.9828125 0.0515625 0.034375
2 0.9875 0.9421875 0.025 0.046875
2 0.98515625 0.88515625 0.0234375 0.04375
2 0.99375 0.82734375 0.0109375 0.0484375
2 0.971875 0.7703125 0.0546875 0.0703125
2 0.88828125 0.78046875 0.0640625 0.075
1 0.6296875 0.6625 0.0578125 0.0796875
1 0.59921875 0.58671875 0.05625 0.075
2 0.59765625 0.48828125 0.0609375 0.0609375
2 0.575 0.46796875 0.046875 0.0578125
2 0.7375 0.43515625 0.065625 0.0484375
2 0.815625 0.484375 0.059375 0.0609375
2 0.93828125 0.45546875 0.05 0.059375
2 0.890625 0.21953125 0.06875 0.065625
2 0.84609375 0.14921875 0.053125 0.065625
2 0.7828125 0.16875 0.0625 0.0703125
2 0.7078125 0.153125 0.0625 0.0609375
2 0.984375 0.153125 0.03125 0.059375