3 0.434375 0.28515625 0.159375 0.0515625
3 0.5828125 0.6171875 0.1296875 0.1109375
4 0.65546875 0.9265625 0.0625 0.075
4 0.7859375 0.06875 0.0515625 0.0671875
4 0.2453125 0.596875 0.0578125 0.0703125
3 0.11953125 0.59921875 0.1 0.0796875
1 0.96953125 0.0265625 0.0484375 0.053125
2 0.9421875 0.1515625 0.053125 0.0765625
2 0.97890625 0.2171875 0.0359375 0.08125
2 0.95390625 0.2890625 0.046875 0.0734375
2 0.89609375 0.24453125 0.04375 0.0390625
2 0.7828125 0.18671875 0.0546875 0.065625
2 0.7078125 0.09140625 0.04375 0.0546875
2 0.78984375 0.015625 0.075 0.03125
2 0.67578125 0.0296875 0.075 0.059375
2 0.51875 0.02265625 0.0671875 0.040625
2 0.56484375 0.0796875 0.065625 0.084375
1 0.61171875 0.23046875 0.0546875 0.075
1 0.6828125 0.1984375 0.053125 0.0671875
2 0.73515625 0.29765625 0.0609375 0.0734375
1 0.63203125 0.3328125 0.059375 0.08125
2 0.6765625 0.44140625 0.04375 0.0703125
2 0.759375 0.46796875 0.0625 0.0875
2 0.9359375 0.48203125 0.0609375 0.078125
2 0.95234375 0.403125 0.0546875 0.08125
2 0.47109375 0.1796875 0.0546875 0.0734375
1 0.403125 0.13046875 0.0453125 0.078125
2 0.41171875 0.33125 0.0734375 0.05
2 0.4828125 0.3859375 0.059375 0.065625
2 0.4578125 0.4796875 0.096875 0.0953125
2 0.41484375 0.5234375 0.0671875 0.08125
2 0.678125 0.5609375 0.0546875 0.08125
2 0.7515625 0.57734375 0.059375 0.0796875
2 0.85 0.6203125 0.065625 0.0734375
2 0.959375 0.609375 0.059375 0.078125
2 0.97421875 0.76171875 0.0453125 0.09375
2 0.97421875 0.9140625 0.05 0.096875
2 0.9359375 0.9875 0.0671875 0.025
2 0.85078125 0.9828125 0.0625 0.0296875
1 0.79296875 0.89296875 0.06875 0.0796875
1 0.7828125 0.78125 0.053125 0.06875
2 0.85234375 0.74453125 0.065625 0.06875
1 0.6578125 0.71328125 0.0546875 0.0703125
2 0.55546875 0.7390625 0.0578125 0.078125
2 0.62265625 0.60078125 0.06875 0.0703125
2 0.54296875 0.66640625 0.065625 0.059375
1 0.60703125 0.82578125 0.059375 0.0734375
2 0.4375 0.5984375 0.05 0.059375
2 0.42109375 0.67421875 0.065625 0.0734375
2 0.45078125 0.7671875 0.0515625 0.075
1 0.3734375 0.9453125 0.0546875 0.078125
2 0.46953125 0.97265625 0.0640625 0.0546875
1 0.32734375 0.03203125 0.0578125 0.0546875
2 0.2890625 0.14921875 0.0765625 0.0921875
2 0.12734375 0.0875 0.0609375 0.0796875
2 0.35234375 0.3296875 0.05 0.0734375
1 0.31171875 0.39765625 0.059375 0.071875
2 0.2390625 0.31484375 0.0546875 0.0734375
2 0.25 0.39375 0.053125 0.0625
2 0.20546875 0.48125 0.053125 0.0640625
2 0.12265625 0.4359375 0.071875 0.0890625
2 0.27109375 0.52890625 0.046875 0.0765625
2 0.36640625 0.53515625 0.05 0.0734375
2 0.16015625 0.5609375 0.0640625 0.0625
1 0.303125 0.61953125 0.0640625 0.075
1 0.325 0.71640625 0.0578125 0.078125
2 0.1546875 0.68359375 0.059375 0.0609375
2 0.10703125 0.64375 0.0640625 0.075
2 0.0234375 0.69765625 0.046875 0.0796875
1 0.159375 0.75859375 0.0734375 0.0890625
2 0.20859375 0.85234375 0.065625 0.078125
2 0.23984375 0.975 0.0484375 0.05
2 0.32734375 0.98125 0.0671875 0.0328125
2 0.04296875 0.8875 0.053125 0.065625
2 0.08125 0.965625 0.0578125 0.06875
2 0.01875 0.9765625 0.0375 0.0375
2 0.009375 0.8390625 0.01875 0.06875