3 0.4046875 0.3109375 0.0828125 0.1015625
3 0.4640625 0.20546875 0.0671875 0.109375
3 0.521875 0.59453125 0.090625 0.065625
0 0.22265625 0.278125 0.065625 0.1
0 0.40078125 0.64140625 0.0734375 0.0578125
0 0.6203125 0.77421875 0.0671875 0.0671875
0 0.890625 0.2484375 0.0734375 0.040625
0 0.16171875 0.35390625 0.05625 0.0859375
1 0.69296875 0.62421875 0.05625 0.0703125
1 0.59296875 0.46953125 0.0578125 0.084375
1 0.71015625 0.30390625 0.0609375 0.0796875
1 0.7453125 0.375 0.0546875 0.0734375
1 0.84140625 0.3796875 0.0546875 0.078125
1 0.878125 0.534375 0.053125 0.078125
2 0.79921875 0.51015625 0.0578125 0.078125
1 0.9703125 0.72734375 0.0578125 0.090625
2 0.7515625 0.56875 0.065625 0.0984375
2 0.73359375 0.71171875 0.065625 0.0984375
2 0.9578125 0.81640625 0.0625 0.08125
2 0.52109375 0.86875 0.078125 0.09375
2 0.56171875 0.803125 0.0625 0.09375
2 0.51796875 0.709375 0.0515625 0.0734375
2 0.5828125 0.56796875 0.05625 0.0796875
2 0.36796875 0.54921875 0.06875 0.08125
2 0.43203125 0.7296875 0.059375 0.0890625
2 0.4421875 0.81953125 0.0625 0.075
2 0.2984375 0.30390625 0.053125 0.0765625
2 0.3640625 0.225 0.05625 0.075
2 0.57890625 0.2296875 0.065625 0.0890625
2 0.83046875 0.10703125 0.0578125 0.0828125
2 0.8875 0.20703125 0.0546875 0.0796875
2 0.92109375 0.02734375 0.0625 0.0546875
1 0.675 0.0640625 0.0546875 0.084375
1 0.52890625 0.13828125 0.0578125 0.078125
2 0.30390625 0.05703125 0.059375 0.1109375
2 0.26015625 0.06640625 0.0421875 0.0859375
2 0.31640625 0.2703125 0.0546875 0.078125
2 0.39140625 0.4140625 0.0578125 0.0859375
2 0.58125 0.31328125 0.0609375 0.0734375
2 0.88984375 0.32421875 0.053125 0.071875
2 0.6984375 0.915625 0.05625 0.0796875
2 0.0984375 0.5859375 0.0625 0.0875
2 0.0734375 0.32265625 0.059375 0.08125
2 0.25546875 0.15 0.0625 0.0734375
2 0.12890625 0.23671875 0.078125 0.0796875
1 0.16953125 0.71953125 0.0578125 0.0984375
1 0.21875 0.7734375 0.0625 0.065625
2 0.2671875 0.85859375 0.0625 0.0921875
2 0.0671875 0.74453125 0.0703125 0.0875
1 0.03125 0.8328125 0.0578125 0.0859375
0 0.975 0.07109375 0.05 0.05625
1 0.74921875 0.82109375 0.05625 0.0734375
1 0.69296875 0.7875 0.0609375 0.075
1 0.62265625 0.94765625 0.046875 0.0734375
1 0.30234375 0.42734375 0.0734375 0.0859375
1 0.35703125 0.7046875 0.0640625 0.0859375
2 0.83125 0.9703125 0.053125 0.059375
2 0.15625 0.08671875 0.0703125 0.115625
1 0.2046875 0.9765625 0.0578125 0.040625
1 0.97890625 0.9703125 0.0421875 0.053125