2 0.6 0.76328125 0.0546875 0.0828125
3 0.5671875 0.76171875 0.10625 0.10625
3 0.4671875 0.78125 0.103125 0.0515625
3 0.51328125 0.5625 0.090625 0.040625
3 0.640625 0.27109375 0.1140625 0.075
3 0.81015625 0.04609375 0.0875 0.0921875
0 0.84140625 0.45703125 0.0453125 0.1078125
3 0.7109375 0.28125 0.0921875 0.084375
4 0.709375 0.48671875 0.0625 0.0890625
4 0.953125 0.16015625 0.0625 0.0859375
3 0.31640625 0.7 0.1046875 0.040625
4 0.37421875 0.58828125 0.05625 0.078125
3 0.11953125 0.73125 0.0625 0.0546875
4 0.1328125 0.25234375 0.059375 0.071875
4 0.04140625 0.60703125 0.0765625 0.0859375
3 0.34921875 0.9625 0.084375 0.0515625
2 0.915625 0.93984375 0.08125 0.059375
1 0.8 0.94453125 0.0609375 0.08125
2 0.8828125 0.859375 0.053125 0.075
1 0.77734375 0.7875 0.053125 0.0796875
1 0.83515625 0.7515625 0.0609375 0.078125
2 0.9703125 0.71328125 0.05625 0.065625
2 0.959375 0.61171875 0.0609375 0.0890625
2 0.93125 0.5109375 0.04375 0.0734375
2 0.8875 0.51015625 0.0453125 0.0671875
2 0.846875 0.54921875 0.0484375 0.0734375
2 0.75390625 0.6453125 0.059375 0.0890625
1 0.68203125 0.70546875 0.05625 0.06875
2 0.67890625 0.8265625 0.0546875 0.0734375
2 0.684375 0.90625 0.059375 0.071875
2 0.9078125 0.9921875 0.0515625 0.015625
2 0.97578125 0.98828125 0.046875 0.0234375
2 0.98984375 0.784375 0.0203125 0.053125
2 0.9921875 0.50625 0.015625 0.0515625
2 0.91875 0.41015625 0.0578125 0.084375
2 0.63515625 0.81328125 0.046875 0.0796875
2 0.52578125 0.9296875 0.0453125 0.065625
1 0.465625 0.984375 0.05 0.03125
2 0.39296875 0.94453125 0.0546875 0.0828125
2 0.4484375 0.91328125 0.05 0.065625
2 0.3921875 0.734375 0.0578125 0.0765625
1 0.45625 0.653125 0.046875 0.065625
2 0.5359375 0.67265625 0.05 0.0734375
1 0.61796875 0.56953125 0.065625 0.078125
2 0.7109375 0.58671875 0.05 0.06875
1 0.6140625 0.48984375 0.0609375 0.0734375
1 0.53203125 0.4328125 0.05625 0.078125
1 0.696875 0.40234375 0.0484375 0.0734375
2 0.7390625 0.3234375 0.084375 0.0734375
2 0.6265625 0.3671875 0.05 0.0765625
2 0.51015625 0.35078125 0.0765625 0.084375
1 0.40625 0.35703125 0.0484375 0.075
1 0.871875 0.353125 0.05625 0.071875
2 0.8953125 0.278125 0.0578125 0.0734375
2 0.98046875 0.25078125 0.034375 0.0703125
2 0.85546875 0.26015625 0.0734375 0.0828125
2 0.87265625 0.1203125 0.0734375 0.0953125
2 0.86796875 0.1390625 0.0515625 0.0515625
1 0.91953125 0.0296875 0.0546875 0.059375
2 0.725 0.1234375 0.04375 0.065625
1 0.60625 0.04921875 0.0515625 0.071875
2 0.56171875 0.1 0.0484375 0.0703125
2 0.51171875 0.228125 0.0546875 0.0859375
2 0.55234375 0.2421875 0.05 0.075
1 0.4890625 0.13671875 0.0546875 0.065625
2 0.6953125 0.0109375 0.05 0.021875
2 0.51484375 0.0375 0.0578125 0.059375
2 0.425 0.07578125 0.0609375 0.0984375
2 0.4484375 0.21328125 0.0578125 0.0796875
2 0.98203125 0.215625 0.0359375 0.0515625
2 0.13671875 0.9796875 0.05625 0.0359375
2 0.03046875 0.97109375 0.05625 0.053125
2 0.0609375 0.92421875 0.0578125 0.065625
2 0.20390625 0.928125 0.0546875 0.0765625
2 0.23984375 0.90078125 0.040625 0.059375
2 0.24296875 0.82734375 0.0546875 0.0734375
1 0.27890625 0.7625 0.053125 0.075
1 0.1921875 0.7171875 0.053125 0.0640625
2 0.2796875 0.65625 0.05 0.059375
3 0.26640625 0.58203125 0.059375 0.0796875
3 0.19921875 0.575 0.078125 0.08125
2 0.21875 0.63359375 0.053125 0.065625
2 0.18203125 0.53203125 0.053125 0.075
2 0.415625 0.6 0.05625 0.0609375
1 0.32421875 0.515625 0.0453125 0.06875
2 0.29375 0.45625 0.0546875 0.0625
1 0.09921875 0.56953125 0.05625 0.0625
2 0.0296875 0.66953125 0.059375 0.078125
2 0.2328125 0.9453125 0.040625 0.05625
2 0.0875 0.446875 0.0484375 0.0703125
2 0.1640625 0.42734375 0.046875 0.0671875
2 0.17421875 0.45625 0.05625 0.0609375
2 0.22734375 0.38984375 0.0609375 0.0890625
1 0.28125 0.346875 0.05625 0.0734375
2 0.3359375 0.365625 0.0484375 0.075
2 0.38984375 0.24921875 0.059375 0.0734375
1 0.2734375 0.1859375 0.065625 0.0828125
2 0.190625 0.1890625 0.0546875 0.0734375
1 0.1765625 0.09609375 0.05625 0.0828125
2 0.27890625 0.09921875 0.0484375 0.05625
2 0.2421875 0.046875 0.0578125 0.06875
2 0.37109375 0.03125 0.0640625 0.059375
2 0.0828125 0.01796875 0.0578125 0.0296875
1 0.06875 0.27421875 0.0578125 0.0703125
2 0.01484375 0.3390625 0.0296875 0.0625