0 0.4 0.3125 0.0890625 0.0921875
0 0.0953125 0.4796875 0.04375 0.1171875
0 0.5640625 0.7234375 0.090625 0.08125
0 0.56484375 0.5140625 0.078125 0.0703125
0 0.7140625 0.553125 0.078125 0.0703125
0 0.75625 0.25625 0.078125 0.0796875
0 0.453125 0.2578125 0.0671875 0.065625
0 0.94609375 0.8984375 0.0671875 0.0890625
0 0.978125 0.928125 0.04375 0.0828125
0 0.978125 0.80078125 0.04375 0.08125
2 0.82109375 0.35078125 0.0578125 0.0828125
2 0.8828125 0.2734375 0.0609375 0.0796875
2 0.86015625 0.20234375 0.0765625 0.090625
2 0.8046875 0.1453125 0.059375 0.0796875
2 0.86796875 0.10625 0.065625 0.0859375
2 0.79765625 0.04140625 0.071875 0.0828125
2 0.603125 0.0828125 0.065625 0.0734375
2 0.64375 0.26875 0.0578125 0.0828125
2 0.7125 0.48203125 0.0875 0.0796875
2 0.79609375 0.7078125 0.053125 0.078125
2 0.83203125 0.81796875 0.0625 0.0796875
2 0.909375 0.7046875 0.0734375 0.0984375
2 0.971875 0.7296875 0.05625 0.075
2 0.5390625 0.60390625 0.078125 0.0859375
4 0.43125 0.71953125 0.0578125 0.0828125
2 0.4109375 0.79765625 0.053125 0.0734375
2 0.3296875 0.8390625 0.059375 0.084375
2 0.35 0.92578125 0.071875 0.09375
2 0.35078125 0.72265625 0.0625 0.0796875
2 0.42265625 0.6046875 0.0703125 0.065625
2 0.45390625 0.5328125 0.0546875 0.075
2 0.403125 0.45859375 0.05625 0.078125
2 0.39140625 0.390625 0.0640625 0.065625
2 0.55234375 0.19609375 0.053125 0.065625
2 0.45859375 0.13203125 0.0640625 0.084375
2 0.39765625 0.14921875 0.0625 0.109375
2 0.27734375 0.1421875 0.0625 0.0921875
2 0.31015625 0.56015625 0.05 0.08125
2 0.2234375 0.68828125 0.0671875 0.090625
2 0.2015625 0.80390625 0.059375 0.0765625
4 0.0875 0.90546875 0.0640625 0.0828125
2 0.08515625 0.09296875 0.065625 0.0703125
2 0.02265625 0.14765625 0.0453125 0.0734375
2 0.021875 0.31796875 0.04375 0.090625
1 0.07109375 0.4078125 0.05 0.06875
2 0.11015625 0.03671875 0.0625 0.0734375
2 0.03203125 0.034375 0.053125 0.065625
1 0.190625 0.3984375 0.053125 0.0703125
0 0.57421875 0.2484375 0.0609375 0.059375