4 0.38125 0.37734375 0.0671875 0.0921875
3 0.5375 0.6875 0.0734375 0.0421875
3 0.54296875 0.6625 0.05625 0.021875
3 0.271875 0.821875 0.1015625 0.1046875
3 0.5953125 0.928125 0.065625 0.0765625
3 0.7578125 0.2203125 0.1046875 0.1234375
0 0.5640625 0.8734375 0.0671875 0.0578125
2 0.54140625 0.8578125 0.046875 0.0578125
4 0.45546875 0.03828125 0.0625 0.071875
3 0.803125 0.91640625 0.078125 0.0359375
3 0.95390625 0.71796875 0.0859375 0.0609375
2 0.9421875 0.68125 0.05625 0.059375
3 0.85625 0.2078125 0.1078125 0.065625
1 0.01640625 0.9796875 0.0328125 0.040625
2 0.0203125 0.91171875 0.040625 0.0703125
2 0.05703125 0.86796875 0.0421875 0.046875
2 0.12109375 0.9703125 0.065625 0.05625
1 0.11875 0.90078125 0.065625 0.078125
2 0.1859375 0.97421875 0.071875 0.0515625
1 0.240625 0.9484375 0.0515625 0.08125
2 0.27421875 0.98828125 0.0578125 0.0234375
2 0.3796875 0.97421875 0.05 0.0453125
2 0.540625 0.96953125 0.065625 0.0609375
2 0.509375 0.921875 0.05625 0.0828125
2 0.15546875 0.8578125 0.0453125 0.0671875
2 0.02734375 0.78671875 0.05 0.0703125
2 0.05234375 0.68125 0.053125 0.0796875
1 0.14453125 0.7296875 0.05625 0.075
2 0.0734375 0.62890625 0.059375 0.071875
1 0.034375 0.56328125 0.046875 0.0859375
2 0.059375 0.425 0.0625 0.0890625
2 0.0140625 0.40546875 0.0265625 0.078125
2 0.16640625 0.54453125 0.0625 0.08125
2 0.12109375 0.48828125 0.0828125 0.0875
2 0.11640625 0.41171875 0.0515625 0.0875
2 0.246875 0.61640625 0.0671875 0.090625
2 0.35078125 0.73984375 0.0421875 0.0703125
1 0.2078125 0.39765625 0.053125 0.0703125
1 0.165625 0.296875 0.0609375 0.078125
2 0.134375 0.2234375 0.0796875 0.08125
2 0.028125 0.2484375 0.0453125 0.071875
1 0.01328125 0.115625 0.0265625 0.071875
1 0.21328125 0.21953125 0.05625 0.08125
2 0.24453125 0.1453125 0.0546875 0.08125
1 0.30859375 0.16953125 0.0546875 0.084375
2 0.24453125 0.09296875 0.0546875 0.078125
1 0.1953125 0.0234375 0.065625 0.04375
1 0.128125 0.03828125 0.0515625 0.0640625
1 0.4375 0.3328125 0.0578125 0.0625
1 0.53125 0.3375 0.05625 0.075
1 0.540625 0.5140625 0.0578125 0.0640625
2 0.3921875 0.515625 0.0625 0.078125
1 0.3859375 0.28203125 0.065625 0.0703125
2 0.4765625 0.190625 0.05 0.0796875
2 0.48671875 0.12734375 0.059375 0.0671875
2 0.621875 0.17578125 0.059375 0.0859375
2 0.57890625 0.11640625 0.06875 0.09375
2 0.6125 0.26484375 0.0515625 0.059375
1 0.60859375 0.36796875 0.0578125 0.06875
2 0.446875 0.5671875 0.0609375 0.06875
2 0.4453125 0.6234375 0.0484375 0.0625
2 0.48984375 0.640625 0.05 0.0671875
2 0.665625 0.6421875 0.071875 0.0765625
2 0.7125 0.503125 0.0578125 0.084375
1 0.690625 0.253125 0.0546875 0.0703125
2 0.521875 0.02421875 0.0625 0.0484375
1 0.7046875 0.025 0.05 0.05
2 0.70859375 0.15703125 0.071875 0.0890625
2 0.490625 0.7953125 0.078125 0.0859375
2 0.62734375 0.71953125 0.0515625 0.065625
2 0.61875 0.67265625 0.059375 0.05625
2 0.66484375 0.834375 0.0546875 0.0671875
2 0.63671875 0.90546875 0.0578125 0.08125
2 0.69453125 0.9125 0.05 0.08125
1 0.721875 0.975 0.0578125 0.05
2 0.8140625 0.98828125 0.05 0.0234375
2 0.8125 0.95078125 0.065625 0.0609375
1 0.88125 0.96953125 0.065625 0.0609375
2 0.78984375 0.840625 0.05625 0.065625
1 0.83203125 0.83125 0.0546875 0.0703125
2 0.7421875 0.7890625 0.059375 0.0671875
1 0.83671875 0.69375 0.0578125 0.078125
2 0.9453125 0.846875 0.078125 0.0921875
1 0.87421875 0.63359375 0.0484375 0.0765625
1 0.91484375 0.6140625 0.0546875 0.065625
1 0.90390625 0.540625 0.05625 0.0734375
2 0.83359375 0.53203125 0.0546875 0.0796875
1 0.85859375 0.49140625 0.0546875 0.0765625
2 0.8453125 0.34921875 0.05625 0.0703125
1 0.92578125 0.1546875 0.0578125 0.1
2 0.87109375 0.128125 0.0515625 0.078125
1 0.83515625 0.0765625 0.059375 0.0671875
2 0.81328125 0.0234375 0.0765625 0.046875
2 0.98203125 0.13671875 0.0359375 0.0984375
1 0.94765625 0.02265625 0.0578125 0.0421875
2 0.990625 0.0328125 0.01875 0.065625
2 0.98984375 0.625 0.0203125 0.075