4 0.55 0.93671875 0.0609375 0.078125
0 0.97421875 0.253125 0.0515625 0.0703125
3 0.090625 0.7078125 0.11875 0.0734375
3 0.1875 0.68046875 0.109375 0.0796875
3 0.190625 0.51484375 0.0734375 0.0515625
3 0.45546875 0.34375 0.1546875 0.0765625
3 0.48203125 0.1421875 0.125 0.0734375
4 0.47734375 0.0515625 0.0578125 0.075
4 0.54375 0.553125 0.059375 0.071875
4 0.4421875 0.93046875 0.0609375 0.08125
4 0.7421875 0.25 0.0609375 0.08125
2 0.9046875 0.9171875 0.0578125 0.08125
2 0.80078125 0.9484375 0.0515625 0.0625
2 0.86015625 0.97890625 0.0453125 0.0375
2 0.67265625 0.9828125 0.0484375 0.0296875
2 0.8390625 0.815625 0.0515625 0.078125
2 0.91953125 0.84921875 0.0578125 0.0671875
2 0.98828125 0.79296875 0.0234375 0.0671875
2 0.9859375 0.70078125 0.028125 0.0765625
2 0.93203125 0.7125 0.06875 0.0890625
1 0.934375 0.55703125 0.0453125 0.08125
1 0.8109375 0.54296875 0.059375 0.0671875
2 0.8484375 0.475 0.0546875 0.078125
2 0.78359375 0.67265625 0.090625 0.0703125
2 0.74453125 0.69375 0.0546875 0.0609375
2 0.803125 0.778125 0.059375 0.059375
1 0.728125 0.74765625 0.0609375 0.075
2 0.6890625 0.82265625 0.05 0.071875
2 0.64453125 0.86171875 0.0640625 0.0796875
2 0.59921875 0.89765625 0.0546875 0.078125
2 0.63359375 0.79609375 0.0703125 0.0875
1 0.65859375 0.73203125 0.05 0.0625
2 0.73125 0.60390625 0.0484375 0.05625
2 0.625 0.559375 0.053125 0.071875
2 0.51875 0.6640625 0.0390625 0.065625
1 0.47578125 0.62890625 0.0515625 0.0734375
1 0.440625 0.515625 0.0515625 0.0796875
2 0.69453125 0.43125 0.0609375 0.0734375
2 0.6609375 0.365625 0.0578125 0.075
1 0.63046875 0.28359375 0.05 0.071875
2 0.68125 0.21875 0.0734375 0.1
1 0.75859375 0.1515625 0.05 0.0640625
1 0.85 0.1171875 0.0578125 0.0734375
2 0.90546875 0.07109375 0.0640625 0.0859375
0 0.97421875 0.1828125 0.0515625 0.053125
2 0.97734375 0.3359375 0.04375 0.0765625
2 0.60625 0.1171875 0.0609375 0.0734375
2 0.60859375 0.040625 0.075 0.06875
2 0.659375 0.021875 0.05625 0.04375
1 0.759375 0.0203125 0.0625 0.0375
2 0.92109375 0.01015625 0.053125 0.0203125
2 0.4796875 0.2328125 0.0671875 0.078125
2 0.39921875 0.9765625 0.059375 0.046875
2 0.34921875 0.99140625 0.0359375 0.0171875
2 0.2375 0.9765625 0.0734375 0.046875
2 0.16640625 0.9734375 0.0640625 0.053125
2 0.13359375 0.91640625 0.059375 0.0796875
1 0.06875 0.9390625 0.05625 0.08125
2 0.1328125 0.8546875 0.0578125 0.08125
1 0.18203125 0.775 0.059375 0.075
1 0.25 0.803125 0.0578125 0.065625
1 0.38046875 0.8890625 0.05625 0.071875
2 0.1875 0.61640625 0.0671875 0.06875
2 0.15 0.565625 0.040625 0.065625
1 0.07890625 0.6203125 0.0453125 0.0765625
2 0.0125 0.59296875 0.025 0.075
2 0.05703125 0.50390625 0.0546875 0.0671875
2 0.11796875 0.4921875 0.0546875 0.04375
1 0.1328125 0.42578125 0.0578125 0.0671875
1 0.22890625 0.4078125 0.046875 0.08125
1 0.275 0.4265625 0.0546875 0.078125
2 0.18046875 0.37890625 0.0640625 0.071875
2 0.14453125 0.31328125 0.059375 0.0703125
1 0.19609375 0.28828125 0.0546875 0.075
2 0.39140625 0.3765625 0.06875 0.08125
2 0.3875 0.27109375 0.0765625 0.059375
2 0.43515625 0.2359375 0.0421875 0.084375
1 0.40234375 0.2015625 0.0515625 0.078125
1 0.30078125 0.18203125 0.053125 0.071875
2 0.246875 0.18671875 0.046875 0.08125
2 0.32265625 0.11484375 0.059375 0.0734375
2 0.1140625 0.12734375 0.065625 0.0875
2 0.03046875 0.178125 0.0578125 0.0859375
1 0.12578125 0.04921875 0.053125 0.0765625
1 0.37578125 0.03359375 0.0546875 0.0609375
2 0.1703125 0.01328125 0.059375 0.0265625