2 0.39140625 0.7484375 0.0703125 0.0859375
2 0.9515625 0.40234375 0.0734375 0.0921875
2 0.971875 0.496875 0.05625 0.096875
2 0.96640625 0.60859375 0.065625 0.0984375
2 0.4578125 0.94140625 0.075 0.096875
2 0.12421875 0.67890625 0.0734375 0.09375
2 0.39140625 0.4671875 0.0625 0.075
2 0.5546875 0.32109375 0.059375 0.0625
2 0.57890625 0.26640625 0.0625 0.065625
2 0.634375 0.40703125 0.040625 0.08125
2 0.69296875 0.08203125 0.0703125 0.096875
2 0.26796875 0.09453125 0.0546875 0.071875
2 0.225 0.45 0.0671875 0.0703125
2 0.24921875 0.5015625 0.053125 0.0703125
2 0.2359375 0.58046875 0.0640625 0.0859375
2 0.26328125 0.7609375 0.0625 0.0890625
2 0.32421875 0.87578125 0.0609375 0.084375
2 0.38203125 0.9578125 0.0546875 0.08125
2 0.79921875 0.7109375 0.096875 0.0875
2 0.91796875 0.79453125 0.0515625 0.065625
2 0.94921875 0.8140625 0.0390625 0.0703125
2 0.73515625 0.94140625 0.053125 0.06875
2 0.71640625 0.859375 0.05 0.078125
4 0.43515625 0.11640625 0.0734375 0.0921875
2 0.63984375 0.16328125 0.0640625 0.084375
2 0.4953125 0.02734375 0.0625 0.0546875
2 0.446875 0.03515625 0.0578125 0.065625
2 0.0484375 0.0828125 0.0703125 0.1078125
2 0.9109375 0.70078125 0.05625 0.0796875
2 0.978125 0.25703125 0.04375 0.0765625
2 0.79453125 0.2 0.059375 0.0765625
2 0.71171875 0.5359375 0.0859375 0.075
2 0.7109375 0.6171875 0.0578125 0.075
3 0.79453125 0.63515625 0.08125 0.0796875
0 0.825 0.50546875 0.06875 0.065625
3 0.75 0.46796875 0.078125 0.05
0 0.6859375 0.74609375 0.0640625 0.065625
0 0.04375 0.5 0.0875 0.05625
3 0.19140625 0.0859375 0.0953125 0.053125
2 0.52734375 0.45625 0.0484375 0.0703125
1 0.94921875 0.190625 0.0609375 0.0859375
1 0.871875 0.3703125 0.053125 0.06875
1 0.8046875 0.12265625 0.0578125 0.0859375
1 0.73671875 0.3640625 0.05625 0.06875
1 0.79296875 0.42890625 0.053125 0.0703125
1 0.615625 0.72421875 0.071875 0.090625
1 0.5984375 0.9421875 0.0625 0.075
1 0.51328125 0.63828125 0.0546875 0.0859375
1 0.440625 0.68203125 0.0546875 0.078125
1 0.41875 0.5484375 0.0609375 0.0828125
1 0.32421875 0.54296875 0.0640625 0.0796875
1 0.19375 0.665625 0.059375 0.0890625
1 0.07265625 0.42890625 0.0640625 0.0828125
1 0.0484375 0.3546875 0.0625 0.0828125
1 0.14296875 0.25546875 0.0734375 0.090625
1 0.4578125 0.3765625 0.0765625 0.09375
1 0.56484375 0.40546875 0.05 0.0796875
2 0.70390625 0.4140625 0.0625 0.065625
2 0.6828125 0.9609375 0.0578125 0.0765625
2 0.96484375 0.9609375 0.053125 0.0703125
1 0.9 0.975 0.065625 0.05
1 0.54140625 0.12578125 0.0609375 0.0765625
0 0.56015625 0.02734375 0.059375 0.0546875
0 0.35859375 0.1515625 0.078125 0.0484375