3 0.5953125 0.3109375 0.0828125 0.1015625
3 0.5359375 0.20546875 0.0671875 0.109375
3 0.478125 0.59453125 0.090625 0.065625
0 0.77734375 0.278125 0.065625 0.1
0 0.59921875 0.64140625 0.0734375 0.0578125
0 0.3796875 0.77421875 0.0671875 0.0671875
0 0.109375 0.2484375 0.0734375 0.040625
0 0.83828125 0.35390625 0.05625 0.0859375
1 0.30703125 0.62421875 0.05625 0.0703125
1 0.40703125 0.46953125 0.0578125 0.084375
1 0.28984375 0.30390625 0.0609375 0.0796875
1 0.2546875 0.375 0.0546875 0.0734375
1 0.15859375 0.3796875 0.0546875 0.078125
1 0.121875 0.534375 0.053125 0.078125
2 0.20078125 0.51015625 0.0578125 0.078125
1 0.0296875 0.72734375 0.0578125 0.090625
2 0.2484375 0.56875 0.065625 0.0984375
2 0.26640625 0.71171875 0.065625 0.0984375
2 0.0421875 0.81640625 0.0625 0.08125
2 0.47890625 0.86875 0.078125 0.09375
2 0.43828125 0.803125 0.0625 0.09375
2 0.48203125 0.709375 0.0515625 0.0734375
2 0.4171875 0.56796875 0.05625 0.0796875
2 0.63203125 0.54921875 0.06875 0.08125
2 0.56796875 0.7296875 0.059375 0.0890625
2 0.5578125 0.81953125 0.0625 0.075
2 0.7015625 0.30390625 0.053125 0.0765625
2 0.6359375 0.225 0.05625 0.075
2 0.42109375 0.2296875 0.065625 0.0890625
2 0.16953125 0.10703125 0.0578125 0.0828125
2 0.1125 0.20703125 0.0546875 0.0796875
2 0.07890625 0.02734375 0.0625 0.0546875
1 0.325 0.0640625 0.0546875 0.084375
1 0.47109375 0.13828125 0.0578125 0.078125
2 0.69609375 0.05703125 0.059375 0.1109375
2 0.73984375 0.06640625 0.0421875 0.0859375
2 0.68359375 0.2703125 0.0546875 0.078125
2 0.60859375 0.4140625 0.0578125 0.0859375
2 0.41875 0.31328125 0.0609375 0.0734375
2 0.11015625 0.32421875 0.053125 0.071875
2 0.3015625 0.915625 0.05625 0.0796875
2 0.9015625 0.5859375 0.0625 0.0875
2 0.9265625 0.32265625 0.059375 0.08125
2 0.74453125 0.15 0.0625 0.0734375
2 0.87109375 0.23671875 0.078125 0.0796875
1 0.83046875 0.71953125 0.0578125 0.0984375
1 0.78125 0.7734375 0.0625 0.065625
2 0.7328125 0.85859375 0.0625 0.0921875
2 0.9328125 0.74453125 0.0703125 0.0875
1 0.96875 0.8328125 0.0578125 0.0859375
0 0.025 0.07109375 0.05 0.05625
1 0.25078125 0.82109375 0.05625 0.0734375
1 0.30703125 0.7875 0.0609375 0.075
1 0.37734375 0.94765625 0.046875 0.0734375
1 0.69765625 0.42734375 0.0734375 0.0859375
1 0.64296875 0.7046875 0.0640625 0.0859375
2 0.16875 0.9703125 0.053125 0.059375
2 0.84375 0.08671875 0.0703125 0.115625
1 0.7953125 0.9765625 0.0578125 0.040625
1 0.02109375 0.9703125 0.0421875 0.053125