2 0.6 0.23671875 0.0546875 0.0828125
3 0.5671875 0.23828125 0.10625 0.10625
3 0.4671875 0.21875 0.103125 0.0515625
3 0.51328125 0.4375 0.090625 0.040625
3 0.640625 0.72890625 0.1140625 0.075
3 0.81015625 0.95390625 0.0875 0.0921875
0 0.84140625 0.54296875 0.0453125 0.1078125
3 0.7109375 0.71875 0.0921875 0.084375
4 0.709375 0.51328125 0.0625 0.0890625
4 0.953125 0.83984375 0.0625 0.0859375
3 0.31640625 0.3 0.1046875 0.040625
4 0.37421875 0.41171875 0.05625 0.078125
3 0.11953125 0.26875 0.0625 0.0546875
4 0.1328125 0.74765625 0.059375 0.071875
4 0.04140625 0.39296875 0.0765625 0.0859375
3 0.34921875 0.0375 0.084375 0.0515625
2 0.915625 0.06015625 0.08125 0.059375
1 0.8 0.05546875 0.0609375 0.08125
2 0.8828125 0.140625 0.053125 0.075
1 0.77734375 0.2125 0.053125 0.0796875
1 0.83515625 0.2484375 0.0609375 0.078125
2 0.9703125 0.28671875 0.05625 0.065625
2 0.959375 0.38828125 0.0609375 0.0890625
2 0.93125 0.4890625 0.04375 0.0734375
2 0.8875 0.48984375 0.0453125 0.0671875
2 0.846875 0.45078125 0.0484375 0.0734375
2 0.75390625 0.3546875 0.059375 0.0890625
1 0.68203125 0.29453125 0.05625 0.06875
2 0.67890625 0.1734375 0.0546875 0.0734375
2 0.684375 0.09375 0.059375 0.071875
2 0.9078125 0.0078125 0.0515625 0.015625
2 0.97578125 0.01171875 0.046875 0.0234375
2 0.98984375 0.215625 0.0203125 0.053125
2 0.9921875 0.49375 0.015625 0.0515625
2 0.91875 0.58984375 0.0578125 0.084375
2 0.63515625 0.18671875 0.046875 0.0796875
2 0.52578125 0.0703125 0.0453125 0.065625
1 0.465625 0.015625 0.05 0.03125
2 0.39296875 0.05546875 0.0546875 0.0828125
2 0.4484375 0.08671875 0.05 0.065625
2 0.3921875 0.265625 0.0578125 0.0765625
1 0.45625 0.346875 0.046875 0.065625
2 0.5359375 0.32734375 0.05 0.0734375
1 0.61796875 0.43046875 0.065625 0.078125
2 0.7109375 0.41328125 0.05 0.06875
1 0.6140625 0.51015625 0.0609375 0.0734375
1 0.53203125 0.5671875 0.05625 0.078125
1 0.696875 0.59765625 0.0484375 0.0734375
2 0.7390625 0.6765625 0.084375 0.0734375
2 0.6265625 0.6328125 0.05 0.0765625
2 0.51015625 0.64921875 0.0765625 0.084375
1 0.40625 0.64296875 0.0484375 0.075
1 0.871875 0.646875 0.05625 0.071875
2 0.8953125 0.721875 0.0578125 0.0734375
2 0.98046875 0.74921875 0.034375 0.0703125
2 0.85546875 0.73984375 0.0734375 0.0828125
2 0.87265625 0.8796875 0.0734375 0.0953125
2 0.86796875 0.8609375 0.0515625 0.0515625
1 0.91953125 0.9703125 0.0546875 0.059375
2 0.725 0.8765625 0.04375 0.065625
1 0.60625 0.95078125 0.0515625 0.071875
2 0.56171875 0.9 0.0484375 0.0703125
2 0.51171875 0.771875 0.0546875 0.0859375
2 0.55234375 0.7578125 0.05 0.075
1 0.4890625 0.86328125 0.0546875 0.065625
2 0.6953125 0.9890625 0.05 0.021875
2 0.51484375 0.9625 0.0578125 0.059375
2 0.425 0.92421875 0.0609375 0.0984375
2 0.4484375 0.78671875 0.0578125 0.0796875
2 0.98203125 0.784375 0.0359375 0.0515625
2 0.13671875 0.0203125 0.05625 0.0359375
2 0.03046875 0.02890625 0.05625 0.053125
2 0.0609375 0.07578125 0.0578125 0.065625
2 0.20390625 0.071875 0.0546875 0.0765625
2 0.23984375 0.09921875 0.040625 0.059375
2 0.24296875 0.17265625 0.0546875 0.0734375
1 0.27890625 0.2375 0.053125 0.075
1 0.1921875 0.2828125 0.053125 0.0640625
2 0.2796875 0.34375 0.05 0.059375
3 0.26640625 0.41796875 0.059375 0.0796875
3 0.19921875 0.425 0.078125 0.08125
2 0.21875 0.36640625 0.053125 0.065625
2 0.18203125 0.46796875 0.053125 0.075
2 0.415625 0.4 0.05625 0.0609375
1 0.32421875 0.484375 0.0453125 0.06875
2 0.29375 0.54375 0.0546875 0.0625
1 0.09921875 0.43046875 0.05625 0.0625
2 0.0296875 0.33046875 0.059375 0.078125
2 0.2328125 0.0546875 0.040625 0.05625
2 0.0875 0.553125 0.0484375 0.0703125
2 0.1640625 0.57265625 0.046875 0.0671875
2 0.17421875 0.54375 0.05625 0.0609375
2 0.22734375 0.61015625 0.0609375 0.0890625
1 0.28125 0.653125 0.05625 0.0734375
2 0.3359375 0.634375 0.0484375 0.075
2 0.38984375 0.75078125 0.059375 0.0734375
1 0.2734375 0.8140625 0.065625 0.0828125
2 0.190625 0.8109375 0.0546875 0.0734375
1 0.1765625 0.90390625 0.05625 0.0828125
2 0.27890625 0.90078125 0.0484375 0.05625
2 0.2421875 0.953125 0.0578125 0.06875
2 0.37109375 0.96875 0.0640625 0.059375
2 0.0828125 0.98203125 0.0578125 0.0296875
1 0.06875 0.72578125 0.0578125 0.0703125
2 0.01484375 0.6609375 0.0296875 0.0625