0 0.71953125 0.975 0.075 0.040625
0 0.86640625 0.546875 0.06875 0.0734375
0 0.796875 0.11015625 0.0703125 0.046875
0 0.88828125 0.27734375 0.05625 0.0828125
0 0.66171875 0.4265625 0.0765625 0.0421875
3 0.90703125 0.071875 0.14375 0.0359375
3 0.63359375 0.04296875 0.084375 0.078125
3 0.83984375 0.92421875 0.0796875 0.0671875
3 0.61328125 0.53203125 0.10625 0.053125
3 0.465625 0.1453125 0.084375 0.0796875
3 0.36015625 0.33046875 0.115625 0.046875
3 0.159375 0.39453125 0.075 0.0984375
0 0.396875 0.4875 0.0578125 0.0703125
0 0.45234375 0.35390625 0.0640625 0.06875
0 0.3984375 0.23671875 0.0734375 0.0546875
0 0.10703125 0.25 0.034375 0.109375
0 0.2890625 0.015625 0.034375 0.03125
0 0.30546875 0.93828125 0.0640625 0.05
0 0.2625 0.88359375 0.05625 0.06875
0 0.28125 0.71328125 0.0375 0.1
0 0.33671875 0.6390625 0.0625 0.05
0 0.1515625 0.640625 0.0671875 0.0546875
0 0.57734375 0.7625 0.065625 0.0609375
0 0.6015625 0.7234375 0.040625 0.078125
3 0.15625 0.99140625 0.025 0.0171875
3 0.08671875 0.58359375 0.084375 0.084375
0 0.078125 0.1453125 0.0296875 0.0859375
1 0.8046875 0.2578125 0.0640625 0.0796875
2 0.96328125 0.87890625 0.0484375 0.075
1 0.9828125 0.59921875 0.034375 0.075
2 0.5671875 0.8328125 0.046875 0.0484375
2 0.50078125 0.828125 0.0546875 0.0859375
1 0.68515625 0.69296875 0.0515625 0.0859375
2 0.8640625 0.49765625 0.0578125 0.059375
2 0.990625 0.425 0.01875 0.046875
1 0.71953125 0.4875 0.0546875 0.071875
1 0.8375 0.33125 0.0609375 0.075
2 0.93828125 0.29140625 0.0421875 0.04375
2 0.95078125 0.2859375 0.0609375 0.0625
1 0.596875 0.41171875 0.065625 0.075
2 0.63984375 0.296875 0.0578125 0.075
2 0.51171875 0.03046875 0.0484375 0.05625
2 0.5421875 0.0109375 0.0390625 0.021875
2 0.4109375 0.07109375 0.0515625 0.06875
2 0.4578125 0.1921875 0.0515625 0.0578125
2 0.39765625 0.803125 0.0546875 0.071875
2 0.25078125 0.9484375 0.06875 0.0609375
2 0.26328125 0.98203125 0.0390625 0.0359375
2 0.096875 0.9890625 0.0546875 0.021875
2 0.04921875 0.89609375 0.0609375 0.071875
2 0.053125 0.84453125 0.0546875 0.0796875
2 0.1140625 0.86640625 0.0546875 0.09375
1 0.2015625 0.83515625 0.059375 0.078125
2 0.25078125 0.77890625 0.0640625 0.059375
2 0.28203125 0.83203125 0.0421875 0.0578125
2 0.13046875 0.7703125 0.053125 0.065625
2 0.07578125 0.6921875 0.0703125 0.09375
2 0.2671875 0.64296875 0.0671875 0.071875
4 0.46796875 0.678125 0.06875 0.0890625
2 0.40390625 0.56171875 0.078125 0.0546875
2 0.22578125 0.5578125 0.04375 0.0828125
2 0.27734375 0.5234375 0.0578125 0.1
2 0.340625 0.46484375 0.05 0.0625
2 0.36953125 0.39140625 0.0546875 0.0671875
2 0.31796875 0.3671875 0.0453125 0.0609375
1 0.35703125 0.19609375 0.05 0.071875
2 0.41015625 0.14375 0.0640625 0.08125
2 0.22578125 0.11640625 0.04375 0.05625
2 0.19609375 0.1265625 0.0484375 0.0625
2 0.19453125 0.0515625 0.071875 0.084375
2 0.1515625 0.05703125 0.05625 0.065625
4 0.03203125 0.14609375 0.05 0.08125
2 0.0109375 0.046875 0.021875 0.08125
2 0.01875 0.24453125 0.0375 0.05625
2 0.03984375 0.253125 0.0640625 0.0796875
2 0.02109375 0.44765625 0.0421875 0.0890625
2 0.24609375 0.46328125 0.0765625 0.0890625