0 0.5921875 0.36953125 0.1140625 0.0546875
0 0.4765625 0.478125 0.1109375 0.04375
0 0.58203125 0.54921875 0.084375 0.0625
0 0.27421875 0.4875 0.0484375 0.1171875
0 0.11484375 0.9546875 0.0578125 0.090625
0 0.77890625 0.6484375 0.0515625 0.1140625
0 0.84921875 0.76640625 0.090625 0.053125
0 0.96640625 0.96484375 0.0671875 0.0703125
2 0.68203125 0.778125 0.0625 0.0875
2 0.7640625 0.8921875 0.0671875 0.0828125
2 0.6234375 0.91953125 0.0640625 0.09375
2 0.890625 0.92421875 0.090625 0.096875
2 0.8765625 0.7 0.06875 0.0859375
2 0.87421875 0.565625 0.0640625 0.0734375
2 0.7875 0.49296875 0.0609375 0.0859375
2 0.85078125 0.48046875 0.071875 0.1
2 0.7859375 0.41015625 0.0625 0.0828125
2 0.70234375 0.365625 0.059375 0.071875
2 0.61796875 0.45859375 0.0734375 0.0828125
2 0.48515625 0.41640625 0.075 0.0828125
2 0.54453125 0.2765625 0.071875 0.096875
2 0.671875 0.2703125 0.0671875 0.090625
2 0.57265625 0.14375 0.0703125 0.109375
2 0.68828125 0.07578125 0.06875 0.09375
2 0.75546875 0.0546875 0.0609375 0.0921875
2 0.41875 0.23515625 0.0546875 0.0828125
2 0.33984375 0.21484375 0.0703125 0.0859375
2 0.31796875 0.425 0.065625 0.078125
2 0.3265625 0.50859375 0.059375 0.05625
2 0.3203125 0.57890625 0.065625 0.0921875
2 0.51015625 0.59765625 0.08125 0.103125
2 0.603125 0.6015625 0.06875 0.0859375
2 0.59296875 0.75078125 0.053125 0.0765625
2 0.48515625 0.76875 0.0625 0.0890625
2 0.509375 0.8578125 0.0578125 0.08125
2 0.55390625 0.95859375 0.08125 0.0828125
2 0.30625 0.9375 0.0625 0.0890625
2 0.27265625 0.7765625 0.0625 0.084375
2 0.14765625 0.82578125 0.05 0.0796875
2 0.06171875 0.84765625 0.06875 0.0734375
2 0.05078125 0.9390625 0.0609375 0.06875
2 0.10390625 0.64140625 0.0625 0.078125
2 0.05625 0.6765625 0.0484375 0.0953125
2 0.196875 0.4984375 0.053125 0.0796875
2 0.23125 0.41875 0.0578125 0.0875
2 0.11328125 0.42109375 0.0703125 0.0953125
2 0.171875 0.321875 0.0625 0.0859375
2 0.13359375 0.25546875 0.0484375 0.0796875
2 0.146875 0.128125 0.0609375 0.096875
2 0.0875 0.1328125 0.0578125 0.0828125
2 0.046875 0.41328125 0.0640625 0.1015625
2 0.05703125 0.5421875 0.059375 0.08125
2 0.4359375 0.0390625 0.05625 0.0734375
0 0.78671875 0.578125 0.078125 0.053125