0 0.4078125 0.36953125 0.1140625 0.0546875
0 0.5234375 0.478125 0.1109375 0.04375
0 0.41796875 0.54921875 0.084375 0.0625
0 0.72578125 0.4875 0.0484375 0.1171875
0 0.88515625 0.9546875 0.0578125 0.090625
0 0.22109375 0.6484375 0.0515625 0.1140625
0 0.15078125 0.76640625 0.090625 0.053125
0 0.03359375 0.96484375 0.0671875 0.0703125
2 0.31796875 0.778125 0.0625 0.0875
2 0.2359375 0.8921875 0.0671875 0.0828125
2 0.3765625 0.91953125 0.0640625 0.09375
2 0.109375 0.92421875 0.090625 0.096875
2 0.1234375 0.7 0.06875 0.0859375
2 0.12578125 0.565625 0.0640625 0.0734375
2 0.2125 0.49296875 0.0609375 0.0859375
2 0.14921875 0.48046875 0.071875 0.1
2 0.2140625 0.41015625 0.0625 0.0828125
2 0.29765625 0.365625 0.059375 0.071875
2 0.38203125 0.45859375 0.0734375 0.0828125
2 0.51484375 0.41640625 0.075 0.0828125
2 0.45546875 0.2765625 0.071875 0.096875
2 0.328125 0.2703125 0.0671875 0.090625
2 0.42734375 0.14375 0.0703125 0.109375
2 0.31171875 0.07578125 0.06875 0.09375
2 0.24453125 0.0546875 0.0609375 0.0921875
2 0.58125 0.23515625 0.0546875 0.0828125
2 0.66015625 0.21484375 0.0703125 0.0859375
2 0.68203125 0.425 0.065625 0.078125
2 0.6734375 0.50859375 0.059375 0.05625
2 0.6796875 0.57890625 0.065625 0.0921875
2 0.48984375 0.59765625 0.08125 0.103125
2 0.396875 0.6015625 0.06875 0.0859375
2 0.40703125 0.75078125 0.053125 0.0765625
2 0.51484375 0.76875 0.0625 0.0890625
2 0.490625 0.8578125 0.0578125 0.08125
2 0.44609375 0.95859375 0.08125 0.0828125
2 0.69375 0.9375 0.0625 0.0890625
2 0.72734375 0.7765625 0.0625 0.084375
2 0.85234375 0.82578125 0.05 0.0796875
2 0.93828125 0.84765625 0.06875 0.0734375
2 0.94921875 0.9390625 0.0609375 0.06875
2 0.89609375 0.64140625 0.0625 0.078125
2 0.94375 0.6765625 0.0484375 0.0953125
2 0.803125 0.4984375 0.053125 0.0796875
2 0.76875 0.41875 0.0578125 0.0875
2 0.88671875 0.42109375 0.0703125 0.0953125
2 0.828125 0.321875 0.0625 0.0859375
2 0.86640625 0.25546875 0.0484375 0.0796875
2 0.853125 0.128125 0.0609375 0.096875
2 0.9125 0.1328125 0.0578125 0.0828125
2 0.953125 0.41328125 0.0640625 0.1015625
2 0.94296875 0.5421875 0.059375 0.08125
2 0.5640625 0.0390625 0.05625 0.0734375
0 0.21328125 0.578125 0.078125 0.053125