0 0.5921875 0.63046875 0.1140625 0.0546875
0 0.4765625 0.521875 0.1109375 0.04375
0 0.58203125 0.45078125 0.084375 0.0625
0 0.27421875 0.5125 0.0484375 0.1171875
0 0.11484375 0.0453125 0.0578125 0.090625
0 0.77890625 0.3515625 0.0515625 0.1140625
0 0.84921875 0.23359375 0.090625 0.053125
0 0.96640625 0.03515625 0.0671875 0.0703125
2 0.68203125 0.221875 0.0625 0.0875
2 0.7640625 0.1078125 0.0671875 0.0828125
2 0.6234375 0.08046875 0.0640625 0.09375
2 0.890625 0.07578125 0.090625 0.096875
2 0.8765625 0.3 0.06875 0.0859375
2 0.87421875 0.434375 0.0640625 0.0734375
2 0.7875 0.50703125 0.0609375 0.0859375
2 0.85078125 0.51953125 0.071875 0.1
2 0.7859375 0.58984375 0.0625 0.0828125
2 0.70234375 0.634375 0.059375 0.071875
2 0.61796875 0.54140625 0.0734375 0.0828125
2 0.48515625 0.58359375 0.075 0.0828125
2 0.54453125 0.7234375 0.071875 0.096875
2 0.671875 0.7296875 0.0671875 0.090625
2 0.57265625 0.85625 0.0703125 0.109375
2 0.68828125 0.92421875 0.06875 0.09375
2 0.75546875 0.9453125 0.0609375 0.0921875
2 0.41875 0.76484375 0.0546875 0.0828125
2 0.33984375 0.78515625 0.0703125 0.0859375
2 0.31796875 0.575 0.065625 0.078125
2 0.3265625 0.49140625 0.059375 0.05625
2 0.3203125 0.42109375 0.065625 0.0921875
2 0.51015625 0.40234375 0.08125 0.103125
2 0.603125 0.3984375 0.06875 0.0859375
2 0.59296875 0.24921875 0.053125 0.0765625
2 0.48515625 0.23125 0.0625 0.0890625
2 0.509375 0.1421875 0.0578125 0.08125
2 0.55390625 0.04140625 0.08125 0.0828125
2 0.30625 0.0625 0.0625 0.0890625
2 0.27265625 0.2234375 0.0625 0.084375
2 0.14765625 0.17421875 0.05 0.0796875
2 0.06171875 0.15234375 0.06875 0.0734375
2 0.05078125 0.0609375 0.0609375 0.06875
2 0.10390625 0.35859375 0.0625 0.078125
2 0.05625 0.3234375 0.0484375 0.0953125
2 0.196875 0.5015625 0.053125 0.0796875
2 0.23125 0.58125 0.0578125 0.0875
2 0.11328125 0.57890625 0.0703125 0.0953125
2 0.171875 0.678125 0.0625 0.0859375
2 0.13359375 0.74453125 0.0484375 0.0796875
2 0.146875 0.871875 0.0609375 0.096875
2 0.0875 0.8671875 0.0578125 0.0828125
2 0.046875 0.58671875 0.0640625 0.1015625
2 0.05703125 0.4578125 0.059375 0.08125
2 0.4359375 0.9609375 0.05625 0.0734375
0 0.78671875 0.421875 0.078125 0.053125