3 0.50390625 0.4375 0.053125 0.109375
3 0.8265625 0.6625 0.096875 0.046875
3 0.62578125 0.33515625 0.1015625 0.046875
0 0.4484375 0.08359375 0.0453125 0.090625
0 0.590625 0.3734375 0.0734375 0.046875
0 0.503125 0.54921875 0.0765625 0.05
0 0.49453125 0.528125 0.0265625 0.059375
0 0.45625 0.678125 0.0859375 0.0640625
0 0.8265625 0.05390625 0.0703125 0.065625
0 0.59453125 0.9484375 0.0578125 0.090625
0 0.971875 0.57421875 0.05625 0.0796875
0 0.43984375 0.87734375 0.0546875 0.0859375
3 0.1 0.04453125 0.0671875 0.0890625
3 0.2234375 0.53203125 0.0890625 0.075
3 0.04140625 0.20078125 0.078125 0.0609375
4 0.36796875 0.7921875 0.0625 0.084375
2 0.69296875 0.03984375 0.046875 0.0734375
2 0.8140625 0.0125 0.05625 0.021875
2 0.82578125 0.121875 0.071875 0.05625
2 0.9375 0.1640625 0.05 0.06875
2 0.9421875 0.38203125 0.059375 0.071875
2 0.79296875 0.19140625 0.0625 0.0828125
2 0.559375 0.134375 0.06875 0.0859375
2 0.57109375 0.29296875 0.0578125 0.0703125
2 0.5296875 0.34296875 0.05625 0.0671875
2 0.4765625 0.41171875 0.0640625 0.0859375
2 0.56953125 0.46328125 0.065625 0.0859375
0 0.72578125 0.35625 0.0625 0.0703125
2 0.9921875 0.30390625 0.015625 0.0359375
2 0.98984375 0.46484375 0.0203125 0.0734375
2 0.90390625 0.609375 0.05 0.084375
2 0.97578125 0.65078125 0.0484375 0.0859375
2 0.871875 0.74375 0.0734375 0.078125
2 0.840625 0.8015625 0.0578125 0.06875
1 0.97890625 0.90703125 0.0421875 0.078125
2 0.7859375 0.9265625 0.0546875 0.0640625
2 0.6046875 0.83828125 0.0578125 0.084375
1 0.6734375 0.5546875 0.053125 0.0796875
2 0.68515625 0.63984375 0.0484375 0.078125
2 0.5421875 0.55390625 0.0609375 0.084375
1 0.4328125 0.62109375 0.0625 0.075
2 0.3921875 0.24921875 0.078125 0.0609375
2 0.3328125 0.29765625 0.0671875 0.0703125
2 0.3984375 0.31015625 0.071875 0.0578125
2 0.26875 0.2875 0.0625 0.0875
2 0.35 0.3921875 0.059375 0.0703125
2 0.15859375 0.040625 0.053125 0.0796875
2 0.071875 0.0296875 0.0640625 0.059375
2 0.153125 0.09296875 0.0578125 0.06875
2 0.125 0.21328125 0.0625 0.06875
2 0.06328125 0.2984375 0.0546875 0.05625
2 0.4140625 0.9515625 0.06875 0.0875
2 0.1296875 0.8015625 0.046875 0.059375
2 0.07578125 0.6609375 0.0515625 0.059375
2 0.05390625 0.64453125 0.0609375 0.0671875
2 0.14140625 0.61484375 0.0640625 0.05
2 0.10390625 0.57421875 0.0671875 0.0625
2 0.1046875 0.5046875 0.0609375 0.0625
1 0.053125 0.54609375 0.05625 0.0796875
2 0.02734375 0.471875 0.0546875 0.075
2 0.12421875 0.3640625 0.0609375 0.0640625
2 0.18125 0.46015625 0.0421875 0.059375
2 0.00859375 0.7328125 0.0140625 0.071875