3 0.559375 0.25390625 0.04375 0.1203125
3 0.87734375 0.5359375 0.0828125 0.046875
3 0.9828125 0.40859375 0.034375 0.0609375
0 0.50703125 0.0390625 0.0359375 0.078125
0 0.6125 0.28984375 0.0625 0.0703125
0 0.68828125 0.2546875 0.084375 0.05625
0 0.73359375 0.80234375 0.0640625 0.0796875
0 0.4296875 0.79140625 0.065625 0.1078125
0 0.890625 0.975 0.065625 0.05
0 0.11484375 0.0828125 0.06875 0.0765625
3 0.06484375 0.1453125 0.06875 0.084375
3 0.0359375 0.1609375 0.0703125 0.08125
3 0.2546875 0.28984375 0.0703125 0.0859375
0 0.22578125 0.70625 0.0625 0.0859375
0 0.2328125 0.54765625 0.075 0.0515625
0 0.18359375 0.3328125 0.0390625 0.096875
0 0.21953125 0.371875 0.059375 0.0859375
0 0.3203125 0.16875 0.084375 0.05625
2 0.7640625 0.0296875 0.1109375 0.059375
2 0.86328125 0.04375 0.046875 0.0625
1 0.84609375 0.24140625 0.05625 0.075
2 0.92421875 0.30234375 0.059375 0.09375
2 0.65703125 0.06875 0.053125 0.0671875
2 0.64296875 0.13828125 0.0640625 0.05
2 0.68125 0.19296875 0.0609375 0.05
1 0.56875 0.1546875 0.0640625 0.071875
2 0.63671875 0.3453125 0.0625 0.0453125
2 0.4828125 0.42734375 0.0640625 0.05
2 0.5671875 0.4609375 0.0625 0.05625
1 0.7109375 0.45078125 0.05 0.075
2 0.9890625 0.3359375 0.021875 0.06875
2 0.66171875 0.52890625 0.0828125 0.059375
2 0.80859375 0.559375 0.0625 0.0953125
2 0.98515625 0.50078125 0.0296875 0.0828125
2 0.82109375 0.7265625 0.071875 0.065625
2 0.98671875 0.8453125 0.025 0.0796875
2 0.63203125 0.7125 0.065625 0.075
2 0.51796875 0.75625 0.0375 0.0984375
2 0.56640625 0.7609375 0.059375 0.090625
1 0.534375 0.8375 0.059375 0.06875
2 0.58671875 0.871875 0.065625 0.0765625
2 0.52890625 0.90234375 0.0671875 0.065625
2 0.45234375 0.96953125 0.059375 0.0609375
2 0.571875 0.9796875 0.0609375 0.040625
2 0.6359375 0.7921875 0.0546875 0.0765625
2 0.69296875 0.840625 0.05625 0.0703125
2 0.7078125 0.92578125 0.046875 0.0796875
2 0.75859375 0.94296875 0.053125 0.075
2 0.81171875 0.971875 0.0609375 0.0546875
2 0.72109375 0.9828125 0.0546875 0.028125
2 0.071875 0.053125 0.0578125 0.1
2 0.1453125 0.021875 0.0578125 0.040625
2 0.1921875 0.01484375 0.04375 0.0296875
2 0.1421875 0.1125 0.0640625 0.084375
2 0.06015625 0.23125 0.06875 0.090625
2 0.25546875 0.16015625 0.0625 0.0546875
2 0.4 0.15390625 0.0625 0.0796875
2 0.0625 0.425 0.0578125 0.065625
2 0.15 0.4 0.05625 0.0703125
2 0.17265625 0.4296875 0.0625 0.0703125
2 0.1703125 0.5015625 0.0625 0.065625
2 0.3515625 0.43984375 0.0546875 0.0796875
2 0.3921875 0.9625 0.059375 0.065625
2 0.42109375 0.5578125 0.0625 0.0671875
2 0.35234375 0.58046875 0.0359375 0.0484375
2 0.315625 0.6015625 0.0625 0.0515625
2 0.253125 0.74375 0.0546875 0.0625
2 0.23359375 0.9875 0.059375 0.021875
2 0.01640625 0.84453125 0.0328125 0.0609375
2 0.02890625 0.921875 0.0515625 0.1046875