3 0.4890625 0.25859375 0.0890625 0.053125
3 0.50234375 0.43359375 0.0578125 0.103125
3 0.36484375 0.4859375 0.0296875 0.1421875
3 0.29765625 0.3734375 0.096875 0.053125
3 0.34140625 0.32578125 0.0703125 0.06875
3 0.6421875 0.56640625 0.0359375 0.1390625
3 0.584375 0.5140625 0.0828125 0.05625
3 0.12265625 0.92109375 0.0703125 0.059375
0 0.19140625 0.18828125 0.053125 0.09375
0 0.61328125 0.3046875 0.0453125 0.1
0 0.5859375 0.328125 0.084375 0.0390625
3 0.5828125 0.05703125 0.0703125 0.0796875
3 0.7 0.75546875 0.1109375 0.065625
3 0.85859375 0.84609375 0.096875 0.0734375
3 0.63984375 0.825 0.0703125 0.0734375
3 0.79296875 0.3296875 0.0734375 0.1140625
3 0.828125 0.0796875 0.075 0.0625
3 0.65703125 0.16171875 0.0984375 0.0734375
0 0.6890625 0.35703125 0.0703125 0.0546875
0 0.74140625 0.43828125 0.0796875 0.0421875
0 0.7671875 0.4703125 0.0390625 0.1140625
0 0.94765625 0.88359375 0.0765625 0.0734375
0 0.8390625 0.98359375 0.0828125 0.0328125
0 0.4703125 0.9828125 0.078125 0.0328125
4 0.48984375 0.378125 0.0578125 0.0875
4 0.07421875 0.06875 0.0578125 0.0953125
2 0.3609375 0.0796875 0.0671875 0.0828125
2 0.321875 0.03046875 0.059375 0.0578125
2 0.2453125 0.196875 0.053125 0.08125
2 0.06015625 0.42109375 0.0515625 0.0765625
2 0.08046875 0.4765625 0.0625 0.05625
2 0.353125 0.2515625 0.0625 0.059375
1 0.41640625 0.25390625 0.0484375 0.0765625
2 0.2953125 0.33671875 0.0453125 0.065625
1 0.03984375 0.67890625 0.0625 0.0984375
2 0.05390625 0.740625 0.053125 0.0734375
2 0.00625 0.76328125 0.0125 0.0578125
2 0.0171875 0.86796875 0.034375 0.0734375
2 0.0625 0.87734375 0.0609375 0.071875
2 0.1359375 0.82421875 0.053125 0.059375
2 0.178125 0.87578125 0.059375 0.0828125
2 0.2203125 0.88828125 0.0578125 0.0984375
2 0.32578125 0.91484375 0.0625 0.08125
2 0.4109375 0.8421875 0.0546875 0.0765625
2 0.3796875 0.68515625 0.0515625 0.0671875
2 0.30703125 0.6375 0.0515625 0.0609375
2 0.26328125 0.50234375 0.053125 0.075
2 0.29765625 0.50703125 0.0453125 0.071875
2 0.42109375 0.92265625 0.065625 0.0609375
2 0.6046875 0.009375 0.0578125 0.01875
2 0.6453125 0.08125 0.0625 0.078125
1 0.60078125 0.2203125 0.059375 0.0765625
2 0.54765625 0.47109375 0.0546875 0.075
2 0.8046875 0.2265625 0.046875 0.0609375
2 0.88359375 0.071875 0.059375 0.103125
2 0.8578125 0.26875 0.0484375 0.0765625
2 0.8671875 0.16015625 0.0546875 0.065625
2 0.90625 0.1625 0.05 0.06875
2 0.96875 0.15390625 0.059375 0.0828125
1 0.94609375 0.26328125 0.059375 0.08125
2 0.86015625 0.38046875 0.046875 0.0875
1 0.79921875 0.40234375 0.059375 0.08125
2 0.6734375 0.4796875 0.071875 0.05
2 0.80390625 0.5453125 0.075 0.0796875
2 0.59921875 0.7453125 0.0421875 0.0671875
2 0.6921875 0.778125 0.0703125 0.05
1 0.67265625 0.94453125 0.0625 0.06875
2 0.96171875 0.9453125 0.071875 0.0765625
2 0.64921875 0.98828125 0.065625 0.021875
2 0.99140625 0.38359375 0.0171875 0.071875
3 0.99140625 0.575 0.0171875 0.025
2 0.9875 0.51015625 0.021875 0.090625
1 0.49375 0.5875 0.071875 0.09375