0 0.40078125 0.16328125 0.0796875 0.053125
0 0.56484375 0.16875 0.0734375 0.0640625
0 0.6734375 0.98125 0.0640625 0.0375
0 0.94296875 0.978125 0.0859375 0.04375
3 0.82109375 0.48515625 0.0859375 0.046875
2 0.0265625 0.95625 0.053125 0.065625
2 0.1421875 0.91796875 0.05625 0.0796875
2 0.02421875 0.87890625 0.0484375 0.075
2 0.015625 0.809375 0.03125 0.078125
2 0.0640625 0.81171875 0.0515625 0.0953125
2 0.25078125 0.87734375 0.0625 0.0859375
2 0.34140625 0.940625 0.0609375 0.0796875
2 0.32890625 0.85390625 0.0609375 0.0890625
2 0.46328125 0.8375 0.0625 0.0609375
2 0.4875 0.7796875 0.0484375 0.0796875
2 0.428125 0.76875 0.0640625 0.071875
2 0.3671875 0.7859375 0.059375 0.071875
2 0.3234375 0.7375 0.0671875 0.071875
2 0.2328125 0.78203125 0.0578125 0.0703125
2 0.25234375 0.71953125 0.0578125 0.075
2 0.1890625 0.6828125 0.05625 0.09375
2 0.12421875 0.64921875 0.0609375 0.071875
2 0.02578125 0.6671875 0.0515625 0.078125
2 0.02890625 0.55625 0.05625 0.078125
2 0.01328125 0.48984375 0.0265625 0.0671875
2 0.08671875 0.50625 0.05 0.0640625
2 0.1421875 0.584375 0.05625 0.0546875
2 0.234375 0.63125 0.0625 0.075
2 0.30078125 0.621875 0.059375 0.071875
2 0.23515625 0.540625 0.0625 0.071875
2 0.165625 0.44921875 0.053125 0.08125
2 0.13203125 0.38125 0.05625 0.090625
2 0.08671875 0.325 0.0625 0.0734375
2 0.0296875 0.25390625 0.0515625 0.0890625
2 0.06328125 0.175 0.046875 0.0625
2 0.14921875 0.140625 0.065625 0.0609375
2 0.26015625 0.25546875 0.0609375 0.0796875
2 0.21953125 0.309375 0.065625 0.090625
2 0.18046875 0.24609375 0.06875 0.0765625
2 0.2765625 0.1515625 0.0625 0.075
2 0.1953125 0.0390625 0.084375 0.0734375
2 0.27578125 0.0125 0.0640625 0.025
2 0.365625 0.01015625 0.04375 0.0171875
2 0.37109375 0.11953125 0.0796875 0.0671875
2 0.49140625 0.3328125 0.0609375 0.075
4 0.39921875 0.42890625 0.053125 0.0890625
2 0.3421875 0.46796875 0.0515625 0.0765625
2 0.56484375 0.3796875 0.0703125 0.065625
1 0.50703125 0.4421875 0.0546875 0.06875
1 0.4609375 0.69140625 0.05625 0.0703125
2 0.4046875 0.6984375 0.0421875 0.0484375
2 0.38046875 0.60703125 0.0421875 0.075
2 0.41171875 0.5578125 0.046875 0.0609375
2 0.4484375 0.61328125 0.0578125 0.0734375
2 0.54140625 0.6515625 0.05 0.0890625
2 0.54609375 0.55546875 0.0609375 0.078125
2 0.50234375 0.53125 0.059375 0.05625
2 0.5828125 0.71015625 0.0546875 0.065625
2 0.57109375 0.85390625 0.0625 0.0859375
1 0.565625 0.475 0.0640625 0.071875
2 0.59375 0.95546875 0.0578125 0.0796875
2 0.78125 0.81484375 0.0578125 0.0703125
2 0.615625 0.80234375 0.059375 0.0734375
2 0.62890625 0.7328125 0.0515625 0.071875
2 0.69609375 0.76328125 0.0578125 0.0703125
2 0.72265625 0.68828125 0.05 0.0859375
2 0.66171875 0.615625 0.0703125 0.09375
2 0.6203125 0.6546875 0.065625 0.0796875
2 0.7375 0.6140625 0.0625 0.0734375
2 0.80390625 0.59453125 0.0546875 0.0734375
2 0.67578125 0.53984375 0.0609375 0.071875
2 0.89921875 0.91640625 0.065625 0.0890625
2 0.9875 0.90078125 0.025 0.075
2 0.96640625 0.7515625 0.059375 0.0734375
2 0.99296875 0.696875 0.0125 0.0515625
2 0.975 0.6140625 0.0453125 0.05625
2 0.89921875 0.61171875 0.059375 0.075
2 0.85078125 0.54453125 0.05625 0.0890625
2 0.87734375 0.4359375 0.0625 0.0703125
2 0.6796875 0.43984375 0.0609375 0.075
2 0.79921875 0.4265625 0.0546875 0.0703125
2 0.93828125 0.40390625 0.059375 0.0734375
2 0.66875 0.35859375 0.05625 0.0734375
2 0.66875 0.2359375 0.0703125 0.0484375
2 0.69609375 0.0671875 0.0703125 0.0734375
2 0.8421875 0.0859375 0.0703125 0.078125
2 0.96640625 0.20390625 0.0625 0.0859375
2 0.9734375 0.06640625 0.053125 0.0765625
2 0.928125 0.0265625 0.0609375 0.053125
2 0.74609375 0.01796875 0.05625 0.0359375