0 0.56484375 0.5453125 0.071875 0.065625
0 0.4890625 0.3953125 0.0671875 0.0734375
0 0.8046875 0.43515625 0.08125 0.0515625
0 0.03125 0.61640625 0.0625 0.06875
2 0.74609375 0.6015625 0.0625 0.0796875
2 0.2859375 0.403125 0.059375 0.078125
2 0.15859375 0.34609375 0.0546875 0.075
2 0.13984375 0.26796875 0.059375 0.0859375
2 0.184375 0.8546875 0.0625 0.0734375
2 0.77578125 0.890625 0.0515625 0.0796875
2 0.709375 0.971875 0.0640625 0.05625
2 0.55234375 0.96796875 0.0609375 0.0640625
2 0.478125 0.96640625 0.0609375 0.0671875
2 0.4234375 0.95703125 0.065625 0.0859375
2 0.31875 0.9046875 0.06875 0.0796875
2 0.15 0.9671875 0.06875 0.065625
2 0.0828125 0.96796875 0.0640625 0.0625
2 0.0953125 0.6984375 0.0625 0.090625
2 0.203125 0.6046875 0.0609375 0.078125
2 0.403125 0.54453125 0.08125 0.0890625
1 0.2171875 0.515625 0.059375 0.090625
1 0.371875 0.26640625 0.0625 0.075
1 0.48828125 0.06796875 0.05625 0.0796875
1 0.67734375 0.23671875 0.05625 0.0796875
1 0.93515625 0.7765625 0.0625 0.08125
1 0.60859375 0.70859375 0.0609375 0.0859375
1 0.63203125 0.57421875 0.0609375 0.0765625
1 0.30546875 0.2671875 0.0625 0.0796875
1 0.25078125 0.36171875 0.053125 0.0671875
1 0.2046875 0.4234375 0.0609375 0.08125
2 0.75546875 0.6953125 0.0625 0.09375
2 0.8 0.54765625 0.0609375 0.09375
2 0.684375 0.4875 0.0578125 0.0765625
2 0.6109375 0.36953125 0.0703125 0.0875
2 0.7234375 0.29765625 0.065625 0.090625
2 0.7265625 0.1796875 0.0625 0.0890625
2 0.80078125 0.2 0.065625 0.0828125
2 0.984375 0.5953125 0.03125 0.075
2 0.98515625 0.75546875 0.0296875 0.096875
2 0.5484375 0.3328125 0.0625 0.0859375
2 0.453125 0.26640625 0.0515625 0.0828125
2 0.24296875 0.28046875 0.0703125 0.09375
2 0.1671875 0.1296875 0.065625 0.1
2 0.06640625 0.275 0.059375 0.0828125
3 0.0734375 0.39453125 0.0515625 0.075
2 0.0359375 0.49296875 0.05625 0.1171875
2 0.08125 0.49140625 0.0515625 0.0671875
1 0.0203125 0.13125 0.040625 0.0671875
2 0.40625 0.03671875 0.071875 0.0734375
2 0.94296875 0.03515625 0.059375 0.0640625
2 0.98359375 0.11640625 0.0328125 0.0734375
2 0.28671875 0.97265625 0.0484375 0.053125
2 0.94453125 0.68515625 0.0640625 0.05