3 0.91328125 0.590625 0.11875 0.0796875
3 0.77890625 0.45390625 0.1046875 0.0640625
3 0.684375 0.3 0.1015625 0.0515625
3 0.4046875 0.57265625 0.09375 0.0703125
3 0.40234375 0.2828125 0.0765625 0.05625
3 0.50234375 0.2703125 0.1453125 0.046875
3 0.4296875 0.13046875 0.0640625 0.0984375
3 0.584375 0.07890625 0.059375 0.08125
3 0.4328125 0.87578125 0.0859375 0.1015625
3 0.73125 0.7578125 0.0984375 0.06875
3 0.021875 0.84453125 0.04375 0.06875
3 0.09609375 0.359375 0.0921875 0.1421875
3 0.24375 0.19140625 0.0890625 0.0734375
3 0.428125 0.02890625 0.0640625 0.0546875
2 0.44453125 0.0140625 0.04375 0.028125
2 0.390625 0.02578125 0.0453125 0.0515625
4 0.5625 0.31796875 0.0671875 0.0796875
2 0.97734375 0.82890625 0.0421875 0.0984375
2 0.76953125 0.92265625 0.059375 0.0828125
2 0.78359375 0.97421875 0.05625 0.05
1 0.6984375 0.96328125 0.053125 0.065625
1 0.63828125 0.9546875 0.0546875 0.071875
2 0.7734375 0.81328125 0.05 0.1078125
1 0.84296875 0.82265625 0.0609375 0.0703125
2 0.69375 0.7171875 0.075 0.065625
2 0.61171875 0.81953125 0.053125 0.05625
2 0.58359375 0.81328125 0.0515625 0.065625
2 0.4578125 0.8265625 0.0546875 0.0703125
2 0.5203125 0.990625 0.0515625 0.01875
2 0.40390625 0.978125 0.06875 0.04375
2 0.37734375 0.78203125 0.0703125 0.0640625
2 0.378125 0.7078125 0.0546875 0.065625
2 0.41171875 0.69921875 0.0453125 0.071875
1 0.509375 0.621875 0.05 0.0828125
1 0.59140625 0.50234375 0.05 0.059375
1 0.51875 0.503125 0.0578125 0.08125
1 0.5578125 0.446875 0.05 0.0703125
1 0.58515625 0.3953125 0.0515625 0.075
1 0.64140625 0.44453125 0.05 0.059375
1 0.68515625 0.49375 0.0484375 0.075
2 0.73203125 0.66484375 0.040625 0.0625
2 0.73359375 0.59609375 0.05 0.0625
1 0.7890625 0.5203125 0.059375 0.078125
1 0.84140625 0.71171875 0.0484375 0.0546875
2 0.965625 0.71953125 0.0515625 0.0703125
2 0.9828125 0.653125 0.034375 0.0703125
2 0.978125 0.590625 0.0359375 0.0640625
1 0.97109375 0.44296875 0.0578125 0.0875
1 0.85390625 0.51640625 0.05625 0.071875
1 0.86796875 0.4390625 0.0578125 0.0703125
1 0.9578125 0.309375 0.059375 0.075
2 0.83984375 0.29140625 0.090625 0.0578125
1 0.8453125 0.221875 0.0671875 0.0734375
1 0.95078125 0.12734375 0.0484375 0.0546875
1 0.8796875 0.11640625 0.05 0.065625
1 0.89375 0.03828125 0.0578125 0.0640625
2 0.9484375 0.0140625 0.053125 0.028125
1 0.78828125 0.1953125 0.053125 0.071875
2 0.775 0.140625 0.0546875 0.0671875
2 0.78984375 0.0953125 0.0578125 0.0703125
2 0.825 0.0328125 0.084375 0.0546875
2 0.64921875 0.09921875 0.059375 0.0734375
2 0.625 0.15078125 0.0765625 0.0671875
2 0.5484375 0.16171875 0.05 0.0484375
2 0.52890625 0.18046875 0.0421875 0.059375
2 0.63515625 0.01484375 0.0375 0.0296875
1 0.48046875 0.16875 0.04375 0.0671875
2 0.415625 0.2203125 0.0546875 0.065625
1 0.45 0.35234375 0.0546875 0.065625
2 0.35546875 0.3359375 0.0546875 0.08125
1 0.64453125 0.36640625 0.053125 0.0671875
2 0.36328125 0.1078125 0.04375 0.0546875
2 0.38984375 0.08359375 0.046875 0.075
2 0.28671875 0.91171875 0.0515625 0.075
2 0.27734375 0.97890625 0.0546875 0.0421875
2 0.14375 0.96484375 0.053125 0.059375
2 0.1859375 0.815625 0.075 0.084375
2 0.178125 0.69375 0.040625 0.0546875
2 0.209375 0.6625 0.0546875 0.0625
2 0.22265625 0.59453125 0.05 0.0734375
2 0.27421875 0.59609375 0.0453125 0.0625
2 0.284375 0.4484375 0.059375 0.0703125
1 0.22265625 0.43203125 0.065625 0.0828125
1 0.2703125 0.384375 0.0578125 0.06875
2 0.16953125 0.3703125 0.0609375 0.0703125
1 0.140625 0.46953125 0.053125 0.075
1 0.17421875 0.54140625 0.0515625 0.075
2 0.115625 0.571875 0.0546875 0.065625
2 0.06875 0.62421875 0.0546875 0.059375
2 0.06640625 0.665625 0.0484375 0.0640625
2 0.0109375 0.73828125 0.021875 0.0765625
2 0.0125 0.59765625 0.025 0.0828125
2 0.0234375 0.24140625 0.046875 0.0734375
1 0.034375 0.16171875 0.05625 0.0625
1 0.18984375 0.228125 0.0546875 0.0640625
2 0.26484375 0.25390625 0.0671875 0.075
1 0.29375 0.1734375 0.0484375 0.0625
1 0.30078125 0.08671875 0.05 0.0640625
1 0.18359375 0.13984375 0.0484375 0.0671875
1 0.2015625 0.0390625 0.0453125 0.078125
2 0.08359375 0.078125 0.05 0.0640625
2 0.1046875 0.1046875 0.0546875 0.06875