3 0.5109375 0.74140625 0.0890625 0.053125
3 0.49765625 0.56640625 0.0578125 0.103125
3 0.63515625 0.5140625 0.0296875 0.1421875
3 0.70234375 0.6265625 0.096875 0.053125
3 0.65859375 0.67421875 0.0703125 0.06875
3 0.3578125 0.43359375 0.0359375 0.1390625
3 0.415625 0.4859375 0.0828125 0.05625
3 0.87734375 0.07890625 0.0703125 0.059375
0 0.80859375 0.81171875 0.053125 0.09375
0 0.38671875 0.6953125 0.0453125 0.1
0 0.4140625 0.671875 0.084375 0.0390625
3 0.4171875 0.94296875 0.0703125 0.0796875
3 0.3 0.24453125 0.1109375 0.065625
3 0.14140625 0.15390625 0.096875 0.0734375
3 0.36015625 0.175 0.0703125 0.0734375
3 0.20703125 0.6703125 0.0734375 0.1140625
3 0.171875 0.9203125 0.075 0.0625
3 0.34296875 0.83828125 0.0984375 0.0734375
0 0.3109375 0.64296875 0.0703125 0.0546875
0 0.25859375 0.56171875 0.0796875 0.0421875
0 0.2328125 0.5296875 0.0390625 0.1140625
0 0.05234375 0.11640625 0.0765625 0.0734375
0 0.1609375 0.01640625 0.0828125 0.0328125
0 0.5296875 0.0171875 0.078125 0.0328125
4 0.51015625 0.621875 0.0578125 0.0875
4 0.92578125 0.93125 0.0578125 0.0953125
2 0.6390625 0.9203125 0.0671875 0.0828125
2 0.678125 0.96953125 0.059375 0.0578125
2 0.7546875 0.803125 0.053125 0.08125
2 0.93984375 0.57890625 0.0515625 0.0765625
2 0.91953125 0.5234375 0.0625 0.05625
2 0.646875 0.7484375 0.0625 0.059375
1 0.58359375 0.74609375 0.0484375 0.0765625
2 0.7046875 0.66328125 0.0453125 0.065625
1 0.96015625 0.32109375 0.0625 0.0984375
2 0.94609375 0.259375 0.053125 0.0734375
2 0.99375 0.23671875 0.0125 0.0578125
2 0.9828125 0.13203125 0.034375 0.0734375
2 0.9375 0.12265625 0.0609375 0.071875
2 0.8640625 0.17578125 0.053125 0.059375
2 0.821875 0.12421875 0.059375 0.0828125
2 0.7796875 0.11171875 0.0578125 0.0984375
2 0.67421875 0.08515625 0.0625 0.08125
2 0.5890625 0.1578125 0.0546875 0.0765625
2 0.6203125 0.31484375 0.0515625 0.0671875
2 0.69296875 0.3625 0.0515625 0.0609375
2 0.73671875 0.49765625 0.053125 0.075
2 0.70234375 0.49296875 0.0453125 0.071875
2 0.57890625 0.07734375 0.065625 0.0609375
2 0.3953125 0.990625 0.0578125 0.01875
2 0.3546875 0.91875 0.0625 0.078125
1 0.39921875 0.7796875 0.059375 0.0765625
2 0.45234375 0.52890625 0.0546875 0.075
2 0.1953125 0.7734375 0.046875 0.0609375
2 0.11640625 0.928125 0.059375 0.103125
2 0.1421875 0.73125 0.0484375 0.0765625
2 0.1328125 0.83984375 0.0546875 0.065625
2 0.09375 0.8375 0.05 0.06875
2 0.03125 0.84609375 0.059375 0.0828125
1 0.05390625 0.73671875 0.059375 0.08125
2 0.13984375 0.61953125 0.046875 0.0875
1 0.20078125 0.59765625 0.059375 0.08125
2 0.3265625 0.5203125 0.071875 0.05
2 0.19609375 0.4546875 0.075 0.0796875
2 0.40078125 0.2546875 0.0421875 0.0671875
2 0.3078125 0.221875 0.0703125 0.05
1 0.32734375 0.05546875 0.0625 0.06875
2 0.03828125 0.0546875 0.071875 0.0765625
2 0.35078125 0.01171875 0.065625 0.021875
2 0.00859375 0.61640625 0.0171875 0.071875
3 0.00859375 0.425 0.0171875 0.025
2 0.0125 0.48984375 0.021875 0.090625
1 0.50625 0.4125 0.071875 0.09375