0 0.59921875 0.83671875 0.0796875 0.053125
0 0.43515625 0.83125 0.0734375 0.0640625
0 0.3265625 0.01875 0.0640625 0.0375
0 0.05703125 0.021875 0.0859375 0.04375
3 0.17890625 0.51484375 0.0859375 0.046875
2 0.9734375 0.04375 0.053125 0.065625
2 0.8578125 0.08203125 0.05625 0.0796875
2 0.97578125 0.12109375 0.0484375 0.075
2 0.984375 0.190625 0.03125 0.078125
2 0.9359375 0.18828125 0.0515625 0.0953125
2 0.74921875 0.12265625 0.0625 0.0859375
2 0.65859375 0.059375 0.0609375 0.0796875
2 0.67109375 0.14609375 0.0609375 0.0890625
2 0.53671875 0.1625 0.0625 0.0609375
2 0.5125 0.2203125 0.0484375 0.0796875
2 0.571875 0.23125 0.0640625 0.071875
2 0.6328125 0.2140625 0.059375 0.071875
2 0.6765625 0.2625 0.0671875 0.071875
2 0.7671875 0.21796875 0.0578125 0.0703125
2 0.74765625 0.28046875 0.0578125 0.075
2 0.8109375 0.3171875 0.05625 0.09375
2 0.87578125 0.35078125 0.0609375 0.071875
2 0.97421875 0.3328125 0.0515625 0.078125
2 0.97109375 0.44375 0.05625 0.078125
2 0.98671875 0.51015625 0.0265625 0.0671875
2 0.91328125 0.49375 0.05 0.0640625
2 0.8578125 0.415625 0.05625 0.0546875
2 0.765625 0.36875 0.0625 0.075
2 0.69921875 0.378125 0.059375 0.071875
2 0.76484375 0.459375 0.0625 0.071875
2 0.834375 0.55078125 0.053125 0.08125
2 0.86796875 0.61875 0.05625 0.090625
2 0.91328125 0.675 0.0625 0.0734375
2 0.9703125 0.74609375 0.0515625 0.0890625
2 0.93671875 0.825 0.046875 0.0625
2 0.85078125 0.859375 0.065625 0.0609375
2 0.73984375 0.74453125 0.0609375 0.0796875
2 0.78046875 0.690625 0.065625 0.090625
2 0.81953125 0.75390625 0.06875 0.0765625
2 0.7234375 0.8484375 0.0625 0.075
2 0.8046875 0.9609375 0.084375 0.0734375
2 0.72421875 0.9875 0.0640625 0.025
2 0.634375 0.98984375 0.04375 0.0171875
2 0.62890625 0.88046875 0.0796875 0.0671875
2 0.50859375 0.6671875 0.0609375 0.075
4 0.60078125 0.57109375 0.053125 0.0890625
2 0.6578125 0.53203125 0.0515625 0.0765625
2 0.43515625 0.6203125 0.0703125 0.065625
1 0.49296875 0.5578125 0.0546875 0.06875
1 0.5390625 0.30859375 0.05625 0.0703125
2 0.5953125 0.3015625 0.0421875 0.0484375
2 0.61953125 0.39296875 0.0421875 0.075
2 0.58828125 0.4421875 0.046875 0.0609375
2 0.5515625 0.38671875 0.0578125 0.0734375
2 0.45859375 0.3484375 0.05 0.0890625
2 0.45390625 0.44453125 0.0609375 0.078125
2 0.49765625 0.46875 0.059375 0.05625
2 0.4171875 0.28984375 0.0546875 0.065625
2 0.42890625 0.14609375 0.0625 0.0859375
1 0.434375 0.525 0.0640625 0.071875
2 0.40625 0.04453125 0.0578125 0.0796875
2 0.21875 0.18515625 0.0578125 0.0703125
2 0.384375 0.19765625 0.059375 0.0734375
2 0.37109375 0.2671875 0.0515625 0.071875
2 0.30390625 0.23671875 0.0578125 0.0703125
2 0.27734375 0.31171875 0.05 0.0859375
2 0.33828125 0.384375 0.0703125 0.09375
2 0.3796875 0.3453125 0.065625 0.0796875
2 0.2625 0.3859375 0.0625 0.0734375
2 0.19609375 0.40546875 0.0546875 0.0734375
2 0.32421875 0.46015625 0.0609375 0.071875
2 0.10078125 0.08359375 0.065625 0.0890625
2 0.0125 0.09921875 0.025 0.075
2 0.03359375 0.2484375 0.059375 0.0734375
2 0.00703125 0.303125 0.0125 0.0515625
2 0.025 0.3859375 0.0453125 0.05625
2 0.10078125 0.38828125 0.059375 0.075
2 0.14921875 0.45546875 0.05625 0.0890625
2 0.12265625 0.5640625 0.0625 0.0703125
2 0.3203125 0.56015625 0.0609375 0.075
2 0.20078125 0.5734375 0.0546875 0.0703125
2 0.06171875 0.59609375 0.059375 0.0734375
2 0.33125 0.64140625 0.05625 0.0734375
2 0.33125 0.7640625 0.0703125 0.0484375
2 0.30390625 0.9328125 0.0703125 0.0734375
2 0.1578125 0.9140625 0.0703125 0.078125
2 0.03359375 0.79609375 0.0625 0.0859375
2 0.0265625 0.93359375 0.053125 0.0765625
2 0.071875 0.9734375 0.0609375 0.053125
2 0.25390625 0.98203125 0.05625 0.0359375