3 0.70625 0.40625 0.0671875 0.0515625
3 0.57421875 0.21953125 0.1 0.053125
3 0.85546875 0.10703125 0.0609375 0.059375
3 0.921875 0.0515625 0.0359375 0.103125
3 0.58671875 0.065625 0.071875 0.0546875
3 0.471875 0.7890625 0.0859375 0.05
3 0.94375 0.80859375 0.09375 0.0484375
3 0.840625 0.69609375 0.0859375 0.04375
0 0.90625 0.69140625 0.04375 0.09375
0 0.94453125 0.71796875 0.0765625 0.046875
0 0.47265625 0.8640625 0.096875 0.0484375
3 0.2953125 0.5765625 0.0828125 0.0515625
3 0.11640625 0.37421875 0.084375 0.0703125
3 0.26328125 0.72890625 0.0359375 0.1171875
0 0.26796875 0.41015625 0.0390625 0.1171875
0 0.18984375 0.5453125 0.059375 0.0921875
0 0.084375 0.9796875 0.075 0.040625
0 0.3125 0.7171875 0.078125 0.0515625
0 0.25234375 0.9390625 0.059375 0.04375
0 0.22109375 0.8234375 0.046875 0.0625
0 0.25625 0.0625 0.0640625 0.04375
0 0.8890625 0.3625 0.059375 0.0734375
2 0.89296875 0.221875 0.0625 0.0515625
1 0.946875 0.25859375 0.0484375 0.0625
2 0.94453125 0.3609375 0.0546875 0.084375
2 0.89609375 0.40234375 0.0578125 0.0640625
2 0.81875 0.50078125 0.0546875 0.08125
2 0.7125 0.33359375 0.05 0.090625
2 0.6015625 0.34921875 0.0609375 0.06875
1 0.4015625 0.36953125 0.0609375 0.0609375
2 0.4578125 0.2296875 0.0625 0.0734375
1 0.4265625 0.18203125 0.0546875 0.071875
2 0.8984375 0.75546875 0.0625 0.0734375
2 0.721875 0.7109375 0.0390625 0.0921875
2 0.6546875 0.73984375 0.0625 0.0796875
1 0.97265625 0.878125 0.0546875 0.0921875
2 0.525 0.80390625 0.0625 0.0578125
1 0.50078125 0.69921875 0.0609375 0.06875
2 0.540625 0.6375 0.05 0.065625
2 0.56328125 0.56328125 0.0515625 0.06875
2 0.52265625 0.46953125 0.0484375 0.0671875
2 0.50625 0.54140625 0.059375 0.075
2 0.49296875 0.61953125 0.0515625 0.0671875
2 0.7203125 0.02578125 0.034375 0.0515625
2 0.6015625 0.1453125 0.04375 0.0328125
2 0.30703125 0.0390625 0.034375 0.078125
2 0.3328125 0.02890625 0.05 0.0578125
2 0.09375 0.0171875 0.0546875 0.0328125
2 0.14609375 0.06640625 0.0640625 0.05625
2 0.38359375 0.225 0.0546875 0.05625
2 0.37578125 0.28203125 0.04375 0.0359375
2 0.2265625 0.17421875 0.0515625 0.0921875
1 0.1609375 0.28515625 0.05625 0.075
1 0.21015625 0.34375 0.0546875 0.0734375
2 0.225 0.4140625 0.0515625 0.0515625
2 0.30859375 0.40546875 0.046875 0.0734375
2 0.1484375 0.36796875 0.040625 0.046875
2 0.2953125 0.64140625 0.0734375 0.05625
1 0.20703125 0.74609375 0.0609375 0.084375
1 0.3546875 0.92265625 0.0546875 0.0703125
1 0.05859375 0.6859375 0.053125 0.0625
2 0.1125 0.7515625 0.0671875 0.059375
2 0.253125 0.98203125 0.071875 0.028125
2 0.01640625 0.178125 0.0328125 0.075
2 0.01640625 0.25625 0.0328125 0.0640625
2 0.03828125 0.3984375 0.071875 0.05625
2 0.0125 0.49140625 0.025 0.0546875