3 0.440625 0.25390625 0.04375 0.1203125
3 0.12265625 0.5359375 0.0828125 0.046875
3 0.0171875 0.40859375 0.034375 0.0609375
0 0.49296875 0.0390625 0.0359375 0.078125
0 0.3875 0.28984375 0.0625 0.0703125
0 0.31171875 0.2546875 0.084375 0.05625
0 0.26640625 0.80234375 0.0640625 0.0796875
0 0.5703125 0.79140625 0.065625 0.1078125
0 0.109375 0.975 0.065625 0.05
0 0.88515625 0.0828125 0.06875 0.0765625
3 0.93515625 0.1453125 0.06875 0.084375
3 0.9640625 0.1609375 0.0703125 0.08125
3 0.7453125 0.28984375 0.0703125 0.0859375
0 0.77421875 0.70625 0.0625 0.0859375
0 0.7671875 0.54765625 0.075 0.0515625
0 0.81640625 0.3328125 0.0390625 0.096875
0 0.78046875 0.371875 0.059375 0.0859375
0 0.6796875 0.16875 0.084375 0.05625
2 0.2359375 0.0296875 0.1109375 0.059375
2 0.13671875 0.04375 0.046875 0.0625
1 0.15390625 0.24140625 0.05625 0.075
2 0.07578125 0.30234375 0.059375 0.09375
2 0.34296875 0.06875 0.053125 0.0671875
2 0.35703125 0.13828125 0.0640625 0.05
2 0.31875 0.19296875 0.0609375 0.05
1 0.43125 0.1546875 0.0640625 0.071875
2 0.36328125 0.3453125 0.0625 0.0453125
2 0.5171875 0.42734375 0.0640625 0.05
2 0.4328125 0.4609375 0.0625 0.05625
1 0.2890625 0.45078125 0.05 0.075
2 0.0109375 0.3359375 0.021875 0.06875
2 0.33828125 0.52890625 0.0828125 0.059375
2 0.19140625 0.559375 0.0625 0.0953125
2 0.01484375 0.50078125 0.0296875 0.0828125
2 0.17890625 0.7265625 0.071875 0.065625
2 0.01328125 0.8453125 0.025 0.0796875
2 0.36796875 0.7125 0.065625 0.075
2 0.48203125 0.75625 0.0375 0.0984375
2 0.43359375 0.7609375 0.059375 0.090625
1 0.465625 0.8375 0.059375 0.06875
2 0.41328125 0.871875 0.065625 0.0765625
2 0.47109375 0.90234375 0.0671875 0.065625
2 0.54765625 0.96953125 0.059375 0.0609375
2 0.428125 0.9796875 0.0609375 0.040625
2 0.3640625 0.7921875 0.0546875 0.0765625
2 0.30703125 0.840625 0.05625 0.0703125
2 0.2921875 0.92578125 0.046875 0.0796875
2 0.24140625 0.94296875 0.053125 0.075
2 0.18828125 0.971875 0.0609375 0.0546875
2 0.27890625 0.9828125 0.0546875 0.028125
2 0.928125 0.053125 0.0578125 0.1
2 0.8546875 0.021875 0.0578125 0.040625
2 0.8078125 0.01484375 0.04375 0.0296875
2 0.8578125 0.1125 0.0640625 0.084375
2 0.93984375 0.23125 0.06875 0.090625
2 0.74453125 0.16015625 0.0625 0.0546875
2 0.6 0.15390625 0.0625 0.0796875
2 0.9375 0.425 0.0578125 0.065625
2 0.85 0.4 0.05625 0.0703125
2 0.82734375 0.4296875 0.0625 0.0703125
2 0.8296875 0.5015625 0.0625 0.065625
2 0.6484375 0.43984375 0.0546875 0.0796875
2 0.6078125 0.9625 0.059375 0.065625
2 0.57890625 0.5578125 0.0625 0.0671875
2 0.64765625 0.58046875 0.0359375 0.0484375
2 0.684375 0.6015625 0.0625 0.0515625
2 0.746875 0.74375 0.0546875 0.0625
2 0.76640625 0.9875 0.059375 0.021875
2 0.98359375 0.84453125 0.0328125 0.0609375
2 0.97109375 0.921875 0.0515625 0.1046875