3 0.74140625 0.6796875 0.1125 0.0609375
3 0.80546875 0.57265625 0.08125 0.0578125
3 0.55546875 0.25078125 0.08125 0.0578125
0 0.71953125 0.80390625 0.0859375 0.0515625
0 0.53671875 0.18125 0.084375 0.0640625
2 0.134375 0.92890625 0.0609375 0.08125
2 0.43828125 0.28359375 0.065625 0.0859375
2 0.7578125 0.0640625 0.0734375 0.090625
2 0.89453125 0.11015625 0.0578125 0.0796875
2 0.1203125 0.08671875 0.05 0.0640625
2 0.07734375 0.07890625 0.0421875 0.0625
2 0.0234375 0.39453125 0.0453125 0.0796875
2 0.05703125 0.4359375 0.05625 0.0796875
2 0.24765625 0.4765625 0.0578125 0.05625
2 0.39375 0.61328125 0.0625 0.0546875
1 0.040625 0.80078125 0.065625 0.084375
2 0.81796875 0.6953125 0.0515625 0.0796875
2 0.95390625 0.83515625 0.0703125 0.1
2 0.94765625 0.490625 0.0671875 0.0765625
2 0.84296875 0.5109375 0.075 0.065625
2 0.696875 0.4578125 0.0546875 0.0859375
2 0.57578125 0.58046875 0.078125 0.0890625
2 0.51015625 0.37734375 0.0578125 0.0734375
2 0.55625 0.3671875 0.075 0.075
2 0.58046875 0.30703125 0.0765625 0.0578125
1 0.67265625 0.32265625 0.0671875 0.0859375
2 0.74375 0.48125 0.0515625 0.0890625
2 0.4015625 0.4359375 0.0609375 0.103125
2 0.48671875 0.51171875 0.0671875 0.090625
2 0.62734375 0.78671875 0.0609375 0.06875
2 0.6765625 0.86640625 0.0609375 0.06875
1 0.40703125 0.74921875 0.0609375 0.0765625
1 0.346875 0.70234375 0.065625 0.0796875
1 0.27578125 0.6 0.06875 0.08125
1 0.2078125 0.53203125 0.071875 0.08125
1 0.15 0.85078125 0.0734375 0.090625
1 0.2234375 0.93828125 0.0609375 0.0859375
1 0.20078125 0.24609375 0.053125 0.0671875
1 0.26328125 0.14140625 0.0625 0.084375
1 0.16953125 0.11953125 0.053125 0.0734375
2 0.2859375 0.03984375 0.0765625 0.0734375
1 0.4078125 0.07890625 0.0640625 0.0859375
2 0.33828125 0.346875 0.0609375 0.0859375
2 0.28203125 0.28046875 0.0609375 0.0625
1 0.665625 0.20390625 0.0625 0.0734375
1 0.7453125 0.27890625 0.0515625 0.06875
1 0.77578125 0.4 0.0578125 0.0984375
2 0.971875 0.28515625 0.05625 0.0890625
2 0.909375 0.0328125 0.05625 0.065625
2 0.94609375 0.41328125 0.0625 0.08125
2 0.8109375 0.940625 0.06875 0.0875
2 0.88046875 0.95234375 0.075 0.0875
1 0.9703125 0.9296875 0.059375 0.08125
2 0.25234375 0.25703125 0.0484375 0.08125
1 0.025 0.21953125 0.0453125 0.0703125
1 0.76640625 0.609375 0.0515625 0.075
2 0.978125 0.59609375 0.040625 0.1015625
2 0.0453125 0.025 0.05625 0.05
2 0.2 0.01875 0.059375 0.0328125
2 0.49140625 0.0109375 0.0703125 0.021875
2 0.0171875 0.56953125 0.0328125 0.065625
2 0.0203125 0.85546875 0.0375 0.0640625
2 0.01328125 0.615625 0.0265625 0.06875
2 0.29609375 0.97265625 0.059375 0.0515625