4 0.34140625 0.9765625 0.06875 0.046875
4 0.415625 0.65390625 0.0625 0.075
3 0.24453125 0.5578125 0.1140625 0.0765625
3 0.409375 0.55234375 0.0484375 0.0734375
3 0.4546875 0.46640625 0.0890625 0.1015625
2 0.10859375 0.63046875 0.0390625 0.046875
3 0.1484375 0.5296875 0.1140625 0.0890625
3 0.43671875 0.34375 0.1046875 0.09375
3 0.1484375 0.36484375 0.0796875 0.046875
3 0.55078125 0.1421875 0.0984375 0.09375
3 0.72421875 0.834375 0.090625 0.1140625
3 0.8140625 0.83203125 0.1109375 0.0609375
3 0.7 0.51953125 0.0671875 0.09375
1 0.12421875 0.9171875 0.0625 0.0828125
2 0.09140625 0.84765625 0.090625 0.0890625
2 0.00625 0.871875 0.0125 0.065625
1 0.171875 0.83828125 0.0609375 0.0859375
2 0.20625 0.7609375 0.059375 0.078125
1 0.2703125 0.7921875 0.05625 0.08125
2 0.34453125 0.89921875 0.06875 0.071875
1 0.39765625 0.95390625 0.0515625 0.065625
1 0.43671875 0.8109375 0.053125 0.0796875
2 0.44609375 0.74296875 0.0625 0.0765625
2 0.2078125 0.70625 0.059375 0.08125
2 0.0875 0.65859375 0.05 0.06875
1 0.15625 0.62890625 0.05625 0.0703125
2 0.16875 0.9921875 0.046875 0.015625
1 0.26015625 0.47265625 0.0484375 0.0703125
2 0.15 0.46796875 0.0671875 0.0734375
2 0.1890625 0.41640625 0.0359375 0.0640625
2 0.22421875 0.34140625 0.0515625 0.0546875
1 0.284375 0.35234375 0.05 0.071875
2 0.2078125 0.27578125 0.05 0.075
1 0.15859375 0.22734375 0.0578125 0.071875
1 0.10859375 0.2578125 0.0484375 0.0734375
1 0.06015625 0.2796875 0.059375 0.0828125
2 0.1953125 0.16484375 0.053125 0.0703125
1 0.14453125 0.140625 0.0578125 0.0765625
2 0.090625 0.0390625 0.0484375 0.0734375
1 0.0375 0.0375 0.0546875 0.0703125
2 0.35625 0.1046875 0.0546875 0.05
2 0.35625 0.0671875 0.0609375 0.0703125
2 0.30703125 0.03671875 0.05625 0.06875
2 0.2265625 0.0125 0.0609375 0.025
1 0.45078125 0.03359375 0.05 0.0609375
2 0.346875 0.4421875 0.0671875 0.078125
2 0.39921875 0.428125 0.0578125 0.0890625
2 0.39765625 0.31640625 0.040625 0.065625
2 0.44609375 0.26875 0.0453125 0.04375
1 0.475 0.2390625 0.046875 0.0671875
2 0.49296875 0.38046875 0.0578125 0.0703125
2 0.60234375 0.4671875 0.0546875 0.0734375
1 0.5234375 0.23984375 0.059375 0.090625
1 0.61484375 0.2109375 0.0515625 0.065625
2 0.49765625 0.1203125 0.0625 0.0765625
2 0.565625 0.06328125 0.0609375 0.078125
2 0.62578125 0.06875 0.0828125 0.1046875
1 0.69765625 0.03671875 0.0515625 0.0734375
1 0.76015625 0.04375 0.0484375 0.059375
2 0.80234375 0.1234375 0.0765625 0.0953125
1 0.73359375 0.2640625 0.059375 0.0890625
2 0.8125 0.328125 0.0765625 0.071875
2 0.6984375 0.325 0.059375 0.08125
2 0.68515625 0.19375 0.0359375 0.046875
1 0.79609375 0.26328125 0.0578125 0.071875
1 0.4890625 0.95859375 0.0546875 0.0796875
1 0.56796875 0.97578125 0.05625 0.0484375
2 0.8078125 0.965625 0.0578125 0.0640625
1 0.6546875 0.8671875 0.059375 0.0703125
2 0.57265625 0.88828125 0.0546875 0.065625
2 0.578125 0.79609375 0.05625 0.0875
2 0.6734375 0.78203125 0.084375 0.0890625
1 0.66484375 0.6296875 0.0578125 0.078125
2 0.5390625 0.73359375 0.071875 0.103125
2 0.48359375 0.62109375 0.0703125 0.0921875
2 0.5828125 0.57265625 0.059375 0.078125
2 0.6390625 0.5265625 0.05625 0.06875
2 0.7171875 0.5578125 0.08125 0.0984375
2 0.77578125 0.62421875 0.075 0.0921875
1 0.7953125 0.69921875 0.059375 0.0640625
2 0.82890625 0.74765625 0.05 0.0765625
1 0.98359375 0.971875 0.0328125 0.053125
2 0.990625 0.90703125 0.0140625 0.0515625
1 0.884375 0.77109375 0.0578125 0.1015625
2 0.95390625 0.75859375 0.0703125 0.1015625
2 0.90390625 0.63203125 0.0609375 0.065625
2 0.96953125 0.659375 0.0609375 0.084375
1 0.975 0.57421875 0.046875 0.0625
1 0.9765625 0.50078125 0.046875 0.06875
1 0.92734375 0.38359375 0.0484375 0.075
2 0.99140625 0.246875 0.0171875 0.0703125
1 0.97421875 0.13203125 0.046875 0.0859375
2 0.98203125 0.0125 0.03125 0.025