3 0.559375 0.74609375 0.04375 0.1203125
3 0.87734375 0.4640625 0.0828125 0.046875
3 0.9828125 0.59140625 0.034375 0.0609375
0 0.50703125 0.9609375 0.0359375 0.078125
0 0.6125 0.71015625 0.0625 0.0703125
0 0.68828125 0.7453125 0.084375 0.05625
0 0.73359375 0.19765625 0.0640625 0.0796875
0 0.4296875 0.20859375 0.065625 0.1078125
0 0.890625 0.025 0.065625 0.05
0 0.11484375 0.9171875 0.06875 0.0765625
3 0.06484375 0.8546875 0.06875 0.084375
3 0.0359375 0.8390625 0.0703125 0.08125
3 0.2546875 0.71015625 0.0703125 0.0859375
0 0.22578125 0.29375 0.0625 0.0859375
0 0.2328125 0.45234375 0.075 0.0515625
0 0.18359375 0.6671875 0.0390625 0.096875
0 0.21953125 0.628125 0.059375 0.0859375
0 0.3203125 0.83125 0.084375 0.05625
2 0.7640625 0.9703125 0.1109375 0.059375
2 0.86328125 0.95625 0.046875 0.0625
1 0.84609375 0.75859375 0.05625 0.075
2 0.92421875 0.69765625 0.059375 0.09375
2 0.65703125 0.93125 0.053125 0.0671875
2 0.64296875 0.86171875 0.0640625 0.05
2 0.68125 0.80703125 0.0609375 0.05
1 0.56875 0.8453125 0.0640625 0.071875
2 0.63671875 0.6546875 0.0625 0.0453125
2 0.4828125 0.57265625 0.0640625 0.05
2 0.5671875 0.5390625 0.0625 0.05625
1 0.7109375 0.54921875 0.05 0.075
2 0.9890625 0.6640625 0.021875 0.06875
2 0.66171875 0.47109375 0.0828125 0.059375
2 0.80859375 0.440625 0.0625 0.0953125
2 0.98515625 0.49921875 0.0296875 0.0828125
2 0.82109375 0.2734375 0.071875 0.065625
2 0.98671875 0.1546875 0.025 0.0796875
2 0.63203125 0.2875 0.065625 0.075
2 0.51796875 0.24375 0.0375 0.0984375
2 0.56640625 0.2390625 0.059375 0.090625
1 0.534375 0.1625 0.059375 0.06875
2 0.58671875 0.128125 0.065625 0.0765625
2 0.52890625 0.09765625 0.0671875 0.065625
2 0.45234375 0.03046875 0.059375 0.0609375
2 0.571875 0.0203125 0.0609375 0.040625
2 0.6359375 0.2078125 0.0546875 0.0765625
2 0.69296875 0.159375 0.05625 0.0703125
2 0.7078125 0.07421875 0.046875 0.0796875
2 0.75859375 0.05703125 0.053125 0.075
2 0.81171875 0.028125 0.0609375 0.0546875
2 0.72109375 0.0171875 0.0546875 0.028125
2 0.071875 0.946875 0.0578125 0.1
2 0.1453125 0.978125 0.0578125 0.040625
2 0.1921875 0.98515625 0.04375 0.0296875
2 0.1421875 0.8875 0.0640625 0.084375
2 0.06015625 0.76875 0.06875 0.090625
2 0.25546875 0.83984375 0.0625 0.0546875
2 0.4 0.84609375 0.0625 0.0796875
2 0.0625 0.575 0.0578125 0.065625
2 0.15 0.6 0.05625 0.0703125
2 0.17265625 0.5703125 0.0625 0.0703125
2 0.1703125 0.4984375 0.0625 0.065625
2 0.3515625 0.56015625 0.0546875 0.0796875
2 0.3921875 0.0375 0.059375 0.065625
2 0.42109375 0.4421875 0.0625 0.0671875
2 0.35234375 0.41953125 0.0359375 0.0484375
2 0.315625 0.3984375 0.0625 0.0515625
2 0.253125 0.25625 0.0546875 0.0625
2 0.23359375 0.0125 0.059375 0.021875
2 0.01640625 0.15546875 0.0328125 0.0609375
2 0.02890625 0.078125 0.0515625 0.1046875