3 0.08671875 0.590625 0.11875 0.0796875
3 0.22109375 0.45390625 0.1046875 0.0640625
3 0.315625 0.3 0.1015625 0.0515625
3 0.5953125 0.57265625 0.09375 0.0703125
3 0.59765625 0.2828125 0.0765625 0.05625
3 0.49765625 0.2703125 0.1453125 0.046875
3 0.5703125 0.13046875 0.0640625 0.0984375
3 0.415625 0.07890625 0.059375 0.08125
3 0.5671875 0.87578125 0.0859375 0.1015625
3 0.26875 0.7578125 0.0984375 0.06875
3 0.978125 0.84453125 0.04375 0.06875
3 0.90390625 0.359375 0.0921875 0.1421875
3 0.75625 0.19140625 0.0890625 0.0734375
3 0.571875 0.02890625 0.0640625 0.0546875
2 0.55546875 0.0140625 0.04375 0.028125
2 0.609375 0.02578125 0.0453125 0.0515625
4 0.4375 0.31796875 0.0671875 0.0796875
2 0.02265625 0.82890625 0.0421875 0.0984375
2 0.23046875 0.92265625 0.059375 0.0828125
2 0.21640625 0.97421875 0.05625 0.05
1 0.3015625 0.96328125 0.053125 0.065625
1 0.36171875 0.9546875 0.0546875 0.071875
2 0.2265625 0.81328125 0.05 0.1078125
1 0.15703125 0.82265625 0.0609375 0.0703125
2 0.30625 0.7171875 0.075 0.065625
2 0.38828125 0.81953125 0.053125 0.05625
2 0.41640625 0.81328125 0.0515625 0.065625
2 0.5421875 0.8265625 0.0546875 0.0703125
2 0.4796875 0.990625 0.0515625 0.01875
2 0.59609375 0.978125 0.06875 0.04375
2 0.62265625 0.78203125 0.0703125 0.0640625
2 0.621875 0.7078125 0.0546875 0.065625
2 0.58828125 0.69921875 0.0453125 0.071875
1 0.490625 0.621875 0.05 0.0828125
1 0.40859375 0.50234375 0.05 0.059375
1 0.48125 0.503125 0.0578125 0.08125
1 0.4421875 0.446875 0.05 0.0703125
1 0.41484375 0.3953125 0.0515625 0.075
1 0.35859375 0.44453125 0.05 0.059375
1 0.31484375 0.49375 0.0484375 0.075
2 0.26796875 0.66484375 0.040625 0.0625
2 0.26640625 0.59609375 0.05 0.0625
1 0.2109375 0.5203125 0.059375 0.078125
1 0.15859375 0.71171875 0.0484375 0.0546875
2 0.034375 0.71953125 0.0515625 0.0703125
2 0.0171875 0.653125 0.034375 0.0703125
2 0.021875 0.590625 0.0359375 0.0640625
1 0.02890625 0.44296875 0.0578125 0.0875
1 0.14609375 0.51640625 0.05625 0.071875
1 0.13203125 0.4390625 0.0578125 0.0703125
1 0.0421875 0.309375 0.059375 0.075
2 0.16015625 0.29140625 0.090625 0.0578125
1 0.1546875 0.221875 0.0671875 0.0734375
1 0.04921875 0.12734375 0.0484375 0.0546875
1 0.1203125 0.11640625 0.05 0.065625
1 0.10625 0.03828125 0.0578125 0.0640625
2 0.0515625 0.0140625 0.053125 0.028125
1 0.21171875 0.1953125 0.053125 0.071875
2 0.225 0.140625 0.0546875 0.0671875
2 0.21015625 0.0953125 0.0578125 0.0703125
2 0.175 0.0328125 0.084375 0.0546875
2 0.35078125 0.09921875 0.059375 0.0734375
2 0.375 0.15078125 0.0765625 0.0671875
2 0.4515625 0.16171875 0.05 0.0484375
2 0.47109375 0.18046875 0.0421875 0.059375
2 0.36484375 0.01484375 0.0375 0.0296875
1 0.51953125 0.16875 0.04375 0.0671875
2 0.584375 0.2203125 0.0546875 0.065625
1 0.55 0.35234375 0.0546875 0.065625
2 0.64453125 0.3359375 0.0546875 0.08125
1 0.35546875 0.36640625 0.053125 0.0671875
2 0.63671875 0.1078125 0.04375 0.0546875
2 0.61015625 0.08359375 0.046875 0.075
2 0.71328125 0.91171875 0.0515625 0.075
2 0.72265625 0.97890625 0.0546875 0.0421875
2 0.85625 0.96484375 0.053125 0.059375
2 0.8140625 0.815625 0.075 0.084375
2 0.821875 0.69375 0.040625 0.0546875
2 0.790625 0.6625 0.0546875 0.0625
2 0.77734375 0.59453125 0.05 0.0734375
2 0.72578125 0.59609375 0.0453125 0.0625
2 0.715625 0.4484375 0.059375 0.0703125
1 0.77734375 0.43203125 0.065625 0.0828125
1 0.7296875 0.384375 0.0578125 0.06875
2 0.83046875 0.3703125 0.0609375 0.0703125
1 0.859375 0.46953125 0.053125 0.075
1 0.82578125 0.54140625 0.0515625 0.075
2 0.884375 0.571875 0.0546875 0.065625
2 0.93125 0.62421875 0.0546875 0.059375
2 0.93359375 0.665625 0.0484375 0.0640625
2 0.9890625 0.73828125 0.021875 0.0765625
2 0.9875 0.59765625 0.025 0.0828125
2 0.9765625 0.24140625 0.046875 0.0734375
1 0.965625 0.16171875 0.05625 0.0625
1 0.81015625 0.228125 0.0546875 0.0640625
2 0.73515625 0.25390625 0.0671875 0.075
1 0.70625 0.1734375 0.0484375 0.0625
1 0.69921875 0.08671875 0.05 0.0640625
1 0.81640625 0.13984375 0.0484375 0.0671875
1 0.7984375 0.0390625 0.0453125 0.078125
2 0.91640625 0.078125 0.05 0.0640625
2 0.8953125 0.1046875 0.0546875 0.06875