3 0.1328125 0.19453125 0.1109375 0.046875
3 0.415625 0.67734375 0.1015625 0.0734375
3 0.4578125 0.92109375 0.084375 0.04375
3 0.47734375 0.284375 0.1109375 0.075
3 0.04296875 0.32109375 0.0859375 0.0625
4 0.0765625 0.090625 0.059375 0.0734375
3 0.96796875 0.34921875 0.059375 0.0734375
3 0.7359375 0.90625 0.1046875 0.0765625
4 0.68125 0.615625 0.0578125 0.08125
3 0.796875 0.771875 0.1078125 0.0671875
2 0.09140625 0.02578125 0.0671875 0.0515625
4 0.18984375 0.0203125 0.0640625 0.040625
2 0.04375 0.15546875 0.0609375 0.0796875
2 0.03671875 0.24140625 0.071875 0.0859375
2 0.21015625 0.14375 0.078125 0.071875
2 0.234375 0.215625 0.065625 0.0671875
2 0.2171875 0.30390625 0.046875 0.0671875
2 0.25703125 0.33125 0.0546875 0.075
1 0.2703125 0.40625 0.05 0.0734375
2 0.0859375 0.3921875 0.0578125 0.0703125
1 0.29765625 0.50703125 0.0515625 0.078125
2 0.21015625 0.55078125 0.05625 0.065625
2 0.3515625 0.1453125 0.0609375 0.08125
2 0.4453125 0.12890625 0.065625 0.0734375
2 0.49375 0.0953125 0.053125 0.0828125
2 0.5140625 0.1703125 0.0640625 0.084375
2 0.578125 0.28125 0.06875 0.0890625
2 0.4515625 0.346875 0.075 0.096875
2 0.48984375 0.40625 0.05625 0.0578125
2 0.584375 0.4453125 0.0640625 0.0640625
2 0.62109375 0.37421875 0.0578125 0.0765625
2 0.68125 0.3609375 0.05 0.075
2 0.68671875 0.0921875 0.0625 0.0921875
1 0.646875 0.49296875 0.0609375 0.08125
1 0.52421875 0.55859375 0.0578125 0.08125
2 0.4453125 0.5390625 0.0765625 0.078125
2 0.390625 0.6203125 0.0515625 0.0703125
2 0.2578125 0.590625 0.0515625 0.065625
1 0.196875 0.67109375 0.0484375 0.0734375
4 0.08359375 0.65625 0.046875 0.0765625
2 0.0859375 0.8359375 0.065625 0.0734375
2 0.01484375 0.87109375 0.0296875 0.0671875
1 0.0859375 0.9765625 0.053125 0.040625
2 0.16171875 0.8828125 0.071875 0.0609375
2 0.3109375 0.82265625 0.0578125 0.0765625
2 0.25546875 0.7953125 0.0640625 0.0625
2 0.28359375 0.70546875 0.0734375 0.0703125
2 0.3296875 0.6953125 0.0484375 0.059375
2 0.490625 0.6359375 0.0515625 0.0625
3 0.56875 0.65 0.059375 0.08125
2 0.603125 0.76875 0.0671875 0.0890625
2 0.57890625 0.8140625 0.0578125 0.078125
1 0.53046875 0.746875 0.05 0.065625
1 0.65546875 0.80078125 0.059375 0.0890625
1 0.440625 0.86015625 0.05625 0.071875
2 0.51328125 0.9 0.05625 0.078125
2 0.43515625 0.97109375 0.0796875 0.0578125
2 0.32734375 0.990625 0.05 0.01875
2 0.6640625 0.98046875 0.04375 0.0390625
2 0.6171875 0.6015625 0.05625 0.08125
2 0.753125 0.0234375 0.046875 0.046875
1 0.86328125 0.125 0.0484375 0.06875
2 0.7234375 0.18203125 0.0546875 0.0703125
1 0.82109375 0.2109375 0.0484375 0.0734375
1 0.778125 0.3125 0.0578125 0.0890625
2 0.81328125 0.41875 0.0515625 0.078125
1 0.83828125 0.3546875 0.0546875 0.065625
2 0.87578125 0.4140625 0.05625 0.06875
2 0.9140625 0.33125 0.059375 0.0734375
1 0.9375 0.2421875 0.059375 0.08125
2 0.91640625 0.13359375 0.059375 0.0734375
2 0.978125 0.1265625 0.04375 0.0671875
2 0.9828125 0.02109375 0.0328125 0.0359375
2 0.93828125 0.0125 0.04375 0.025
2 0.97421875 0.3046875 0.05 0.065625
2 0.978125 0.43046875 0.0359375 0.0734375
2 0.80546875 0.49453125 0.05625 0.0609375
2 0.77109375 0.55703125 0.05625 0.0734375
2 0.8421875 0.5859375 0.071875 0.0921875
2 0.97265625 0.54453125 0.0484375 0.06875
2 0.771875 0.62734375 0.046875 0.059375
2 0.709375 0.7328125 0.05625 0.0859375
1 0.95546875 0.740625 0.0484375 0.065625
1 0.93046875 0.8203125 0.05625 0.0703125
4 0.9515625 0.92265625 0.065625 0.0671875
1 0.88359375 0.95859375 0.05625 0.071875
2 0.80390625 0.965625 0.0640625 0.06875