3 0.70625 0.59375 0.0671875 0.0515625
3 0.57421875 0.78046875 0.1 0.053125
3 0.85546875 0.89296875 0.0609375 0.059375
3 0.921875 0.9484375 0.0359375 0.103125
3 0.58671875 0.934375 0.071875 0.0546875
3 0.471875 0.2109375 0.0859375 0.05
3 0.94375 0.19140625 0.09375 0.0484375
3 0.840625 0.30390625 0.0859375 0.04375
0 0.90625 0.30859375 0.04375 0.09375
0 0.94453125 0.28203125 0.0765625 0.046875
0 0.47265625 0.1359375 0.096875 0.0484375
3 0.2953125 0.4234375 0.0828125 0.0515625
3 0.11640625 0.62578125 0.084375 0.0703125
3 0.26328125 0.27109375 0.0359375 0.1171875
0 0.26796875 0.58984375 0.0390625 0.1171875
0 0.18984375 0.4546875 0.059375 0.0921875
0 0.084375 0.0203125 0.075 0.040625
0 0.3125 0.2828125 0.078125 0.0515625
0 0.25234375 0.0609375 0.059375 0.04375
0 0.22109375 0.1765625 0.046875 0.0625
0 0.25625 0.9375 0.0640625 0.04375
0 0.8890625 0.6375 0.059375 0.0734375
2 0.89296875 0.778125 0.0625 0.0515625
1 0.946875 0.74140625 0.0484375 0.0625
2 0.94453125 0.6390625 0.0546875 0.084375
2 0.89609375 0.59765625 0.0578125 0.0640625
2 0.81875 0.49921875 0.0546875 0.08125
2 0.7125 0.66640625 0.05 0.090625
2 0.6015625 0.65078125 0.0609375 0.06875
1 0.4015625 0.63046875 0.0609375 0.0609375
2 0.4578125 0.7703125 0.0625 0.0734375
1 0.4265625 0.81796875 0.0546875 0.071875
2 0.8984375 0.24453125 0.0625 0.0734375
2 0.721875 0.2890625 0.0390625 0.0921875
2 0.6546875 0.26015625 0.0625 0.0796875
1 0.97265625 0.121875 0.0546875 0.0921875
2 0.525 0.19609375 0.0625 0.0578125
1 0.50078125 0.30078125 0.0609375 0.06875
2 0.540625 0.3625 0.05 0.065625
2 0.56328125 0.43671875 0.0515625 0.06875
2 0.52265625 0.53046875 0.0484375 0.0671875
2 0.50625 0.45859375 0.059375 0.075
2 0.49296875 0.38046875 0.0515625 0.0671875
2 0.7203125 0.97421875 0.034375 0.0515625
2 0.6015625 0.8546875 0.04375 0.0328125
2 0.30703125 0.9609375 0.034375 0.078125
2 0.3328125 0.97109375 0.05 0.0578125
2 0.09375 0.9828125 0.0546875 0.0328125
2 0.14609375 0.93359375 0.0640625 0.05625
2 0.38359375 0.775 0.0546875 0.05625
2 0.37578125 0.71796875 0.04375 0.0359375
2 0.2265625 0.82578125 0.0515625 0.0921875
1 0.1609375 0.71484375 0.05625 0.075
1 0.21015625 0.65625 0.0546875 0.0734375
2 0.225 0.5859375 0.0515625 0.0515625
2 0.30859375 0.59453125 0.046875 0.0734375
2 0.1484375 0.63203125 0.040625 0.046875
2 0.2953125 0.35859375 0.0734375 0.05625
1 0.20703125 0.25390625 0.0609375 0.084375
1 0.3546875 0.07734375 0.0546875 0.0703125
1 0.05859375 0.3140625 0.053125 0.0625
2 0.1125 0.2484375 0.0671875 0.059375
2 0.253125 0.01796875 0.071875 0.028125
2 0.01640625 0.821875 0.0328125 0.075
2 0.01640625 0.74375 0.0328125 0.0640625
2 0.03828125 0.6015625 0.071875 0.05625
2 0.0125 0.50859375 0.025 0.0546875