2 0.684375 0.73515625 0.0609375 0.078125
2 0.61796875 0.77109375 0.06875 0.08125
2 0.90625 0.77578125 0.0625 0.0796875
2 0.64921875 0.478125 0.0640625 0.059375
2 0.859375 0.959375 0.0453125 0.08125
2 0.74140625 0.9390625 0.065625 0.0921875
2 0.778125 0.9171875 0.0421875 0.08125
2 0.81015625 0.92890625 0.0453125 0.0640625
2 0.3703125 0.64140625 0.053125 0.0828125
2 0.4421875 0.68984375 0.0515625 0.059375
2 0.6234375 0.6828125 0.0546875 0.0796875
2 0.2125 0.97421875 0.0703125 0.0515625
2 0.22734375 0.0515625 0.0421875 0.065625
2 0.3921875 0.30234375 0.0625 0.06875
2 0.4578125 0.315625 0.0625 0.0734375
2 0.971875 0.084375 0.05625 0.0734375
2 0.9203125 0.62578125 0.0515625 0.06875
2 0.84921875 0.79609375 0.053125 0.0890625
2 0.2453125 0.62890625 0.0546875 0.10625
2 0.06875 0.6390625 0.05625 0.0671875
2 0.034375 0.61171875 0.04375 0.065625
2 0.1421875 0.728125 0.0609375 0.0859375
2 0.2453125 0.478125 0.0390625 0.065625
2 0.96953125 0.15078125 0.0609375 0.0734375
2 0.4546875 0.103125 0.065625 0.0703125
2 0.7265625 0.07265625 0.0421875 0.0640625
2 0.70703125 0.02890625 0.05625 0.0578125
2 0.7234375 0.25703125 0.0484375 0.084375
2 0.26484375 0.7125 0.04375 0.0859375
1 0.95390625 0.4578125 0.0609375 0.0765625
2 0.759375 0.54921875 0.053125 0.0796875
4 0.76015625 0.66640625 0.06875 0.078125
1 0.88984375 0.67890625 0.053125 0.059375
1 0.98203125 0.5578125 0.0359375 0.075
4 0.86875 0.44609375 0.053125 0.075
1 0.909375 0.2015625 0.0625 0.08125
1 0.88359375 0.0625 0.0578125 0.0765625
4 0.7921875 0.28046875 0.0609375 0.078125
1 0.7875 0.1390625 0.053125 0.0625
1 0.7671875 0.2015625 0.05625 0.06875
2 0.721875 0.1453125 0.053125 0.0796875
2 0.678125 0.1015625 0.0515625 0.078125
2 0.63125 0.05390625 0.0609375 0.0765625
2 0.5890625 0.17109375 0.053125 0.0671875
2 0.5828125 0.2796875 0.053125 0.078125
1 0.46640625 0.190625 0.0484375 0.0625
1 0.2625 0.1484375 0.0484375 0.0671875
1 0.16953125 0.22265625 0.0578125 0.0703125
1 0.2203125 0.28515625 0.059375 0.0703125
1 0.1546875 0.30390625 0.0625 0.0859375
1 0.0984375 0.2609375 0.05625 0.06875
1 0.24765625 0.40390625 0.0515625 0.0765625
4 0.48671875 0.41875 0.065625 0.075
2 0.3734375 0.50859375 0.059375 0.0828125
1 0.57421875 0.59453125 0.0640625 0.0703125
4 0.70078125 0.52734375 0.0640625 0.0796875
1 0.509375 0.796875 0.0515625 0.0640625
4 0.56640625 0.86953125 0.0578125 0.078125
2 0.46875 0.85 0.046875 0.0765625
1 0.271875 0.82578125 0.0515625 0.0640625
1 0.23203125 0.76953125 0.0578125 0.0671875
1 0.16875 0.934375 0.053125 0.0671875
1 0.071875 0.875 0.05 0.0671875
1 0.046875 0.9546875 0.0609375 0.0703125
1 0.346875 0.87109375 0.05625 0.0796875
1 0.5546875 0.94375 0.065625 0.0640625
1 0.9640625 0.9140625 0.0484375 0.0796875
2 0.6453125 0.9546875 0.0515625 0.0828125
2 0.87265625 0.9015625 0.053125 0.071875
2 0.90625 0.93671875 0.053125 0.0625
2 0.6453125 0.65078125 0.0609375 0.075
0 0.74375 0.44296875 0.040625 0.09375
0 0.5 0.54140625 0.08125 0.0515625
0 0.6375 0.31875 0.034375 0.0859375
0 0.64375 0.1671875 0.0359375 0.1015625
0 0.4234375 0.5203125 0.0375 0.0765625
3 0.309375 0.6171875 0.075 0.046875
0 0.31328125 0.68984375 0.0625 0.0734375
0 0.11484375 0.6859375 0.0375 0.0875
0 0.33828125 0.20234375 0.0421875 0.0875
0 0.40234375 0.39765625 0.06875 0.0640625
0 0.8171875 0.0671875 0.06875 0.078125
2 0.39921875 0.23046875 0.065625 0.0828125
2 0.3703125 0.42421875 0.0546875 0.0703125
2 0.4265625 0.6515625 0.04375 0.059375
3 0.23828125 0.94296875 0.05625 0.05625
2 0.14296875 0.12578125 0.0625 0.0921875
0 0.04375 0.06796875 0.0734375 0.0625
2 0.24375 0.50625 0.0515625 0.059375
2 0.2765625 0.47265625 0.046875 0.065625
2 0.0109375 0.55390625 0.021875 0.065625
2 0.05859375 0.0203125 0.065625 0.028125
2 0.01640625 0.02578125 0.0296875 0.0421875
2 0.4546875 0.984375 0.0515625 0.0265625