3 0.05 0.5125 0.071875 0.08125
3 0.53125 0.89765625 0.0828125 0.0828125
3 0.528125 0.50625 0.10625 0.046875
3 0.909375 0.09921875 0.0703125 0.090625
0 0.30859375 0.921875 0.06875 0.084375
0 0.37421875 0.5984375 0.06875 0.06875
0 0.63203125 0.91953125 0.059375 0.0828125
0 0.71328125 0.28203125 0.05 0.096875
0 0.56875 0.16484375 0.075 0.0515625
0 0.56171875 0.06484375 0.0375 0.0875
0 0.03828125 0.725 0.071875 0.05625
0 0.18671875 0.09453125 0.0703125 0.0625
0 0.8203125 0.81484375 0.0734375 0.0515625
0 0.89609375 0.58359375 0.071875 0.0625
0 0.8921875 0.4453125 0.071875 0.0546875
0 0.63046875 0.2609375 0.065625 0.05
0 0.9578125 0.44375 0.0453125 0.0796875
0 0.203125 0.97421875 0.0640625 0.046875
1 0.975 0.71015625 0.05 0.0875
2 0.4390625 0.98515625 0.0578125 0.0296875
2 0.4 0.93203125 0.0546875 0.0609375
2 0.1421875 0.81953125 0.053125 0.0953125
2 0.2921875 0.7859375 0.053125 0.075
2 0.2734375 0.71015625 0.0625 0.078125
2 0.44375 0.7015625 0.053125 0.06875
2 0.50546875 0.70703125 0.0640625 0.0984375
2 0.525 0.79375 0.0609375 0.084375
2 0.5625 0.86796875 0.071875 0.0765625
2 0.46796875 0.396875 0.0609375 0.0828125
2 0.2265625 0.43828125 0.06875 0.0765625
2 0.1984375 0.38671875 0.0609375 0.071875
2 0.01484375 0.3046875 0.0296875 0.059375
2 0.01328125 0.23515625 0.025 0.0890625
2 0.128125 0.2125 0.0625 0.04375
2 0.1265625 0.21796875 0.0609375 0.128125
2 0.31328125 0.18984375 0.0625 0.075
2 0.20078125 0.16015625 0.0734375 0.0765625
2 0.31875 0.1109375 0.0515625 0.071875
2 0.1890625 0.028125 0.06875 0.04375
2 0.4546875 0.0265625 0.0671875 0.046875
2 0.6046875 0.9828125 0.059375 0.034375
1 0.690625 0.93359375 0.0703125 0.084375
2 0.61015625 0.81015625 0.0734375 0.065625
2 0.7921875 0.88359375 0.053125 0.065625
2 0.8875 0.98515625 0.071875 0.0296875
2 0.87421875 0.9578125 0.0625 0.0609375
2 0.9796875 0.96953125 0.040625 0.0609375
2 0.98359375 0.83984375 0.0296875 0.084375
2 0.79609375 0.746875 0.0625 0.0734375
2 0.7515625 0.54609375 0.0625 0.0734375
2 0.97109375 0.58671875 0.0484375 0.0703125
2 0.9421875 0.60546875 0.06875 0.0609375
2 0.6859375 0.37578125 0.0703125 0.0609375
2 0.9546875 0.365625 0.065625 0.05625
1 0.60234375 0.2140625 0.046875 0.0609375
2 0.71640625 0.19140625 0.0578125 0.103125
2 0.93515625 0.13515625 0.0734375 0.1015625
2 0.8546875 0.1140625 0.05 0.0875
2 0.85703125 0.053125 0.05625 0.06875