3 0.92265625 0.85390625 0.065625 0.0984375
3 0.70390625 0.04296875 0.0921875 0.0828125
3 0.75859375 0.82109375 0.0609375 0.090625
3 0.56875 0.44609375 0.071875 0.0625
0 0.70703125 0.9046875 0.075 0.0609375
0 0.77578125 0.73359375 0.075 0.0734375
0 0.696875 0.190625 0.0453125 0.103125
0 0.8765625 0.22109375 0.0765625 0.0578125
0 0.90703125 0.5828125 0.0578125 0.0953125
0 0.58515625 0.6453125 0.06875 0.053125
0 0.5203125 0.83359375 0.0734375 0.0734375
1 0.7421875 0.51171875 0.0609375 0.08125
1 0.64296875 0.57890625 0.06875 0.0734375
3 0.39453125 0.38203125 0.1171875 0.065625
2 0.37890625 0.18984375 0.0609375 0.0828125
0 0.37734375 0.07265625 0.078125 0.0765625
3 0.39453125 0.45703125 0.046875 0.090625
0 0.27890625 0.628125 0.0640625 0.053125
3 0.584375 0.78046875 0.0796875 0.0375
3 0.4671875 0.58515625 0.078125 0.05
3 0.07421875 0.42421875 0.0515625 0.084375
0 0.0390625 0.3625 0.0546875 0.090625
2 0.8265625 0.965625 0.05625 0.05
2 0.8 0.903125 0.0484375 0.078125
2 0.8765625 0.89921875 0.0640625 0.0546875
2 0.99140625 0.9140625 0.0171875 0.05625
2 0.98515625 0.8328125 0.0296875 0.065625
2 0.81171875 0.82890625 0.0671875 0.05625
1 0.5921875 0.859375 0.0515625 0.0625
2 0.57265625 0.71796875 0.1078125 0.0640625
2 0.53125 0.6484375 0.046875 0.0703125
1 0.475 0.65078125 0.05625 0.078125
2 0.51796875 0.51015625 0.05625 0.075
2 0.87578125 0.6359375 0.065625 0.0734375
2 0.98515625 0.540625 0.0296875 0.06875
2 0.91640625 0.4484375 0.059375 0.09375
1 0.95078125 0.33046875 0.05625 0.0828125
2 0.9921875 0.32109375 0.015625 0.0421875
2 0.81875 0.18359375 0.0640625 0.08125
2 0.53203125 0.13671875 0.0625 0.0796875
1 0.47421875 0.08828125 0.0609375 0.0796875
2 0.440625 0.3046875 0.0640625 0.0828125
2 0.25859375 0.9328125 0.065625 0.053125
2 0.11953125 0.975 0.0609375 0.05
2 0.021875 0.93125 0.04375 0.090625
2 0.0546875 0.8515625 0.0578125 0.0828125
2 0.1265625 0.7078125 0.0703125 0.075
2 0.184375 0.82890625 0.046875 0.05625
2 0.23984375 0.8375 0.0546875 0.0765625
2 0.0375 0.72734375 0.0578125 0.0828125
1 0.26640625 0.55390625 0.0578125 0.075
2 0.33828125 0.45625 0.0390625 0.0734375
2 0.28828125 0.453125 0.04375 0.0859375
2 0.2078125 0.45234375 0.059375 0.084375
1 0.2953125 0.3703125 0.0640625 0.0734375
2 0.3734375 0.32890625 0.0515625 0.0703125
2 0.1453125 0.340625 0.0546875 0.0671875
2 0.12734375 0.42734375 0.0421875 0.065625
2 0.08515625 0.4859375 0.0609375 0.05625
1 0.04921875 0.296875 0.0578125 0.08125
4 0.10703125 0.26953125 0.0625 0.09375
2 0.21171875 0.18203125 0.0671875 0.0890625
2 0.296875 0.1578125 0.0734375 0.0734375
2 0.3265625 0.19453125 0.05625 0.0796875
2 0.30859375 0.08046875 0.059375 0.0671875
2 0.2859375 0.0609375 0.04375 0.0828125
2 0.078125 0.06640625 0.0609375 0.1046875
2 0.37109375 0.02734375 0.06875 0.0515625