1 0.58359375 0.4 0.0625 0.078125
1 0.83671875 0.30234375 0.0671875 0.096875
1 0.925 0.084375 0.0703125 0.0859375
0 0.96953125 0.3203125 0.0609375 0.0734375
1 0.24609375 0.17421875 0.0609375 0.08125
1 0.2953125 0.24921875 0.059375 0.0703125
1 0.184375 0.5390625 0.0625 0.0859375
1 0.03984375 0.4734375 0.0578125 0.0765625
4 0.4359375 0.528125 0.0578125 0.0796875
1 0.3546875 0.72109375 0.065625 0.09375
1 0.609375 0.6375 0.0578125 0.08125
1 0.61171875 0.50546875 0.0578125 0.075
1 0.78203125 0.82890625 0.0640625 0.0890625
1 0.96875 0.50390625 0.05625 0.09375
2 0.0671875 0.840625 0.0609375 0.0765625
1 0.5921875 0.04375 0.05625 0.0796875
1 0.2734375 0.04609375 0.05625 0.065625
1 0.55234375 0.70703125 0.065625 0.0640625
1 0.69296875 0.79375 0.0515625 0.0875
0 0.428125 0.74375 0.065625 0.05625
0 0.3875 0.85078125 0.0828125 0.0625
0 0.98359375 0.77578125 0.0328125 0.10625
0 0.1015625 0.534375 0.0625 0.0734375
0 0.06875 0.6859375 0.053125 0.05625
0 0.0546875 0.765625 0.0859375 0.065625
3 0.30234375 0.6265625 0.0921875 0.0515625
0 0.4890625 0.23125 0.08125 0.06875
2 0.6921875 0.55078125 0.0625 0.0734375
2 0.78046875 0.72265625 0.05625 0.0984375
2 0.94765625 0.83125 0.05 0.0671875
2 0.55234375 0.8140625 0.0703125 0.0640625
2 0.37890625 0.51015625 0.0546875 0.0796875
2 0.19140625 0.4015625 0.0609375 0.0796875
2 0.353125 0.3 0.0578125 0.065625
2 0.35234375 0.23671875 0.0546875 0.065625
2 0.41484375 0.31328125 0.0625 0.0734375
2 0.42578125 0.22578125 0.053125 0.0953125
2 0.3625 0.1484375 0.059375 0.05625
2 0.64140625 0.209375 0.05625 0.0796875
2 0.696875 0.19140625 0.053125 0.0734375
2 0.7046875 0.1265625 0.0703125 0.059375
2 0.67265625 0.08359375 0.0453125 0.0625
2 0.55078125 0.11015625 0.0453125 0.065625
2 0.52265625 0.1640625 0.0625 0.0828125
2 0.765625 0.16171875 0.0484375 0.05625
2 0.85234375 0.1265625 0.053125 0.065625
2 0.146875 0.6203125 0.05625 0.0734375
2 0.05390625 0.55703125 0.0453125 0.0796875
2 0.03984375 0.6296875 0.065625 0.065625
2 0.153125 0.73203125 0.071875 0.1265625
2 0.17421875 0.91015625 0.0671875 0.09375
2 0.08671875 0.9109375 0.096875 0.0546875
2 0.16328125 0.203125 0.053125 0.071875
2 0.72578125 0.79296875 0.0453125 0.0578125
1 0.6546875 0.02578125 0.0703125 0.0515625
2 0.81640625 0.025 0.075 0.05
2 0.365625 0.3765625 0.115625 0.0703125
2 0.35390625 0.43828125 0.0765625 0.08125
0 0.53203125 0.97890625 0.0890625 0.0421875
2 0.01875 0.05625 0.034375 0.0828125
2 0.01015625 0.15546875 0.0203125 0.0703125
2 0.01328125 0.25703125 0.0265625 0.08125
2 0.05546875 0.01875 0.0578125 0.0375
2 0.19375 0.01796875 0.06875 0.0359375