3 0.25859375 0.3203125 0.1125 0.0609375
3 0.19453125 0.42734375 0.08125 0.0578125
3 0.44453125 0.74921875 0.08125 0.0578125
0 0.28046875 0.19609375 0.0859375 0.0515625
0 0.46328125 0.81875 0.084375 0.0640625
2 0.865625 0.07109375 0.0609375 0.08125
2 0.56171875 0.71640625 0.065625 0.0859375
2 0.2421875 0.9359375 0.0734375 0.090625
2 0.10546875 0.88984375 0.0578125 0.0796875
2 0.8796875 0.91328125 0.05 0.0640625
2 0.92265625 0.92109375 0.0421875 0.0625
2 0.9765625 0.60546875 0.0453125 0.0796875
2 0.94296875 0.5640625 0.05625 0.0796875
2 0.75234375 0.5234375 0.0578125 0.05625
2 0.60625 0.38671875 0.0625 0.0546875
1 0.959375 0.19921875 0.065625 0.084375
2 0.18203125 0.3046875 0.0515625 0.0796875
2 0.04609375 0.16484375 0.0703125 0.1
2 0.05234375 0.509375 0.0671875 0.0765625
2 0.15703125 0.4890625 0.075 0.065625
2 0.303125 0.5421875 0.0546875 0.0859375
2 0.42421875 0.41953125 0.078125 0.0890625
2 0.48984375 0.62265625 0.0578125 0.0734375
2 0.44375 0.6328125 0.075 0.075
2 0.41953125 0.69296875 0.0765625 0.0578125
1 0.32734375 0.67734375 0.0671875 0.0859375
2 0.25625 0.51875 0.0515625 0.0890625
2 0.5984375 0.5640625 0.0609375 0.103125
2 0.51328125 0.48828125 0.0671875 0.090625
2 0.37265625 0.21328125 0.0609375 0.06875
2 0.3234375 0.13359375 0.0609375 0.06875
1 0.59296875 0.25078125 0.0609375 0.0765625
1 0.653125 0.29765625 0.065625 0.0796875
1 0.72421875 0.4 0.06875 0.08125
1 0.7921875 0.46796875 0.071875 0.08125
1 0.85 0.14921875 0.0734375 0.090625
1 0.7765625 0.06171875 0.0609375 0.0859375
1 0.79921875 0.75390625 0.053125 0.0671875
1 0.73671875 0.85859375 0.0625 0.084375
1 0.83046875 0.88046875 0.053125 0.0734375
2 0.7140625 0.96015625 0.0765625 0.0734375
1 0.5921875 0.92109375 0.0640625 0.0859375
2 0.66171875 0.653125 0.0609375 0.0859375
2 0.71796875 0.71953125 0.0609375 0.0625
1 0.334375 0.79609375 0.0625 0.0734375
1 0.2546875 0.72109375 0.0515625 0.06875
1 0.22421875 0.6 0.0578125 0.0984375
2 0.028125 0.71484375 0.05625 0.0890625
2 0.090625 0.9671875 0.05625 0.065625
2 0.05390625 0.58671875 0.0625 0.08125
2 0.1890625 0.059375 0.06875 0.0875
2 0.11953125 0.04765625 0.075 0.0875
1 0.0296875 0.0703125 0.059375 0.08125
2 0.74765625 0.74296875 0.0484375 0.08125
1 0.975 0.78046875 0.0453125 0.0703125
1 0.23359375 0.390625 0.0515625 0.075
2 0.021875 0.40390625 0.040625 0.1015625
2 0.9546875 0.975 0.05625 0.05
2 0.8 0.98125 0.059375 0.0328125
2 0.50859375 0.9890625 0.0703125 0.021875
2 0.9828125 0.43046875 0.0328125 0.065625
2 0.9796875 0.14453125 0.0375 0.0640625
2 0.98671875 0.384375 0.0265625 0.06875
2 0.70390625 0.02734375 0.059375 0.0515625