3 0.89296875 0.32109375 0.065625 0.06875
3 0.95 0.33359375 0.0578125 0.0625
3 0.5015625 0.5828125 0.0859375 0.0546875
2 0.9875 0.9875 0.025 0.0234375
3 0.96953125 0.9765625 0.05 0.046875
0 0.64921875 0.64609375 0.0859375 0.0484375
3 0.07421875 0.07421875 0.065625 0.0515625
3 0.0796875 0.08984375 0.0796875 0.0609375
0 0.23984375 0.44296875 0.071875 0.0875
3 0.0515625 0.825 0.0625 0.046875
3 0.03828125 0.809375 0.0609375 0.0734375
3 0.4546875 0.80234375 0.071875 0.04375
3 0.44921875 0.78984375 0.0734375 0.046875
3 0.07421875 0.98203125 0.0421875 0.0359375
3 0.16015625 0.03125 0.0546875 0.0609375
2 0.93828125 0.05546875 0.053125 0.05625
2 0.9046875 0.04453125 0.0453125 0.0875
2 0.88359375 0.103125 0.0515625 0.0796875
1 0.69140625 0.02109375 0.0546875 0.0421875
2 0.6546875 0.09296875 0.059375 0.075
2 0.70546875 0.09296875 0.05625 0.075
1 0.753125 0.171875 0.0484375 0.065625
2 0.9 0.18359375 0.04375 0.059375
2 0.8609375 0.2421875 0.0828125 0.065625
2 0.7703125 0.2296875 0.075 0.078125
1 0.69453125 0.2359375 0.059375 0.0640625
2 0.64140625 0.24375 0.053125 0.078125
2 0.96875 0.353125 0.0578125 0.065625
2 0.63671875 0.38046875 0.05 0.0546875
2 0.725 0.4109375 0.0640625 0.078125
2 0.7953125 0.51796875 0.0546875 0.0578125
2 0.8578125 0.53984375 0.059375 0.0796875
1 0.9078125 0.496875 0.05625 0.075
2 0.9578125 0.565625 0.059375 0.06875
2 0.65 0.46328125 0.0390625 0.0828125
2 0.63515625 0.584375 0.053125 0.0546875
1 0.51328125 0.33125 0.0515625 0.0671875
1 0.52890625 0.265625 0.05 0.065625
2 0.5046875 0.15546875 0.0484375 0.0890625
2 0.44375 0.153125 0.0515625 0.08125
2 0.4390625 0.07109375 0.05 0.075
2 0.38125 0.04375 0.0421875 0.075
2 0.3453125 0.05390625 0.0421875 0.0640625
2 0.49375 0.0171875 0.0546875 0.034375
2 0.53671875 0.04375 0.059375 0.075
1 0.3328125 0.2234375 0.0515625 0.071875
2 0.43359375 0.32109375 0.0546875 0.075
2 0.4546875 0.37890625 0.0578125 0.071875
2 0.41015625 0.44375 0.053125 0.0640625
2 0.34453125 0.471875 0.0546875 0.08125
1 0.4078125 0.50703125 0.0578125 0.0546875
2 0.86171875 0.63984375 0.059375 0.059375
2 0.9859375 0.6875 0.0265625 0.1171875
2 0.84375 0.68984375 0.08125 0.059375
2 0.88359375 0.753125 0.0671875 0.075
2 0.8828125 0.8265625 0.05 0.065625
2 0.81484375 0.86796875 0.0625 0.09375
1 0.72734375 0.92578125 0.0546875 0.075
2 0.6703125 0.7453125 0.05625 0.08125
2 0.58046875 0.7671875 0.065625 0.0546875
2 0.50703125 0.6953125 0.05 0.0609375
2 0.4640625 0.72421875 0.075 0.0875
2 0.378125 0.77578125 0.075 0.0609375
2 0.48671875 0.8515625 0.053125 0.065625
2 0.4640625 0.94609375 0.075 0.05
2 0.51328125 0.92421875 0.0625 0.0421875
2 0.38515625 0.9328125 0.046875 0.0890625
2 0.5296875 0.98984375 0.065625 0.0203125
2 0.61328125 0.9890625 0.0546875 0.021875
2 0.88515625 0.93125 0.0578125 0.096875
2 0.86875 0.97421875 0.05625 0.0421875
2 0.8015625 0.91484375 0.065625 0.046875
2 0.9546875 0.940625 0.059375 0.0625
2 0.9328125 0.92578125 0.046875 0.075
2 0.2421875 0.03046875 0.0640625 0.0609375
2 0.1484375 0.1390625 0.0890625 0.05
2 0.16484375 0.08828125 0.0671875 0.0796875
2 0.1125 0.02578125 0.0546875 0.0453125
2 0.0265625 0.0203125 0.05 0.040625
2 0.0328125 0.23515625 0.0578125 0.078125
1 0.2640625 0.1765625 0.05625 0.0765625
1 0.26484375 0.24921875 0.0578125 0.059375
2 0.3015625 0.34453125 0.0546875 0.0796875
2 0.228125 0.34296875 0.0515625 0.0625
2 0.22578125 0.5421875 0.0359375 0.0859375
3 0.159375 0.54609375 0.075 0.0671875
2 0.26796875 0.5671875 0.0578125 0.065625
2 0.2796875 0.70390625 0.0515625 0.0734375
2 0.02734375 0.540625 0.053125 0.078125
2 0.12265625 0.60078125 0.05 0.0703125
2 0.0953125 0.76328125 0.075 0.0703125
2 0.19765625 0.8296875 0.0578125 0.06875
2 0.03515625 0.94765625 0.0546875 0.0859375
2 0.01875 0.7375 0.0359375 0.075
2 0.0125 0.7859375 0.025 0.0578125