3 0.74140625 0.3203125 0.1125 0.0609375
3 0.80546875 0.42734375 0.08125 0.0578125
3 0.55546875 0.74921875 0.08125 0.0578125
0 0.71953125 0.19609375 0.0859375 0.0515625
0 0.53671875 0.81875 0.084375 0.0640625
2 0.134375 0.07109375 0.0609375 0.08125
2 0.43828125 0.71640625 0.065625 0.0859375
2 0.7578125 0.9359375 0.0734375 0.090625
2 0.89453125 0.88984375 0.0578125 0.0796875
2 0.1203125 0.91328125 0.05 0.0640625
2 0.07734375 0.92109375 0.0421875 0.0625
2 0.0234375 0.60546875 0.0453125 0.0796875
2 0.05703125 0.5640625 0.05625 0.0796875
2 0.24765625 0.5234375 0.0578125 0.05625
2 0.39375 0.38671875 0.0625 0.0546875
1 0.040625 0.19921875 0.065625 0.084375
2 0.81796875 0.3046875 0.0515625 0.0796875
2 0.95390625 0.16484375 0.0703125 0.1
2 0.94765625 0.509375 0.0671875 0.0765625
2 0.84296875 0.4890625 0.075 0.065625
2 0.696875 0.5421875 0.0546875 0.0859375
2 0.57578125 0.41953125 0.078125 0.0890625
2 0.51015625 0.62265625 0.0578125 0.0734375
2 0.55625 0.6328125 0.075 0.075
2 0.58046875 0.69296875 0.0765625 0.0578125
1 0.67265625 0.67734375 0.0671875 0.0859375
2 0.74375 0.51875 0.0515625 0.0890625
2 0.4015625 0.5640625 0.0609375 0.103125
2 0.48671875 0.48828125 0.0671875 0.090625
2 0.62734375 0.21328125 0.0609375 0.06875
2 0.6765625 0.13359375 0.0609375 0.06875
1 0.40703125 0.25078125 0.0609375 0.0765625
1 0.346875 0.29765625 0.065625 0.0796875
1 0.27578125 0.4 0.06875 0.08125
1 0.2078125 0.46796875 0.071875 0.08125
1 0.15 0.14921875 0.0734375 0.090625
1 0.2234375 0.06171875 0.0609375 0.0859375
1 0.20078125 0.75390625 0.053125 0.0671875
1 0.26328125 0.85859375 0.0625 0.084375
1 0.16953125 0.88046875 0.053125 0.0734375
2 0.2859375 0.96015625 0.0765625 0.0734375
1 0.4078125 0.92109375 0.0640625 0.0859375
2 0.33828125 0.653125 0.0609375 0.0859375
2 0.28203125 0.71953125 0.0609375 0.0625
1 0.665625 0.79609375 0.0625 0.0734375
1 0.7453125 0.72109375 0.0515625 0.06875
1 0.77578125 0.6 0.0578125 0.0984375
2 0.971875 0.71484375 0.05625 0.0890625
2 0.909375 0.9671875 0.05625 0.065625
2 0.94609375 0.58671875 0.0625 0.08125
2 0.8109375 0.059375 0.06875 0.0875
2 0.88046875 0.04765625 0.075 0.0875
1 0.9703125 0.0703125 0.059375 0.08125
2 0.25234375 0.74296875 0.0484375 0.08125
1 0.025 0.78046875 0.0453125 0.0703125
1 0.76640625 0.390625 0.0515625 0.075
2 0.978125 0.40390625 0.040625 0.1015625
2 0.0453125 0.975 0.05625 0.05
2 0.2 0.98125 0.059375 0.0328125
2 0.49140625 0.9890625 0.0703125 0.021875
2 0.0171875 0.43046875 0.0328125 0.065625
2 0.0203125 0.14453125 0.0375 0.0640625
2 0.01328125 0.384375 0.0265625 0.06875
2 0.29609375 0.02734375 0.059375 0.0515625