3 0.79296875 0.7296875 0.09375 0.065625
0 0.4640625 0.73515625 0.08125 0.0625
0 0.57578125 0.49296875 0.0390625 0.1
0 0.625 0.428125 0.0484375 0.09375
0 0.93515625 0.421875 0.0375 0.1078125
0 0.52109375 0.021875 0.0546875 0.04375
0 0.71484375 0.51328125 0.0671875 0.0515625
3 0.3109375 0.89453125 0.046875 0.121875
3 0.28671875 0.55859375 0.1015625 0.0796875
0 0.30546875 0.47578125 0.0578125 0.0828125
0 0.11328125 0.43828125 0.03125 0.0890625
0 0.29296875 0.60703125 0.05625 0.06875
0 0.28359375 0.73203125 0.0578125 0.0953125
0 0.228125 0.49296875 0.0765625 0.0609375
2 0.971875 0.9796875 0.0546875 0.040625
1 0.946875 0.94375 0.0625 0.0609375
2 0.9671875 0.88359375 0.059375 0.0625
2 0.88046875 0.8734375 0.071875 0.075
2 0.884375 0.7890625 0.075 0.0453125
2 0.75390625 0.94921875 0.06875 0.090625
2 0.70234375 0.90546875 0.0609375 0.0734375
2 0.609375 0.99140625 0.0515625 0.0171875
2 0.48359375 0.9109375 0.0625 0.0796875
2 0.978125 0.69609375 0.040625 0.0625
2 0.9765625 0.54765625 0.04375 0.0796875
2 0.9265625 0.51484375 0.0734375 0.0921875
2 0.51484375 0.68046875 0.05 0.08125
2 0.465625 0.6453125 0.065625 0.065625
2 0.53359375 0.4640625 0.0671875 0.0828125
2 0.81484375 0.4296875 0.0546875 0.0671875
3 0.85546875 0.3828125 0.0609375 0.0671875
2 0.72265625 0.2734375 0.071875 0.0640625
3 0.7640625 0.2140625 0.075 0.0578125
2 0.590625 0.359375 0.071875 0.0671875
2 0.58515625 0.17734375 0.0625 0.05
2 0.8140625 0.04921875 0.040625 0.090625
2 0.98203125 0.315625 0.034375 0.08125
2 0.97578125 0.39765625 0.046875 0.0734375
2 0.78046875 0.534375 0.0640625 0.090625
2 0.64609375 0.51015625 0.0625 0.0734375
2 0.60078125 0.440625 0.0359375 0.0421875
2 0.64375 0.41640625 0.0328125 0.04375
2 0.97578125 0.01640625 0.046875 0.028125
2 0.36875 0.9921875 0.065625 0.015625
2 0.40078125 0.765625 0.0625 0.0890625
2 0.3140625 0.78046875 0.03125 0.040625
2 0.3734375 0.64453125 0.065625 0.0546875
2 0.3390625 0.62265625 0.05 0.0796875
2 0.446875 0.59453125 0.090625 0.0640625
2 0.090625 0.5125 0.075 0.075
2 0.16484375 0.49609375 0.05 0.0703125
1 0.15546875 0.31640625 0.0578125 0.0796875
2 0.13046875 0.25 0.0703125 0.05
2 0.1375 0.1734375 0.05625 0.0515625
2 0.2984375 0.25546875 0.0671875 0.090625
2 0.41953125 0.19296875 0.0640625 0.09375
2 0.25859375 0.18046875 0.0765625 0.0828125
2 0.2734375 0.09921875 0.071875 0.0890625
2 0.225 0.02578125 0.0515625 0.0515625
2 0.13046875 0.01171875 0.0546875 0.0234375
2 0.36015625 0.5640625 0.028125 0.0265625
2 0.37890625 0.83515625 0.096875 0.06875