0 0.6 0.6875 0.0890625 0.0921875
0 0.9046875 0.5203125 0.04375 0.1171875
0 0.4359375 0.2765625 0.090625 0.08125
0 0.43515625 0.4859375 0.078125 0.0703125
0 0.2859375 0.446875 0.078125 0.0703125
0 0.24375 0.74375 0.078125 0.0796875
0 0.546875 0.7421875 0.0671875 0.065625
0 0.05390625 0.1015625 0.0671875 0.0890625
0 0.021875 0.071875 0.04375 0.0828125
0 0.021875 0.19921875 0.04375 0.08125
2 0.17890625 0.64921875 0.0578125 0.0828125
2 0.1171875 0.7265625 0.0609375 0.0796875
2 0.13984375 0.79765625 0.0765625 0.090625
2 0.1953125 0.8546875 0.059375 0.0796875
2 0.13203125 0.89375 0.065625 0.0859375
2 0.20234375 0.95859375 0.071875 0.0828125
2 0.396875 0.9171875 0.065625 0.0734375
2 0.35625 0.73125 0.0578125 0.0828125
2 0.2875 0.51796875 0.0875 0.0796875
2 0.20390625 0.2921875 0.053125 0.078125
2 0.16796875 0.18203125 0.0625 0.0796875
2 0.090625 0.2953125 0.0734375 0.0984375
2 0.028125 0.2703125 0.05625 0.075
2 0.4609375 0.39609375 0.078125 0.0859375
4 0.56875 0.28046875 0.0578125 0.0828125
2 0.5890625 0.20234375 0.053125 0.0734375
2 0.6703125 0.1609375 0.059375 0.084375
2 0.65 0.07421875 0.071875 0.09375
2 0.64921875 0.27734375 0.0625 0.0796875
2 0.57734375 0.3953125 0.0703125 0.065625
2 0.54609375 0.4671875 0.0546875 0.075
2 0.596875 0.54140625 0.05625 0.078125
2 0.60859375 0.609375 0.0640625 0.065625
2 0.44765625 0.80390625 0.053125 0.065625
2 0.54140625 0.86796875 0.0640625 0.084375
2 0.60234375 0.85078125 0.0625 0.109375
2 0.72265625 0.8578125 0.0625 0.0921875
2 0.68984375 0.43984375 0.05 0.08125
2 0.7765625 0.31171875 0.0671875 0.090625
2 0.7984375 0.19609375 0.059375 0.0765625
4 0.9125 0.09453125 0.0640625 0.0828125
2 0.91484375 0.90703125 0.065625 0.0703125
2 0.97734375 0.85234375 0.0453125 0.0734375
2 0.978125 0.68203125 0.04375 0.090625
1 0.92890625 0.5921875 0.05 0.06875
2 0.88984375 0.96328125 0.0625 0.0734375
2 0.96796875 0.965625 0.053125 0.065625
1 0.809375 0.6015625 0.053125 0.0703125
0 0.42578125 0.7515625 0.0609375 0.059375