0 0.28046875 0.975 0.075 0.040625
0 0.13359375 0.546875 0.06875 0.0734375
0 0.203125 0.11015625 0.0703125 0.046875
0 0.11171875 0.27734375 0.05625 0.0828125
0 0.33828125 0.4265625 0.0765625 0.0421875
3 0.09296875 0.071875 0.14375 0.0359375
3 0.36640625 0.04296875 0.084375 0.078125
3 0.16015625 0.92421875 0.0796875 0.0671875
3 0.38671875 0.53203125 0.10625 0.053125
3 0.534375 0.1453125 0.084375 0.0796875
3 0.63984375 0.33046875 0.115625 0.046875
3 0.840625 0.39453125 0.075 0.0984375
0 0.603125 0.4875 0.0578125 0.0703125
0 0.54765625 0.35390625 0.0640625 0.06875
0 0.6015625 0.23671875 0.0734375 0.0546875
0 0.89296875 0.25 0.034375 0.109375
0 0.7109375 0.015625 0.034375 0.03125
0 0.69453125 0.93828125 0.0640625 0.05
0 0.7375 0.88359375 0.05625 0.06875
0 0.71875 0.71328125 0.0375 0.1
0 0.66328125 0.6390625 0.0625 0.05
0 0.8484375 0.640625 0.0671875 0.0546875
0 0.42265625 0.7625 0.065625 0.0609375
0 0.3984375 0.7234375 0.040625 0.078125
3 0.84375 0.99140625 0.025 0.0171875
3 0.91328125 0.58359375 0.084375 0.084375
0 0.921875 0.1453125 0.0296875 0.0859375
1 0.1953125 0.2578125 0.0640625 0.0796875
2 0.03671875 0.87890625 0.0484375 0.075
1 0.0171875 0.59921875 0.034375 0.075
2 0.4328125 0.8328125 0.046875 0.0484375
2 0.49921875 0.828125 0.0546875 0.0859375
1 0.31484375 0.69296875 0.0515625 0.0859375
2 0.1359375 0.49765625 0.0578125 0.059375
2 0.009375 0.425 0.01875 0.046875
1 0.28046875 0.4875 0.0546875 0.071875
1 0.1625 0.33125 0.0609375 0.075
2 0.06171875 0.29140625 0.0421875 0.04375
2 0.04921875 0.2859375 0.0609375 0.0625
1 0.403125 0.41171875 0.065625 0.075
2 0.36015625 0.296875 0.0578125 0.075
2 0.48828125 0.03046875 0.0484375 0.05625
2 0.4578125 0.0109375 0.0390625 0.021875
2 0.5890625 0.07109375 0.0515625 0.06875
2 0.5421875 0.1921875 0.0515625 0.0578125
2 0.60234375 0.803125 0.0546875 0.071875
2 0.74921875 0.9484375 0.06875 0.0609375
2 0.73671875 0.98203125 0.0390625 0.0359375
2 0.903125 0.9890625 0.0546875 0.021875
2 0.95078125 0.89609375 0.0609375 0.071875
2 0.946875 0.84453125 0.0546875 0.0796875
2 0.8859375 0.86640625 0.0546875 0.09375
1 0.7984375 0.83515625 0.059375 0.078125
2 0.74921875 0.77890625 0.0640625 0.059375
2 0.71796875 0.83203125 0.0421875 0.0578125
2 0.86953125 0.7703125 0.053125 0.065625
2 0.92421875 0.6921875 0.0703125 0.09375
2 0.7328125 0.64296875 0.0671875 0.071875
4 0.53203125 0.678125 0.06875 0.0890625
2 0.59609375 0.56171875 0.078125 0.0546875
2 0.77421875 0.5578125 0.04375 0.0828125
2 0.72265625 0.5234375 0.0578125 0.1
2 0.659375 0.46484375 0.05 0.0625
2 0.63046875 0.39140625 0.0546875 0.0671875
2 0.68203125 0.3671875 0.0453125 0.0609375
1 0.64296875 0.19609375 0.05 0.071875
2 0.58984375 0.14375 0.0640625 0.08125
2 0.77421875 0.11640625 0.04375 0.05625
2 0.80390625 0.1265625 0.0484375 0.0625
2 0.80546875 0.0515625 0.071875 0.084375
2 0.8484375 0.05703125 0.05625 0.065625
4 0.96796875 0.14609375 0.05 0.08125
2 0.9890625 0.046875 0.021875 0.08125
2 0.98125 0.24453125 0.0375 0.05625
2 0.96015625 0.253125 0.0640625 0.0796875
2 0.97890625 0.44765625 0.0421875 0.0890625
2 0.75390625 0.46328125 0.0765625 0.0890625