3 0.77578125 0.471875 0.0859375 0.075
3 0.75234375 0.6125 0.08125 0.0953125
3 0.54296875 0.6484375 0.10625 0.0421875
3 0.7515625 0.75078125 0.0765625 0.04375
0 0.67734375 0.8046875 0.0390625 0.1265625
0 0.340625 0.5796875 0.090625 0.0390625
0 0.284375 0.68828125 0.078125 0.0359375
3 0.35234375 0.26875 0.0828125 0.06875
3 0.159375 0.9828125 0.08125 0.034375
0 0.28671875 0.16328125 0.0734375 0.0796875
0 0.159375 0.5828125 0.078125 0.040625
0 0.08203125 0.65234375 0.0796875 0.0484375
0 0.42734375 0.425 0.075 0.0515625
0 0.3703125 0.97890625 0.090625 0.0421875
0 0.1390625 0.4859375 0.075 0.040625
2 0.69765625 0.0203125 0.0390625 0.040625
2 0.69140625 0.03671875 0.06875 0.0734375
2 0.7828125 0.015625 0.0671875 0.03125
2 0.66484375 0.09375 0.065625 0.0765625
2 0.65859375 0.1734375 0.0578125 0.0828125
2 0.70703125 0.20859375 0.0640625 0.1046875
2 0.73359375 0.321875 0.0578125 0.0875
2 0.98515625 0.16484375 0.028125 0.0640625
2 0.4859375 0.04296875 0.05625 0.0671875
2 0.428125 0.2453125 0.0484375 0.0625
2 0.66015625 0.32109375 0.0546875 0.0359375
2 0.64921875 0.3703125 0.0625 0.0484375
2 0.70234375 0.47578125 0.05625 0.0703125
2 0.62578125 0.54453125 0.053125 0.0609375
2 0.8890625 0.45625 0.0609375 0.084375
2 0.94453125 0.4609375 0.0421875 0.053125
2 0.98828125 0.58984375 0.0234375 0.0546875
2 0.965625 0.64296875 0.053125 0.0734375
2 0.9875 0.74921875 0.021875 0.059375
2 0.80546875 0.88203125 0.0609375 0.08125
2 0.81328125 0.9625 0.0609375 0.0609375
2 0.9328125 0.9875 0.0625 0.025
2 0.65078125 0.75078125 0.0546875 0.0828125
2 0.25703125 0.025 0.0671875 0.0484375
2 0.1296875 0.08828125 0.059375 0.0890625
2 0.196875 0.109375 0.0609375 0.0515625
1 0.021875 0.13828125 0.04375 0.0890625
2 0.16484375 0.18046875 0.053125 0.0765625
2 0.18125 0.22109375 0.0453125 0.065625
2 0.1390625 0.26171875 0.059375 0.0671875
2 0.11953125 0.32734375 0.0859375 0.065625
2 0.17734375 0.3484375 0.046875 0.0671875
2 0.0578125 0.34921875 0.0625 0.09375
1 0.1375 0.41328125 0.0609375 0.0765625
2 0.0765625 0.51015625 0.0640625 0.0859375
2 0.30234375 0.45703125 0.0609375 0.0671875
2 0.290625 0.50703125 0.0921875 0.09375
2 0.2515625 0.565625 0.05625 0.0515625
2 0.3953125 0.640625 0.0390625 0.078125
2 0.31171875 0.628125 0.0625 0.059375
1 0.33359375 0.73984375 0.0578125 0.0796875
1 0.28828125 0.871875 0.0546875 0.084375
2 0.1421875 0.94296875 0.0609375 0.04375
2 0.02109375 0.6890625 0.034375 0.04375
2 0.09140625 0.98984375 0.0421875 0.0203125