3 0.915625 0.84765625 0.0828125 0.0421875
3 0.52265625 0.9046875 0.0875 0.05625
3 0.746875 0.80390625 0.0609375 0.084375
3 0.4015625 0.6875 0.0765625 0.05625
0 0.88046875 0.6046875 0.0359375 0.1078125
0 0.7140625 0.71484375 0.065625 0.0625
0 0.5703125 0.43984375 0.065625 0.078125
0 0.78359375 0.34921875 0.0515625 0.06875
0 0.571875 0.2421875 0.075 0.0484375
0 0.64921875 0.18046875 0.0703125 0.04375
0 0.96875 0.08984375 0.0609375 0.0625
3 0.934375 0.0515625 0.0828125 0.05625
3 0.36015625 0.5796875 0.078125 0.1140625
0 0.034375 0.04140625 0.053125 0.0796875
0 0.1140625 0.1359375 0.06875 0.053125
0 0.353125 0.3171875 0.0828125 0.0515625
2 0.8703125 0.8734375 0.0359375 0.090625
2 0.9453125 0.81640625 0.0640625 0.059375
2 0.68203125 0.89921875 0.0640625 0.0859375
2 0.63203125 0.865625 0.0359375 0.059375
2 0.56171875 0.98515625 0.0703125 0.0296875
2 0.53671875 0.8359375 0.06875 0.0703125
2 0.528125 0.7890625 0.0625 0.0671875
2 0.57890625 0.77265625 0.053125 0.06875
2 0.47890625 0.6828125 0.0703125 0.0875
2 0.5 0.54453125 0.0703125 0.0796875
2 0.934375 0.5515625 0.053125 0.065625
1 0.78671875 0.49921875 0.059375 0.0703125
2 0.51484375 0.4578125 0.0625 0.0859375
2 0.59765625 0.3890625 0.0640625 0.09375
2 0.6453125 0.371875 0.0484375 0.075
2 0.7109375 0.421875 0.05625 0.0921875
2 0.759375 0.39921875 0.0625 0.0515625
2 0.97578125 0.22265625 0.0484375 0.090625
1 0.87109375 0.140625 0.0578125 0.0796875
1 0.74375 0.24453125 0.059375 0.0734375
2 0.6875 0.28828125 0.0578125 0.0765625
2 0.515625 0.26171875 0.05625 0.0734375
2 0.74765625 0.0359375 0.1109375 0.071875
2 0.6375 0.07578125 0.0765625 0.109375
2 0.396875 0.9328125 0.05625 0.04375
2 0.26484375 0.98828125 0.05625 0.0234375
2 0.11640625 0.9796875 0.0671875 0.040625
2 0.0734375 0.8859375 0.0640625 0.0765625
1 0.30703125 0.79921875 0.0515625 0.071875
2 0.15390625 0.728125 0.065625 0.0875
2 0.2203125 0.6921875 0.0640625 0.09375
2 0.3296875 0.67421875 0.0609375 0.0765625
2 0.09453125 0.590625 0.0671875 0.0890625
1 0.0671875 0.51484375 0.05625 0.0796875
2 0.140625 0.4875 0.0515625 0.0859375
2 0.178125 0.4875 0.078125 0.0546875
2 0.121875 0.41953125 0.0734375 0.0765625
1 0.27578125 0.47109375 0.065625 0.0796875
2 0.43828125 0.43984375 0.0625 0.071875
2 0.20390625 0.34765625 0.0625 0.075
2 0.25546875 0.253125 0.0484375 0.0703125
2 0.19296875 0.16328125 0.0609375 0.0890625
2 0.034375 0.2859375 0.046875 0.0625
2 0.0109375 0.23203125 0.021875 0.04375
2 0.04765625 0.1609375 0.0625 0.0796875
2 0.178125 0.02109375 0.0390625 0.0421875