4 0.98359375 0.2171875 0.03125 0.071875
4 0.97734375 0.60625 0.0453125 0.059375
4 0.90390625 0.9734375 0.0640625 0.053125
4 0.728125 0.4765625 0.05625 0.0875
3 0.64453125 0.78359375 0.1328125 0.05
3 0.6328125 0.38359375 0.1140625 0.0859375
3 0.50625 0.28203125 0.10625 0.0578125
2 0.5828125 0.3890625 0.0546875 0.0828125
4 0.425 0.09296875 0.065625 0.1
4 0.3015625 0.1671875 0.0625 0.0734375
4 0.23515625 0.23359375 0.0578125 0.075
1 0.3546875 0.7125 0.065625 0.0734375
2 0.88203125 0.03046875 0.0703125 0.0609375
2 0.91875 0.0828125 0.059375 0.071875
2 0.884375 0.16328125 0.065625 0.0828125
1 0.825 0.190625 0.0484375 0.071875
2 0.87578125 0.24140625 0.059375 0.0828125
0 0.94765625 0.2765625 0.075 0.05625
2 0.97265625 0.359375 0.0546875 0.078125
2 0.97265625 0.42890625 0.0546875 0.071875
1 0.98515625 0.5078125 0.0296875 0.065625
2 0.890625 0.5265625 0.05625 0.0734375
1 0.85625 0.4109375 0.0515625 0.0578125
1 0.71875 0.13984375 0.0546875 0.0609375
2 0.621875 0.11015625 0.0640625 0.0875
1 0.55 0.0984375 0.0453125 0.0734375
2 0.4578125 0.02890625 0.084375 0.053125
2 0.34453125 0.10625 0.0546875 0.0875
2 0.42421875 0.23125 0.0578125 0.078125
2 0.715625 0.21796875 0.0578125 0.0640625
1 0.6140625 0.2203125 0.0515625 0.08125
2 0.54375 0.23125 0.0796875 0.0953125
2 0.471875 0.31796875 0.065625 0.071875
2 0.6984375 0.3015625 0.0625 0.078125
2 0.71875 0.4 0.0625 0.0703125
1 0.771875 0.51796875 0.0625 0.06875
1 0.80625 0.59296875 0.0515625 0.059375
2 0.7546875 0.6015625 0.0546875 0.0859375
2 0.72890625 0.63125 0.059375 0.0671875
1 0.33515625 0.2359375 0.065625 0.0796875
2 0.36328125 0.3515625 0.0546875 0.06875
2 0.44296875 0.38984375 0.071875 0.0640625
2 0.3796875 0.44296875 0.0359375 0.059375
2 0.39921875 0.4265625 0.0453125 0.065625
2 0.34296875 0.4859375 0.0625 0.075
2 0.475 0.46953125 0.053125 0.06875
2 0.50859375 0.45859375 0.0484375 0.0609375
2 0.53984375 0.51875 0.065625 0.0765625
1 0.62109375 0.5265625 0.053125 0.078125
1 0.87421875 0.703125 0.05625 0.075
2 0.94375 0.66484375 0.05 0.0703125
1 0.9140625 0.825 0.0515625 0.065625
2 0.96953125 0.76484375 0.053125 0.0703125
3 0.7609375 0.85625 0.075 0.065625
1 0.87734375 0.9140625 0.0453125 0.0671875
4 0.78828125 0.95546875 0.06875 0.084375
4 0.54765625 0.925 0.0609375 0.0765625
2 0.49453125 0.8265625 0.05625 0.0703125
1 0.60625 0.840625 0.05 0.06875
2 0.41015625 0.77734375 0.0546875 0.0828125
2 0.45390625 0.69609375 0.05 0.0734375
2 0.415625 0.6046875 0.059375 0.075
2 0.3390625 0.60703125 0.0828125 0.078125
1 0.54140625 0.690625 0.0578125 0.0671875
1 0.6203125 0.60390625 0.0515625 0.0671875
2 0.65 0.6484375 0.05625 0.0640625
2 0.7265625 0.728125 0.0390625 0.0796875
2 0.6765625 0.73515625 0.046875 0.05625
2 0.628125 0.72734375 0.0578125 0.0671875
1 0.55625 0.76875 0.0421875 0.0546875
1 0.48046875 0.94140625 0.0640625 0.0734375
2 0.40234375 0.97734375 0.06875 0.0453125
2 0.31953125 0.9609375 0.0671875 0.078125
2 0.98515625 0.984375 0.0296875 0.03125
1 0.2546875 0.04140625 0.065625 0.075
2 0.30078125 0.065625 0.0484375 0.08125
2 0.109375 0.06796875 0.078125 0.084375
1 0.0765625 0.14375 0.0578125 0.065625
2 0.0109375 0.1078125 0.0171875 0.0671875
2 0.02421875 0.17265625 0.046875 0.075
1 0.18359375 0.3375 0.0515625 0.078125
2 0.11796875 0.4078125 0.065625 0.075
2 0.05546875 0.39765625 0.05 0.0765625
3 0.0203125 0.45546875 0.0390625 0.0703125
2 0.04609375 0.5078125 0.0625 0.0765625
2 0.06796875 0.58125 0.0546875 0.065625
2 0.021875 0.61640625 0.0421875 0.078125
2 0.21328125 0.5015625 0.0390625 0.0640625
1 0.265625 0.515625 0.065625 0.0734375
2 0.30546875 0.58671875 0.05 0.0625
2 0.2390625 0.63828125 0.0546875 0.0671875
2 0.17109375 0.55390625 0.065625 0.0890625
2 0.12734375 0.61953125 0.065625 0.071875
2 0.16171875 0.66640625 0.071875 0.0640625
2 0.11953125 0.7265625 0.06875 0.090625
2 0.234375 0.7515625 0.0609375 0.071875
1 0.08671875 0.81875 0.0609375 0.071875
1 0.2125 0.88125 0.0515625 0.0765625
1 0.1171875 0.97578125 0.0578125 0.0421875
2 0.02734375 0.9875 0.0453125 0.025