1 0.41640625 0.6 0.0625 0.078125
1 0.16328125 0.69765625 0.0671875 0.096875
1 0.075 0.915625 0.0703125 0.0859375
0 0.03046875 0.6796875 0.0609375 0.0734375
1 0.75390625 0.82578125 0.0609375 0.08125
1 0.7046875 0.75078125 0.059375 0.0703125
1 0.815625 0.4609375 0.0625 0.0859375
1 0.96015625 0.5265625 0.0578125 0.0765625
4 0.5640625 0.471875 0.0578125 0.0796875
1 0.6453125 0.27890625 0.065625 0.09375
1 0.390625 0.3625 0.0578125 0.08125
1 0.38828125 0.49453125 0.0578125 0.075
1 0.21796875 0.17109375 0.0640625 0.0890625
1 0.03125 0.49609375 0.05625 0.09375
2 0.9328125 0.159375 0.0609375 0.0765625
1 0.4078125 0.95625 0.05625 0.0796875
1 0.7265625 0.95390625 0.05625 0.065625
1 0.44765625 0.29296875 0.065625 0.0640625
1 0.30703125 0.20625 0.0515625 0.0875
0 0.571875 0.25625 0.065625 0.05625
0 0.6125 0.14921875 0.0828125 0.0625
0 0.01640625 0.22421875 0.0328125 0.10625
0 0.8984375 0.465625 0.0625 0.0734375
0 0.93125 0.3140625 0.053125 0.05625
0 0.9453125 0.234375 0.0859375 0.065625
3 0.69765625 0.3734375 0.0921875 0.0515625
0 0.5109375 0.76875 0.08125 0.06875
2 0.3078125 0.44921875 0.0625 0.0734375
2 0.21953125 0.27734375 0.05625 0.0984375
2 0.05234375 0.16875 0.05 0.0671875
2 0.44765625 0.1859375 0.0703125 0.0640625
2 0.62109375 0.48984375 0.0546875 0.0796875
2 0.80859375 0.5984375 0.0609375 0.0796875
2 0.646875 0.7 0.0578125 0.065625
2 0.64765625 0.76328125 0.0546875 0.065625
2 0.58515625 0.68671875 0.0625 0.0734375
2 0.57421875 0.77421875 0.053125 0.0953125
2 0.6375 0.8515625 0.059375 0.05625
2 0.35859375 0.790625 0.05625 0.0796875
2 0.303125 0.80859375 0.053125 0.0734375
2 0.2953125 0.8734375 0.0703125 0.059375
2 0.32734375 0.91640625 0.0453125 0.0625
2 0.44921875 0.88984375 0.0453125 0.065625
2 0.47734375 0.8359375 0.0625 0.0828125
2 0.234375 0.83828125 0.0484375 0.05625
2 0.14765625 0.8734375 0.053125 0.065625
2 0.853125 0.3796875 0.05625 0.0734375
2 0.94609375 0.44296875 0.0453125 0.0796875
2 0.96015625 0.3703125 0.065625 0.065625
2 0.846875 0.26796875 0.071875 0.1265625
2 0.82578125 0.08984375 0.0671875 0.09375
2 0.91328125 0.0890625 0.096875 0.0546875
2 0.83671875 0.796875 0.053125 0.071875
2 0.27421875 0.20703125 0.0453125 0.0578125
1 0.3453125 0.97421875 0.0703125 0.0515625
2 0.18359375 0.975 0.075 0.05
2 0.634375 0.6234375 0.115625 0.0703125
2 0.64609375 0.56171875 0.0765625 0.08125
0 0.46796875 0.02109375 0.0890625 0.0421875
2 0.98125 0.94375 0.034375 0.0828125
2 0.98984375 0.84453125 0.0203125 0.0703125
2 0.98671875 0.74296875 0.0265625 0.08125
2 0.94453125 0.98125 0.0578125 0.0375
2 0.80625 0.98203125 0.06875 0.0359375