4 0.55 0.06328125 0.0609375 0.078125
0 0.97421875 0.746875 0.0515625 0.0703125
3 0.090625 0.2921875 0.11875 0.0734375
3 0.1875 0.31953125 0.109375 0.0796875
3 0.190625 0.48515625 0.0734375 0.0515625
3 0.45546875 0.65625 0.1546875 0.0765625
3 0.48203125 0.8578125 0.125 0.0734375
4 0.47734375 0.9484375 0.0578125 0.075
4 0.54375 0.446875 0.059375 0.071875
4 0.4421875 0.06953125 0.0609375 0.08125
4 0.7421875 0.75 0.0609375 0.08125
2 0.9046875 0.0828125 0.0578125 0.08125
2 0.80078125 0.0515625 0.0515625 0.0625
2 0.86015625 0.02109375 0.0453125 0.0375
2 0.67265625 0.0171875 0.0484375 0.0296875
2 0.8390625 0.184375 0.0515625 0.078125
2 0.91953125 0.15078125 0.0578125 0.0671875
2 0.98828125 0.20703125 0.0234375 0.0671875
2 0.9859375 0.29921875 0.028125 0.0765625
2 0.93203125 0.2875 0.06875 0.0890625
1 0.934375 0.44296875 0.0453125 0.08125
1 0.8109375 0.45703125 0.059375 0.0671875
2 0.8484375 0.525 0.0546875 0.078125
2 0.78359375 0.32734375 0.090625 0.0703125
2 0.74453125 0.30625 0.0546875 0.0609375
2 0.803125 0.221875 0.059375 0.059375
1 0.728125 0.25234375 0.0609375 0.075
2 0.6890625 0.17734375 0.05 0.071875
2 0.64453125 0.13828125 0.0640625 0.0796875
2 0.59921875 0.10234375 0.0546875 0.078125
2 0.63359375 0.20390625 0.0703125 0.0875
1 0.65859375 0.26796875 0.05 0.0625
2 0.73125 0.39609375 0.0484375 0.05625
2 0.625 0.440625 0.053125 0.071875
2 0.51875 0.3359375 0.0390625 0.065625
1 0.47578125 0.37109375 0.0515625 0.0734375
1 0.440625 0.484375 0.0515625 0.0796875
2 0.69453125 0.56875 0.0609375 0.0734375
2 0.6609375 0.634375 0.0578125 0.075
1 0.63046875 0.71640625 0.05 0.071875
2 0.68125 0.78125 0.0734375 0.1
1 0.75859375 0.8484375 0.05 0.0640625
1 0.85 0.8828125 0.0578125 0.0734375
2 0.90546875 0.92890625 0.0640625 0.0859375
0 0.97421875 0.8171875 0.0515625 0.053125
2 0.97734375 0.6640625 0.04375 0.0765625
2 0.60625 0.8828125 0.0609375 0.0734375
2 0.60859375 0.959375 0.075 0.06875
2 0.659375 0.978125 0.05625 0.04375
1 0.759375 0.9796875 0.0625 0.0375
2 0.92109375 0.98984375 0.053125 0.0203125
2 0.4796875 0.7671875 0.0671875 0.078125
2 0.39921875 0.0234375 0.059375 0.046875
2 0.34921875 0.00859375 0.0359375 0.0171875
2 0.2375 0.0234375 0.0734375 0.046875
2 0.16640625 0.0265625 0.0640625 0.053125
2 0.13359375 0.08359375 0.059375 0.0796875
1 0.06875 0.0609375 0.05625 0.08125
2 0.1328125 0.1453125 0.0578125 0.08125
1 0.18203125 0.225 0.059375 0.075
1 0.25 0.196875 0.0578125 0.065625
1 0.38046875 0.1109375 0.05625 0.071875
2 0.1875 0.38359375 0.0671875 0.06875
2 0.15 0.434375 0.040625 0.065625
1 0.07890625 0.3796875 0.0453125 0.0765625
2 0.0125 0.40703125 0.025 0.075
2 0.05703125 0.49609375 0.0546875 0.0671875
2 0.11796875 0.5078125 0.0546875 0.04375
1 0.1328125 0.57421875 0.0578125 0.0671875
1 0.22890625 0.5921875 0.046875 0.08125
1 0.275 0.5734375 0.0546875 0.078125
2 0.18046875 0.62109375 0.0640625 0.071875
2 0.14453125 0.68671875 0.059375 0.0703125
1 0.19609375 0.71171875 0.0546875 0.075
2 0.39140625 0.6234375 0.06875 0.08125
2 0.3875 0.72890625 0.0765625 0.059375
2 0.43515625 0.7640625 0.0421875 0.084375
1 0.40234375 0.7984375 0.0515625 0.078125
1 0.30078125 0.81796875 0.053125 0.071875
2 0.246875 0.81328125 0.046875 0.08125
2 0.32265625 0.88515625 0.059375 0.0734375
2 0.1140625 0.87265625 0.065625 0.0875
2 0.03046875 0.821875 0.0578125 0.0859375
1 0.12578125 0.95078125 0.053125 0.0765625
1 0.37578125 0.96640625 0.0546875 0.0609375
2 0.1703125 0.98671875 0.059375 0.0265625