3 0.20703125 0.7296875 0.09375 0.065625
0 0.5359375 0.73515625 0.08125 0.0625
0 0.42421875 0.49296875 0.0390625 0.1
0 0.375 0.428125 0.0484375 0.09375
0 0.06484375 0.421875 0.0375 0.1078125
0 0.47890625 0.021875 0.0546875 0.04375
0 0.28515625 0.51328125 0.0671875 0.0515625
3 0.6890625 0.89453125 0.046875 0.121875
3 0.71328125 0.55859375 0.1015625 0.0796875
0 0.69453125 0.47578125 0.0578125 0.0828125
0 0.88671875 0.43828125 0.03125 0.0890625
0 0.70703125 0.60703125 0.05625 0.06875
0 0.71640625 0.73203125 0.0578125 0.0953125
0 0.771875 0.49296875 0.0765625 0.0609375
2 0.028125 0.9796875 0.0546875 0.040625
1 0.053125 0.94375 0.0625 0.0609375
2 0.0328125 0.88359375 0.059375 0.0625
2 0.11953125 0.8734375 0.071875 0.075
2 0.115625 0.7890625 0.075 0.0453125
2 0.24609375 0.94921875 0.06875 0.090625
2 0.29765625 0.90546875 0.0609375 0.0734375
2 0.390625 0.99140625 0.0515625 0.0171875
2 0.51640625 0.9109375 0.0625 0.0796875
2 0.021875 0.69609375 0.040625 0.0625
2 0.0234375 0.54765625 0.04375 0.0796875
2 0.0734375 0.51484375 0.0734375 0.0921875
2 0.48515625 0.68046875 0.05 0.08125
2 0.534375 0.6453125 0.065625 0.065625
2 0.46640625 0.4640625 0.0671875 0.0828125
2 0.18515625 0.4296875 0.0546875 0.0671875
3 0.14453125 0.3828125 0.0609375 0.0671875
2 0.27734375 0.2734375 0.071875 0.0640625
3 0.2359375 0.2140625 0.075 0.0578125
2 0.409375 0.359375 0.071875 0.0671875
2 0.41484375 0.17734375 0.0625 0.05
2 0.1859375 0.04921875 0.040625 0.090625
2 0.01796875 0.315625 0.034375 0.08125
2 0.02421875 0.39765625 0.046875 0.0734375
2 0.21953125 0.534375 0.0640625 0.090625
2 0.35390625 0.51015625 0.0625 0.0734375
2 0.39921875 0.440625 0.0359375 0.0421875
2 0.35625 0.41640625 0.0328125 0.04375
2 0.02421875 0.01640625 0.046875 0.028125
2 0.63125 0.9921875 0.065625 0.015625
2 0.59921875 0.765625 0.0625 0.0890625
2 0.6859375 0.78046875 0.03125 0.040625
2 0.6265625 0.64453125 0.065625 0.0546875
2 0.6609375 0.62265625 0.05 0.0796875
2 0.553125 0.59453125 0.090625 0.0640625
2 0.909375 0.5125 0.075 0.075
2 0.83515625 0.49609375 0.05 0.0703125
1 0.84453125 0.31640625 0.0578125 0.0796875
2 0.86953125 0.25 0.0703125 0.05
2 0.8625 0.1734375 0.05625 0.0515625
2 0.7015625 0.25546875 0.0671875 0.090625
2 0.58046875 0.19296875 0.0640625 0.09375
2 0.74140625 0.18046875 0.0765625 0.0828125
2 0.7265625 0.09921875 0.071875 0.0890625
2 0.775 0.02578125 0.0515625 0.0515625
2 0.86953125 0.01171875 0.0546875 0.0234375
2 0.63984375 0.5640625 0.028125 0.0265625
2 0.62109375 0.83515625 0.096875 0.06875