0 0.43515625 0.5453125 0.071875 0.065625
0 0.5109375 0.3953125 0.0671875 0.0734375
0 0.1953125 0.43515625 0.08125 0.0515625
0 0.96875 0.61640625 0.0625 0.06875
2 0.25390625 0.6015625 0.0625 0.0796875
2 0.7140625 0.403125 0.059375 0.078125
2 0.84140625 0.34609375 0.0546875 0.075
2 0.86015625 0.26796875 0.059375 0.0859375
2 0.815625 0.8546875 0.0625 0.0734375
2 0.22421875 0.890625 0.0515625 0.0796875
2 0.290625 0.971875 0.0640625 0.05625
2 0.44765625 0.96796875 0.0609375 0.0640625
2 0.521875 0.96640625 0.0609375 0.0671875
2 0.5765625 0.95703125 0.065625 0.0859375
2 0.68125 0.9046875 0.06875 0.0796875
2 0.85 0.9671875 0.06875 0.065625
2 0.9171875 0.96796875 0.0640625 0.0625
2 0.9046875 0.6984375 0.0625 0.090625
2 0.796875 0.6046875 0.0609375 0.078125
2 0.596875 0.54453125 0.08125 0.0890625
1 0.7828125 0.515625 0.059375 0.090625
1 0.628125 0.26640625 0.0625 0.075
1 0.51171875 0.06796875 0.05625 0.0796875
1 0.32265625 0.23671875 0.05625 0.0796875
1 0.06484375 0.7765625 0.0625 0.08125
1 0.39140625 0.70859375 0.0609375 0.0859375
1 0.36796875 0.57421875 0.0609375 0.0765625
1 0.69453125 0.2671875 0.0625 0.0796875
1 0.74921875 0.36171875 0.053125 0.0671875
1 0.7953125 0.4234375 0.0609375 0.08125
2 0.24453125 0.6953125 0.0625 0.09375
2 0.2 0.54765625 0.0609375 0.09375
2 0.315625 0.4875 0.0578125 0.0765625
2 0.3890625 0.36953125 0.0703125 0.0875
2 0.2765625 0.29765625 0.065625 0.090625
2 0.2734375 0.1796875 0.0625 0.0890625
2 0.19921875 0.2 0.065625 0.0828125
2 0.015625 0.5953125 0.03125 0.075
2 0.01484375 0.75546875 0.0296875 0.096875
2 0.4515625 0.3328125 0.0625 0.0859375
2 0.546875 0.26640625 0.0515625 0.0828125
2 0.75703125 0.28046875 0.0703125 0.09375
2 0.8328125 0.1296875 0.065625 0.1
2 0.93359375 0.275 0.059375 0.0828125
3 0.9265625 0.39453125 0.0515625 0.075
2 0.9640625 0.49296875 0.05625 0.1171875
2 0.91875 0.49140625 0.0515625 0.0671875
1 0.9796875 0.13125 0.040625 0.0671875
2 0.59375 0.03671875 0.071875 0.0734375
2 0.05703125 0.03515625 0.059375 0.0640625
2 0.01640625 0.11640625 0.0328125 0.0734375
2 0.71328125 0.97265625 0.0484375 0.053125
2 0.05546875 0.68515625 0.0640625 0.05