3 0.084375 0.84765625 0.0828125 0.0421875
3 0.47734375 0.9046875 0.0875 0.05625
3 0.253125 0.80390625 0.0609375 0.084375
3 0.5984375 0.6875 0.0765625 0.05625
0 0.11953125 0.6046875 0.0359375 0.1078125
0 0.2859375 0.71484375 0.065625 0.0625
0 0.4296875 0.43984375 0.065625 0.078125
0 0.21640625 0.34921875 0.0515625 0.06875
0 0.428125 0.2421875 0.075 0.0484375
0 0.35078125 0.18046875 0.0703125 0.04375
0 0.03125 0.08984375 0.0609375 0.0625
3 0.065625 0.0515625 0.0828125 0.05625
3 0.63984375 0.5796875 0.078125 0.1140625
0 0.965625 0.04140625 0.053125 0.0796875
0 0.8859375 0.1359375 0.06875 0.053125
0 0.646875 0.3171875 0.0828125 0.0515625
2 0.1296875 0.8734375 0.0359375 0.090625
2 0.0546875 0.81640625 0.0640625 0.059375
2 0.31796875 0.89921875 0.0640625 0.0859375
2 0.36796875 0.865625 0.0359375 0.059375
2 0.43828125 0.98515625 0.0703125 0.0296875
2 0.46328125 0.8359375 0.06875 0.0703125
2 0.471875 0.7890625 0.0625 0.0671875
2 0.42109375 0.77265625 0.053125 0.06875
2 0.52109375 0.6828125 0.0703125 0.0875
2 0.5 0.54453125 0.0703125 0.0796875
2 0.065625 0.5515625 0.053125 0.065625
1 0.21328125 0.49921875 0.059375 0.0703125
2 0.48515625 0.4578125 0.0625 0.0859375
2 0.40234375 0.3890625 0.0640625 0.09375
2 0.3546875 0.371875 0.0484375 0.075
2 0.2890625 0.421875 0.05625 0.0921875
2 0.240625 0.39921875 0.0625 0.0515625
2 0.02421875 0.22265625 0.0484375 0.090625
1 0.12890625 0.140625 0.0578125 0.0796875
1 0.25625 0.24453125 0.059375 0.0734375
2 0.3125 0.28828125 0.0578125 0.0765625
2 0.484375 0.26171875 0.05625 0.0734375
2 0.25234375 0.0359375 0.1109375 0.071875
2 0.3625 0.07578125 0.0765625 0.109375
2 0.603125 0.9328125 0.05625 0.04375
2 0.73515625 0.98828125 0.05625 0.0234375
2 0.88359375 0.9796875 0.0671875 0.040625
2 0.9265625 0.8859375 0.0640625 0.0765625
1 0.69296875 0.79921875 0.0515625 0.071875
2 0.84609375 0.728125 0.065625 0.0875
2 0.7796875 0.6921875 0.0640625 0.09375
2 0.6703125 0.67421875 0.0609375 0.0765625
2 0.90546875 0.590625 0.0671875 0.0890625
1 0.9328125 0.51484375 0.05625 0.0796875
2 0.859375 0.4875 0.0515625 0.0859375
2 0.821875 0.4875 0.078125 0.0546875
2 0.878125 0.41953125 0.0734375 0.0765625
1 0.72421875 0.47109375 0.065625 0.0796875
2 0.56171875 0.43984375 0.0625 0.071875
2 0.79609375 0.34765625 0.0625 0.075
2 0.74453125 0.253125 0.0484375 0.0703125
2 0.80703125 0.16328125 0.0609375 0.0890625
2 0.965625 0.2859375 0.046875 0.0625
2 0.9890625 0.23203125 0.021875 0.04375
2 0.95234375 0.1609375 0.0625 0.0796875
2 0.821875 0.02109375 0.0390625 0.0421875