3 0.4890625 0.74140625 0.0890625 0.053125
3 0.50234375 0.56640625 0.0578125 0.103125
3 0.36484375 0.5140625 0.0296875 0.1421875
3 0.29765625 0.6265625 0.096875 0.053125
3 0.34140625 0.67421875 0.0703125 0.06875
3 0.6421875 0.43359375 0.0359375 0.1390625
3 0.584375 0.4859375 0.0828125 0.05625
3 0.12265625 0.07890625 0.0703125 0.059375
0 0.19140625 0.81171875 0.053125 0.09375
0 0.61328125 0.6953125 0.0453125 0.1
0 0.5859375 0.671875 0.084375 0.0390625
3 0.5828125 0.94296875 0.0703125 0.0796875
3 0.7 0.24453125 0.1109375 0.065625
3 0.85859375 0.15390625 0.096875 0.0734375
3 0.63984375 0.175 0.0703125 0.0734375
3 0.79296875 0.6703125 0.0734375 0.1140625
3 0.828125 0.9203125 0.075 0.0625
3 0.65703125 0.83828125 0.0984375 0.0734375
0 0.6890625 0.64296875 0.0703125 0.0546875
0 0.74140625 0.56171875 0.0796875 0.0421875
0 0.7671875 0.5296875 0.0390625 0.1140625
0 0.94765625 0.11640625 0.0765625 0.0734375
0 0.8390625 0.01640625 0.0828125 0.0328125
0 0.4703125 0.0171875 0.078125 0.0328125
4 0.48984375 0.621875 0.0578125 0.0875
4 0.07421875 0.93125 0.0578125 0.0953125
2 0.3609375 0.9203125 0.0671875 0.0828125
2 0.321875 0.96953125 0.059375 0.0578125
2 0.2453125 0.803125 0.053125 0.08125
2 0.06015625 0.57890625 0.0515625 0.0765625
2 0.08046875 0.5234375 0.0625 0.05625
2 0.353125 0.7484375 0.0625 0.059375
1 0.41640625 0.74609375 0.0484375 0.0765625
2 0.2953125 0.66328125 0.0453125 0.065625
1 0.03984375 0.32109375 0.0625 0.0984375
2 0.05390625 0.259375 0.053125 0.0734375
2 0.00625 0.23671875 0.0125 0.0578125
2 0.0171875 0.13203125 0.034375 0.0734375
2 0.0625 0.12265625 0.0609375 0.071875
2 0.1359375 0.17578125 0.053125 0.059375
2 0.178125 0.12421875 0.059375 0.0828125
2 0.2203125 0.11171875 0.0578125 0.0984375
2 0.32578125 0.08515625 0.0625 0.08125
2 0.4109375 0.1578125 0.0546875 0.0765625
2 0.3796875 0.31484375 0.0515625 0.0671875
2 0.30703125 0.3625 0.0515625 0.0609375
2 0.26328125 0.49765625 0.053125 0.075
2 0.29765625 0.49296875 0.0453125 0.071875
2 0.42109375 0.07734375 0.065625 0.0609375
2 0.6046875 0.990625 0.0578125 0.01875
2 0.6453125 0.91875 0.0625 0.078125
1 0.60078125 0.7796875 0.059375 0.0765625
2 0.54765625 0.52890625 0.0546875 0.075
2 0.8046875 0.7734375 0.046875 0.0609375
2 0.88359375 0.928125 0.059375 0.103125
2 0.8578125 0.73125 0.0484375 0.0765625
2 0.8671875 0.83984375 0.0546875 0.065625
2 0.90625 0.8375 0.05 0.06875
2 0.96875 0.84609375 0.059375 0.0828125
1 0.94609375 0.73671875 0.059375 0.08125
2 0.86015625 0.61953125 0.046875 0.0875
1 0.79921875 0.59765625 0.059375 0.08125
2 0.6734375 0.5203125 0.071875 0.05
2 0.80390625 0.4546875 0.075 0.0796875
2 0.59921875 0.2546875 0.0421875 0.0671875
2 0.6921875 0.221875 0.0703125 0.05
1 0.67265625 0.05546875 0.0625 0.06875
2 0.96171875 0.0546875 0.071875 0.0765625
2 0.64921875 0.01171875 0.065625 0.021875
2 0.99140625 0.61640625 0.0171875 0.071875
3 0.99140625 0.425 0.0171875 0.025
2 0.9875 0.48984375 0.021875 0.090625
1 0.49375 0.4125 0.071875 0.09375