2 0.4 0.23671875 0.0546875 0.0828125
3 0.4328125 0.23828125 0.10625 0.10625
3 0.5328125 0.21875 0.103125 0.0515625
3 0.48671875 0.4375 0.090625 0.040625
3 0.359375 0.72890625 0.1140625 0.075
3 0.18984375 0.95390625 0.0875 0.0921875
0 0.15859375 0.54296875 0.0453125 0.1078125
3 0.2890625 0.71875 0.0921875 0.084375
4 0.290625 0.51328125 0.0625 0.0890625
4 0.046875 0.83984375 0.0625 0.0859375
3 0.68359375 0.3 0.1046875 0.040625
4 0.62578125 0.41171875 0.05625 0.078125
3 0.88046875 0.26875 0.0625 0.0546875
4 0.8671875 0.74765625 0.059375 0.071875
4 0.95859375 0.39296875 0.0765625 0.0859375
3 0.65078125 0.0375 0.084375 0.0515625
2 0.084375 0.06015625 0.08125 0.059375
1 0.2 0.05546875 0.0609375 0.08125
2 0.1171875 0.140625 0.053125 0.075
1 0.22265625 0.2125 0.053125 0.0796875
1 0.16484375 0.2484375 0.0609375 0.078125
2 0.0296875 0.28671875 0.05625 0.065625
2 0.040625 0.38828125 0.0609375 0.0890625
2 0.06875 0.4890625 0.04375 0.0734375
2 0.1125 0.48984375 0.0453125 0.0671875
2 0.153125 0.45078125 0.0484375 0.0734375
2 0.24609375 0.3546875 0.059375 0.0890625
1 0.31796875 0.29453125 0.05625 0.06875
2 0.32109375 0.1734375 0.0546875 0.0734375
2 0.315625 0.09375 0.059375 0.071875
2 0.0921875 0.0078125 0.0515625 0.015625
2 0.02421875 0.01171875 0.046875 0.0234375
2 0.01015625 0.215625 0.0203125 0.053125
2 0.0078125 0.49375 0.015625 0.0515625
2 0.08125 0.58984375 0.0578125 0.084375
2 0.36484375 0.18671875 0.046875 0.0796875
2 0.47421875 0.0703125 0.0453125 0.065625
1 0.534375 0.015625 0.05 0.03125
2 0.60703125 0.05546875 0.0546875 0.0828125
2 0.5515625 0.08671875 0.05 0.065625
2 0.6078125 0.265625 0.0578125 0.0765625
1 0.54375 0.346875 0.046875 0.065625
2 0.4640625 0.32734375 0.05 0.0734375
1 0.38203125 0.43046875 0.065625 0.078125
2 0.2890625 0.41328125 0.05 0.06875
1 0.3859375 0.51015625 0.0609375 0.0734375
1 0.46796875 0.5671875 0.05625 0.078125
1 0.303125 0.59765625 0.0484375 0.0734375
2 0.2609375 0.6765625 0.084375 0.0734375
2 0.3734375 0.6328125 0.05 0.0765625
2 0.48984375 0.64921875 0.0765625 0.084375
1 0.59375 0.64296875 0.0484375 0.075
1 0.128125 0.646875 0.05625 0.071875
2 0.1046875 0.721875 0.0578125 0.0734375
2 0.01953125 0.74921875 0.034375 0.0703125
2 0.14453125 0.73984375 0.0734375 0.0828125
2 0.12734375 0.8796875 0.0734375 0.0953125
2 0.13203125 0.8609375 0.0515625 0.0515625
1 0.08046875 0.9703125 0.0546875 0.059375
2 0.275 0.8765625 0.04375 0.065625
1 0.39375 0.95078125 0.0515625 0.071875
2 0.43828125 0.9 0.0484375 0.0703125
2 0.48828125 0.771875 0.0546875 0.0859375
2 0.44765625 0.7578125 0.05 0.075
1 0.5109375 0.86328125 0.0546875 0.065625
2 0.3046875 0.9890625 0.05 0.021875
2 0.48515625 0.9625 0.0578125 0.059375
2 0.575 0.92421875 0.0609375 0.0984375
2 0.5515625 0.78671875 0.0578125 0.0796875
2 0.01796875 0.784375 0.0359375 0.0515625
2 0.86328125 0.0203125 0.05625 0.0359375
2 0.96953125 0.02890625 0.05625 0.053125
2 0.9390625 0.07578125 0.0578125 0.065625
2 0.79609375 0.071875 0.0546875 0.0765625
2 0.76015625 0.09921875 0.040625 0.059375
2 0.75703125 0.17265625 0.0546875 0.0734375
1 0.72109375 0.2375 0.053125 0.075
1 0.8078125 0.2828125 0.053125 0.0640625
2 0.7203125 0.34375 0.05 0.059375
3 0.73359375 0.41796875 0.059375 0.0796875
3 0.80078125 0.425 0.078125 0.08125
2 0.78125 0.36640625 0.053125 0.065625
2 0.81796875 0.46796875 0.053125 0.075
2 0.584375 0.4 0.05625 0.0609375
1 0.67578125 0.484375 0.0453125 0.06875
2 0.70625 0.54375 0.0546875 0.0625
1 0.90078125 0.43046875 0.05625 0.0625
2 0.9703125 0.33046875 0.059375 0.078125
2 0.7671875 0.0546875 0.040625 0.05625
2 0.9125 0.553125 0.0484375 0.0703125
2 0.8359375 0.57265625 0.046875 0.0671875
2 0.82578125 0.54375 0.05625 0.0609375
2 0.77265625 0.61015625 0.0609375 0.0890625
1 0.71875 0.653125 0.05625 0.0734375
2 0.6640625 0.634375 0.0484375 0.075
2 0.61015625 0.75078125 0.059375 0.0734375
1 0.7265625 0.8140625 0.065625 0.0828125
2 0.809375 0.8109375 0.0546875 0.0734375
1 0.8234375 0.90390625 0.05625 0.0828125
2 0.72109375 0.90078125 0.0484375 0.05625
2 0.7578125 0.953125 0.0578125 0.06875
2 0.62890625 0.96875 0.0640625 0.059375
2 0.9171875 0.98203125 0.0578125 0.0296875
1 0.93125 0.72578125 0.0578125 0.0703125
2 0.98515625 0.6609375 0.0296875 0.0625