2 0.484375 0.48359375 0.0703125 0.0859375
2 0.54296875 0.328125 0.0578125 0.0921875
2 0.45 0.221875 0.0859375 0.1
2 0.4296875 0.15234375 0.053125 0.0703125
2 0.37734375 0.19296875 0.05625 0.078125
2 0.37578125 0.09453125 0.0625 0.084375
2 0.57890625 0.11640625 0.0640625 0.075
2 0.58046875 0.22578125 0.0625 0.0625
2 0.75546875 0.1546875 0.0578125 0.075
2 0.828125 0.06171875 0.0578125 0.075
2 0.765625 0.31640625 0.075 0.08125
2 0.70703125 0.3890625 0.0734375 0.0796875
2 0.696875 0.5046875 0.05 0.0734375
2 0.63984375 0.5859375 0.075 0.0921875
2 0.76328125 0.57734375 0.053125 0.0734375
2 0.78515625 0.6421875 0.046875 0.08125
2 0.83828125 0.64140625 0.053125 0.0734375
2 0.9125 0.85625 0.05625 0.0765625
2 0.56484375 0.6515625 0.05625 0.075
2 0.5265625 0.7171875 0.05625 0.0796875
2 0.484375 0.8296875 0.0703125 0.1
2 0.41953125 0.7734375 0.0578125 0.0859375
2 0.53984375 0.9328125 0.0578125 0.0734375
2 0.49140625 0.91015625 0.053125 0.06875
2 0.31171875 0.6453125 0.0578125 0.075
2 0.2 0.57578125 0.0625 0.090625
2 0.2046875 0.68203125 0.0703125 0.1015625
2 0.1078125 0.5859375 0.0578125 0.0984375
2 0.1046875 0.86640625 0.05625 0.06875
2 0.18125 0.9125 0.0625 0.0828125
4 0.0546875 0.84609375 0.053125 0.0859375
2 0.1015625 0.73515625 0.0375 0.0625
2 0.090625 0.78046875 0.059375 0.06875
2 0.05625 0.70625 0.05 0.0734375
2 0.228125 0.29921875 0.0625 0.0890625
2 0.26328125 0.2015625 0.0703125 0.0796875
2 0.215625 0.034375 0.065625 0.06875
2 0.1125 0.2421875 0.0765625 0.0734375
2 0.07890625 0.0390625 0.053125 0.075
2 0.02734375 0.50078125 0.0546875 0.0734375
2 0.0765625 0.3109375 0.0453125 0.0765625
3 0.765625 0.4609375 0.09375 0.0765625
0 0.92265625 0.45546875 0.08125 0.0484375
3 0.61640625 0.3953125 0.08125 0.0546875
3 0.68984375 0.09453125 0.084375 0.0765625
0 0.234375 0.38515625 0.084375 0.0734375
0 0.1625 0.36796875 0.0953125 0.06875
3 0.0484375 0.3359375 0.0515625 0.10625
3 0.33828125 0.79921875 0.1140625 0.0390625
0 0.25078125 0.8109375 0.078125 0.1125
3 0.73828125 0.7140625 0.0609375 0.1109375
0 0.721875 0.6296875 0.0609375 0.06875
1 0.9359375 0.540625 0.0546875 0.075
1 0.96171875 0.76953125 0.059375 0.075
1 0.9453125 0.92890625 0.059375 0.08125
2 0.33046875 0.0328125 0.0515625 0.0578125
0 0.0984375 0.11171875 0.08125 0.05625
2 0.0453125 0.4359375 0.05 0.071875
2 0.296875 0.92421875 0.0765625 0.0765625
0 0.3703125 0.8140625 0.0578125 0.0734375
4 0.76640625 0.97578125 0.0640625 0.0484375
2 0.3859375 0.9578125 0.0671875 0.0828125
2 0.86796875 0.70234375 0.0578125 0.04375
2 0.98671875 0.63125 0.0171875 0.0765625
2 0.5875 0.0203125 0.05625 0.028125
2 0.06015625 0.175 0.065625 0.0625
2 0.146875 0.97890625 0.0859375 0.0359375