3 0.18515625 0.78203125 0.0734375 0.06875
3 0.33125 0.52578125 0.0984375 0.075
3 0.4828125 0.50625 0.0765625 0.0796875
0 0.95703125 0.87890625 0.046875 0.0734375
4 0.9265625 0.91171875 0.0625 0.0890625
0 0.53203125 0.428125 0.06875 0.075
0 0.42109375 0.0734375 0.06875 0.053125
4 0.37265625 0.17890625 0.05625 0.078125
3 0.4734375 0.89609375 0.0828125 0.0859375
3 0.3609375 0.7359375 0.0734375 0.046875
3 0.71796875 0.90234375 0.040625 0.090625
0 0.48828125 0.16953125 0.0859375 0.0421875
0 0.8765625 0.04609375 0.071875 0.0765625
1 0.928125 0.15703125 0.0625 0.071875
1 0.29921875 0.58359375 0.0625 0.0796875
1 0.07421875 0.58828125 0.0625 0.075
0 0.28984375 0.165625 0.0703125 0.0515625
1 0.0828125 0.28828125 0.071875 0.096875
2 0.02265625 0.93671875 0.040625 0.08125
2 0.0625 0.98515625 0.05625 0.0296875
1 0.14140625 0.95078125 0.05 0.0734375
2 0.21640625 0.9359375 0.0546875 0.078125
2 0.2859375 0.97265625 0.0546875 0.0515625
2 0.09296875 0.8453125 0.0546875 0.075
2 0.16796875 0.8421875 0.0578125 0.0703125
2 0.21953125 0.840625 0.046875 0.0609375
1 0.29921875 0.7953125 0.0546875 0.071875
2 0.3875 0.8859375 0.0625 0.05625
2 0.22265625 0.72578125 0.0640625 0.071875
2 0.246875 0.66640625 0.046875 0.0546875
2 0.11640625 0.67890625 0.0546875 0.06875
2 0.025 0.684375 0.0421875 0.078125
2 0.2265625 0.5953125 0.05625 0.084375
2 0.3890625 0.67109375 0.040625 0.0734375
1 0.42734375 0.7421875 0.053125 0.0671875
2 0.4375 0.83515625 0.0609375 0.0609375
2 0.53984375 0.71015625 0.0625 0.0734375
2 0.51875 0.59375 0.0421875 0.0671875
2 0.009375 0.41328125 0.01875 0.0609375
2 0.01484375 0.03671875 0.025 0.065625
2 0.16796875 0.12421875 0.0671875 0.065625
2 0.16796875 0.09453125 0.03125 0.028125
2 0.17109375 0.06328125 0.05625 0.0625
1 0.24140625 0.26015625 0.0609375 0.0796875
2 0.41015625 0.31875 0.0484375 0.065625
2 0.36953125 0.33046875 0.059375 0.075
2 0.33359375 0.24375 0.0546875 0.0703125
1 0.43125 0.2171875 0.0546875 0.065625
2 0.440625 0.134375 0.05625 0.0640625
2 0.43046875 0.0078125 0.0421875 0.015625
3 0.61875 0.91640625 0.059375 0.0875
2 0.653125 0.978125 0.0390625 0.04375
2 0.69296875 0.96796875 0.0421875 0.0640625
2 0.640625 0.8359375 0.05625 0.0875
2 0.7015625 0.728125 0.0515625 0.0671875
2 0.78203125 0.7203125 0.053125 0.0703125
2 0.73671875 0.6265625 0.0546875 0.0765625
2 0.58515625 0.56640625 0.0640625 0.0734375
2 0.62734375 0.51171875 0.0546875 0.05625
2 0.66171875 0.47265625 0.0546875 0.06875
1 0.81640625 0.625 0.059375 0.0765625
2 0.79296875 0.55703125 0.05 0.05625
2 0.75703125 0.49453125 0.0578125 0.0765625
1 0.9046875 0.62265625 0.0578125 0.0703125
1 0.93046875 0.70703125 0.0546875 0.0703125
1 0.94296875 0.98125 0.0578125 0.0375
2 0.99140625 0.92265625 0.0140625 0.0546875
2 0.9875 0.8671875 0.021875 0.06875
2 0.984375 0.646875 0.03125 0.0578125
2 0.96328125 0.6453125 0.0515625 0.084375
2 0.79375 0.4296875 0.065625 0.065625
3 0.76484375 0.371875 0.065625 0.0828125
2 0.771875 0.375 0.0375 0.0296875
1 0.66484375 0.39609375 0.05 0.0765625
2 0.640625 0.31640625 0.0578125 0.08125
2 0.70546875 0.2890625 0.04375 0.0609375
2 0.62265625 0.22890625 0.0515625 0.0640625
2 0.6921875 0.196875 0.059375 0.0609375
1 0.63828125 0.12734375 0.059375 0.0875
2 0.76953125 0.10234375 0.065625 0.075
2 0.75390625 0.034375 0.0640625 0.0578125
2 0.815625 0.0421875 0.0546875 0.0625
2 0.9453125 0.346875 0.0609375 0.0734375
2 0.984375 0.46953125 0.03125 0.084375
2 0.9921875 0.3640625 0.015625 0.0640625
1 0.9765625 0.0203125 0.046875 0.040625