3 0.49609375 0.5625 0.053125 0.109375
3 0.1734375 0.3375 0.096875 0.046875
3 0.37421875 0.66484375 0.1015625 0.046875
0 0.5515625 0.91640625 0.0453125 0.090625
0 0.409375 0.6265625 0.0734375 0.046875
0 0.496875 0.45078125 0.0765625 0.05
0 0.50546875 0.471875 0.0265625 0.059375
0 0.54375 0.321875 0.0859375 0.0640625
0 0.1734375 0.94609375 0.0703125 0.065625
0 0.40546875 0.0515625 0.0578125 0.090625
0 0.028125 0.42578125 0.05625 0.0796875
0 0.56015625 0.12265625 0.0546875 0.0859375
3 0.9 0.95546875 0.0671875 0.0890625
3 0.7765625 0.46796875 0.0890625 0.075
3 0.95859375 0.79921875 0.078125 0.0609375
4 0.63203125 0.2078125 0.0625 0.084375
2 0.30703125 0.96015625 0.046875 0.0734375
2 0.1859375 0.9875 0.05625 0.021875
2 0.17421875 0.878125 0.071875 0.05625
2 0.0625 0.8359375 0.05 0.06875
2 0.0578125 0.61796875 0.059375 0.071875
2 0.20703125 0.80859375 0.0625 0.0828125
2 0.440625 0.865625 0.06875 0.0859375
2 0.42890625 0.70703125 0.0578125 0.0703125
2 0.4703125 0.65703125 0.05625 0.0671875
2 0.5234375 0.58828125 0.0640625 0.0859375
2 0.43046875 0.53671875 0.065625 0.0859375
0 0.27421875 0.64375 0.0625 0.0703125
2 0.0078125 0.69609375 0.015625 0.0359375
2 0.01015625 0.53515625 0.0203125 0.0734375
2 0.09609375 0.390625 0.05 0.084375
2 0.02421875 0.34921875 0.0484375 0.0859375
2 0.128125 0.25625 0.0734375 0.078125
2 0.159375 0.1984375 0.0578125 0.06875
1 0.02109375 0.09296875 0.0421875 0.078125
2 0.2140625 0.0734375 0.0546875 0.0640625
2 0.3953125 0.16171875 0.0578125 0.084375
1 0.3265625 0.4453125 0.053125 0.0796875
2 0.31484375 0.36015625 0.0484375 0.078125
2 0.4578125 0.44609375 0.0609375 0.084375
1 0.5671875 0.37890625 0.0625 0.075
2 0.6078125 0.75078125 0.078125 0.0609375
2 0.6671875 0.70234375 0.0671875 0.0703125
2 0.6015625 0.68984375 0.071875 0.0578125
2 0.73125 0.7125 0.0625 0.0875
2 0.65 0.6078125 0.059375 0.0703125
2 0.84140625 0.959375 0.053125 0.0796875
2 0.928125 0.9703125 0.0640625 0.059375
2 0.846875 0.90703125 0.0578125 0.06875
2 0.875 0.78671875 0.0625 0.06875
2 0.93671875 0.7015625 0.0546875 0.05625
2 0.5859375 0.0484375 0.06875 0.0875
2 0.8703125 0.1984375 0.046875 0.059375
2 0.92421875 0.3390625 0.0515625 0.059375
2 0.94609375 0.35546875 0.0609375 0.0671875
2 0.85859375 0.38515625 0.0640625 0.05
2 0.89609375 0.42578125 0.0671875 0.0625
2 0.8953125 0.4953125 0.0609375 0.0625
1 0.946875 0.45390625 0.05625 0.0796875
2 0.97265625 0.528125 0.0546875 0.075
2 0.87578125 0.6359375 0.0609375 0.0640625
2 0.81875 0.53984375 0.0421875 0.059375
2 0.99140625 0.2671875 0.0140625 0.071875