0 0.08125 0.659375 0.0796875 0.04375
0 0.26484375 0.65234375 0.0859375 0.046875
0 0.03828125 0.61640625 0.0609375 0.0796875
0 0.1515625 0.56640625 0.0296875 0.0984375
0 0.5234375 0.42734375 0.0359375 0.0984375
0 0.5390625 0.11796875 0.034375 0.1
0 0.5078125 0.1234375 0.040625 0.06875
3 0.178125 0.1 0.0515625 0.10625
3 0.4328125 0.378125 0.103125 0.046875
3 0.65078125 0.76328125 0.05625 0.090625
3 0.87265625 0.2953125 0.0875 0.046875
2 0.15 0.81640625 0.046875 0.0734375
2 0.36328125 0.81875 0.0453125 0.0703125
2 0.01640625 0.6859375 0.0328125 0.084375
2 0.23515625 0.5859375 0.0546875 0.0703125
2 0.18828125 0.5203125 0.05625 0.075
2 0.07578125 0.45859375 0.071875 0.04375
2 0.0578125 0.5328125 0.04375 0.05625
2 0.1484375 0.4265625 0.0625 0.0703125
2 0.0796875 0.3875 0.0703125 0.065625
2 0.1109375 0.265625 0.0484375 0.0796875
2 0.015625 0.3046875 0.03125 0.0703125
2 0.0890625 0.16953125 0.0375 0.0703125
2 0.0421875 0.2515625 0.0734375 0.0515625
2 0.05703125 0.24921875 0.0421875 0.128125
2 0.01171875 0.04609375 0.0234375 0.059375
2 0.0265625 0.08203125 0.0484375 0.0765625
2 0.2140625 0.29453125 0.0546875 0.06875
2 0.275 0.4078125 0.0546875 0.0734375
1 0.31484375 0.3375 0.053125 0.0734375
2 0.2 0.18828125 0.05625 0.075
1 0.37109375 0.48359375 0.0546875 0.078125
2 0.4046875 0.6234375 0.05 0.0828125
2 0.46484375 0.5078125 0.0609375 0.065625
2 0.3984375 0.1796875 0.0609375 0.0921875
2 0.503125 0.20546875 0.0640625 0.0828125
2 0.55078125 0.2234375 0.0609375 0.0984375
2 0.1828125 0.9265625 0.0546875 0.0796875
2 0.44609375 0.97421875 0.0609375 0.0515625
2 0.58046875 0.9359375 0.0578125 0.0734375
2 0.48828125 0.66328125 0.0625 0.046875
2 0.55625 0.03046875 0.0515625 0.0546875
1 0.65859375 0.971875 0.053125 0.05625
2 0.7203125 0.9578125 0.0609375 0.0828125
2 0.77421875 0.92578125 0.0703125 0.0609375
1 0.8671875 0.9375 0.0578125 0.0765625
2 0.97578125 0.99140625 0.0484375 0.0171875
2 0.928125 0.86953125 0.0578125 0.0515625
2 0.70625 0.83671875 0.053125 0.075
1 0.92109375 0.76484375 0.0515625 0.0703125
1 0.87265625 0.7203125 0.053125 0.06875
2 0.82109375 0.56953125 0.05 0.0765625
2 0.76015625 0.690625 0.0515625 0.0484375
2 0.6578125 0.68046875 0.0625 0.0703125
2 0.5859375 0.6390625 0.065625 0.0625
2 0.61640625 0.53203125 0.0609375 0.08125
1 0.57265625 0.44296875 0.059375 0.0703125
1 0.63046875 0.39609375 0.0671875 0.0890625
1 0.72421875 0.3421875 0.059375 0.084375
2 0.7328125 0.26875 0.0671875 0.059375
2 0.70625 0.2328125 0.065625 0.0625
2 0.66640625 0.190625 0.0390625 0.0515625
2 0.61015625 0.11484375 0.0296875 0.046875
2 0.5890625 0.1046875 0.0390625 0.0609375
2 0.69609375 0.14140625 0.0546875 0.0703125
1 0.725 0.0859375 0.0546875 0.0703125
2 0.63515625 0.0265625 0.0625 0.0515625
1 0.93984375 0.16171875 0.059375 0.06875
2 0.98671875 0.078125 0.0265625 0.0609375
2 0.98828125 0.29765625 0.0234375 0.0703125
2 0.99140625 0.36875 0.0171875 0.065625
1 0.9796875 0.46875 0.040625 0.090625
2 0.97421875 0.60390625 0.0515625 0.0828125