0 0.71953125 0.025 0.075 0.040625
0 0.86640625 0.453125 0.06875 0.0734375
0 0.796875 0.88984375 0.0703125 0.046875
0 0.88828125 0.72265625 0.05625 0.0828125
0 0.66171875 0.5734375 0.0765625 0.0421875
3 0.90703125 0.928125 0.14375 0.0359375
3 0.63359375 0.95703125 0.084375 0.078125
3 0.83984375 0.07578125 0.0796875 0.0671875
3 0.61328125 0.46796875 0.10625 0.053125
3 0.465625 0.8546875 0.084375 0.0796875
3 0.36015625 0.66953125 0.115625 0.046875
3 0.159375 0.60546875 0.075 0.0984375
0 0.396875 0.5125 0.0578125 0.0703125
0 0.45234375 0.64609375 0.0640625 0.06875
0 0.3984375 0.76328125 0.0734375 0.0546875
0 0.10703125 0.75 0.034375 0.109375
0 0.2890625 0.984375 0.034375 0.03125
0 0.30546875 0.06171875 0.0640625 0.05
0 0.2625 0.11640625 0.05625 0.06875
0 0.28125 0.28671875 0.0375 0.1
0 0.33671875 0.3609375 0.0625 0.05
0 0.1515625 0.359375 0.0671875 0.0546875
0 0.57734375 0.2375 0.065625 0.0609375
0 0.6015625 0.2765625 0.040625 0.078125
3 0.15625 0.00859375 0.025 0.0171875
3 0.08671875 0.41640625 0.084375 0.084375
0 0.078125 0.8546875 0.0296875 0.0859375
1 0.8046875 0.7421875 0.0640625 0.0796875
2 0.96328125 0.12109375 0.0484375 0.075
1 0.9828125 0.40078125 0.034375 0.075
2 0.5671875 0.1671875 0.046875 0.0484375
2 0.50078125 0.171875 0.0546875 0.0859375
1 0.68515625 0.30703125 0.0515625 0.0859375
2 0.8640625 0.50234375 0.0578125 0.059375
2 0.990625 0.575 0.01875 0.046875
1 0.71953125 0.5125 0.0546875 0.071875
1 0.8375 0.66875 0.0609375 0.075
2 0.93828125 0.70859375 0.0421875 0.04375
2 0.95078125 0.7140625 0.0609375 0.0625
1 0.596875 0.58828125 0.065625 0.075
2 0.63984375 0.703125 0.0578125 0.075
2 0.51171875 0.96953125 0.0484375 0.05625
2 0.5421875 0.9890625 0.0390625 0.021875
2 0.4109375 0.92890625 0.0515625 0.06875
2 0.4578125 0.8078125 0.0515625 0.0578125
2 0.39765625 0.196875 0.0546875 0.071875
2 0.25078125 0.0515625 0.06875 0.0609375
2 0.26328125 0.01796875 0.0390625 0.0359375
2 0.096875 0.0109375 0.0546875 0.021875
2 0.04921875 0.10390625 0.0609375 0.071875
2 0.053125 0.15546875 0.0546875 0.0796875
2 0.1140625 0.13359375 0.0546875 0.09375
1 0.2015625 0.16484375 0.059375 0.078125
2 0.25078125 0.22109375 0.0640625 0.059375
2 0.28203125 0.16796875 0.0421875 0.0578125
2 0.13046875 0.2296875 0.053125 0.065625
2 0.07578125 0.3078125 0.0703125 0.09375
2 0.2671875 0.35703125 0.0671875 0.071875
4 0.46796875 0.321875 0.06875 0.0890625
2 0.40390625 0.43828125 0.078125 0.0546875
2 0.22578125 0.4421875 0.04375 0.0828125
2 0.27734375 0.4765625 0.0578125 0.1
2 0.340625 0.53515625 0.05 0.0625
2 0.36953125 0.60859375 0.0546875 0.0671875
2 0.31796875 0.6328125 0.0453125 0.0609375
1 0.35703125 0.80390625 0.05 0.071875
2 0.41015625 0.85625 0.0640625 0.08125
2 0.22578125 0.88359375 0.04375 0.05625
2 0.19609375 0.8734375 0.0484375 0.0625
2 0.19453125 0.9484375 0.071875 0.084375
2 0.1515625 0.94296875 0.05625 0.065625
4 0.03203125 0.85390625 0.05 0.08125
2 0.0109375 0.953125 0.021875 0.08125
2 0.01875 0.75546875 0.0375 0.05625
2 0.03984375 0.746875 0.0640625 0.0796875
2 0.02109375 0.55234375 0.0421875 0.0890625
2 0.24609375 0.53671875 0.0765625 0.0890625