3 0.77578125 0.528125 0.0859375 0.075
3 0.75234375 0.3875 0.08125 0.0953125
3 0.54296875 0.3515625 0.10625 0.0421875
3 0.7515625 0.24921875 0.0765625 0.04375
0 0.67734375 0.1953125 0.0390625 0.1265625
0 0.340625 0.4203125 0.090625 0.0390625
0 0.284375 0.31171875 0.078125 0.0359375
3 0.35234375 0.73125 0.0828125 0.06875
3 0.159375 0.0171875 0.08125 0.034375
0 0.28671875 0.83671875 0.0734375 0.0796875
0 0.159375 0.4171875 0.078125 0.040625
0 0.08203125 0.34765625 0.0796875 0.0484375
0 0.42734375 0.575 0.075 0.0515625
0 0.3703125 0.02109375 0.090625 0.0421875
0 0.1390625 0.5140625 0.075 0.040625
2 0.69765625 0.9796875 0.0390625 0.040625
2 0.69140625 0.96328125 0.06875 0.0734375
2 0.7828125 0.984375 0.0671875 0.03125
2 0.66484375 0.90625 0.065625 0.0765625
2 0.65859375 0.8265625 0.0578125 0.0828125
2 0.70703125 0.79140625 0.0640625 0.1046875
2 0.73359375 0.678125 0.0578125 0.0875
2 0.98515625 0.83515625 0.028125 0.0640625
2 0.4859375 0.95703125 0.05625 0.0671875
2 0.428125 0.7546875 0.0484375 0.0625
2 0.66015625 0.67890625 0.0546875 0.0359375
2 0.64921875 0.6296875 0.0625 0.0484375
2 0.70234375 0.52421875 0.05625 0.0703125
2 0.62578125 0.45546875 0.053125 0.0609375
2 0.8890625 0.54375 0.0609375 0.084375
2 0.94453125 0.5390625 0.0421875 0.053125
2 0.98828125 0.41015625 0.0234375 0.0546875
2 0.965625 0.35703125 0.053125 0.0734375
2 0.9875 0.25078125 0.021875 0.059375
2 0.80546875 0.11796875 0.0609375 0.08125
2 0.81328125 0.0375 0.0609375 0.0609375
2 0.9328125 0.0125 0.0625 0.025
2 0.65078125 0.24921875 0.0546875 0.0828125
2 0.25703125 0.975 0.0671875 0.0484375
2 0.1296875 0.91171875 0.059375 0.0890625
2 0.196875 0.890625 0.0609375 0.0515625
1 0.021875 0.86171875 0.04375 0.0890625
2 0.16484375 0.81953125 0.053125 0.0765625
2 0.18125 0.77890625 0.0453125 0.065625
2 0.1390625 0.73828125 0.059375 0.0671875
2 0.11953125 0.67265625 0.0859375 0.065625
2 0.17734375 0.6515625 0.046875 0.0671875
2 0.0578125 0.65078125 0.0625 0.09375
1 0.1375 0.58671875 0.0609375 0.0765625
2 0.0765625 0.48984375 0.0640625 0.0859375
2 0.30234375 0.54296875 0.0609375 0.0671875
2 0.290625 0.49296875 0.0921875 0.09375
2 0.2515625 0.434375 0.05625 0.0515625
2 0.3953125 0.359375 0.0390625 0.078125
2 0.31171875 0.371875 0.0625 0.059375
1 0.33359375 0.26015625 0.0578125 0.0796875
1 0.28828125 0.128125 0.0546875 0.084375
2 0.1421875 0.05703125 0.0609375 0.04375
2 0.02109375 0.3109375 0.034375 0.04375
2 0.09140625 0.01015625 0.0421875 0.0203125