4 0.98359375 0.7828125 0.03125 0.071875
4 0.97734375 0.39375 0.0453125 0.059375
4 0.90390625 0.0265625 0.0640625 0.053125
4 0.728125 0.5234375 0.05625 0.0875
3 0.64453125 0.21640625 0.1328125 0.05
3 0.6328125 0.61640625 0.1140625 0.0859375
3 0.50625 0.71796875 0.10625 0.0578125
2 0.5828125 0.6109375 0.0546875 0.0828125
4 0.425 0.90703125 0.065625 0.1
4 0.3015625 0.8328125 0.0625 0.0734375
4 0.23515625 0.76640625 0.0578125 0.075
1 0.3546875 0.2875 0.065625 0.0734375
2 0.88203125 0.96953125 0.0703125 0.0609375
2 0.91875 0.9171875 0.059375 0.071875
2 0.884375 0.83671875 0.065625 0.0828125
1 0.825 0.809375 0.0484375 0.071875
2 0.87578125 0.75859375 0.059375 0.0828125
0 0.94765625 0.7234375 0.075 0.05625
2 0.97265625 0.640625 0.0546875 0.078125
2 0.97265625 0.57109375 0.0546875 0.071875
1 0.98515625 0.4921875 0.0296875 0.065625
2 0.890625 0.4734375 0.05625 0.0734375
1 0.85625 0.5890625 0.0515625 0.0578125
1 0.71875 0.86015625 0.0546875 0.0609375
2 0.621875 0.88984375 0.0640625 0.0875
1 0.55 0.9015625 0.0453125 0.0734375
2 0.4578125 0.97109375 0.084375 0.053125
2 0.34453125 0.89375 0.0546875 0.0875
2 0.42421875 0.76875 0.0578125 0.078125
2 0.715625 0.78203125 0.0578125 0.0640625
1 0.6140625 0.7796875 0.0515625 0.08125
2 0.54375 0.76875 0.0796875 0.0953125
2 0.471875 0.68203125 0.065625 0.071875
2 0.6984375 0.6984375 0.0625 0.078125
2 0.71875 0.6 0.0625 0.0703125
1 0.771875 0.48203125 0.0625 0.06875
1 0.80625 0.40703125 0.0515625 0.059375
2 0.7546875 0.3984375 0.0546875 0.0859375
2 0.72890625 0.36875 0.059375 0.0671875
1 0.33515625 0.7640625 0.065625 0.0796875
2 0.36328125 0.6484375 0.0546875 0.06875
2 0.44296875 0.61015625 0.071875 0.0640625
2 0.3796875 0.55703125 0.0359375 0.059375
2 0.39921875 0.5734375 0.0453125 0.065625
2 0.34296875 0.5140625 0.0625 0.075
2 0.475 0.53046875 0.053125 0.06875
2 0.50859375 0.54140625 0.0484375 0.0609375
2 0.53984375 0.48125 0.065625 0.0765625
1 0.62109375 0.4734375 0.053125 0.078125
1 0.87421875 0.296875 0.05625 0.075
2 0.94375 0.33515625 0.05 0.0703125
1 0.9140625 0.175 0.0515625 0.065625
2 0.96953125 0.23515625 0.053125 0.0703125
3 0.7609375 0.14375 0.075 0.065625
1 0.87734375 0.0859375 0.0453125 0.0671875
4 0.78828125 0.04453125 0.06875 0.084375
4 0.54765625 0.075 0.0609375 0.0765625
2 0.49453125 0.1734375 0.05625 0.0703125
1 0.60625 0.159375 0.05 0.06875
2 0.41015625 0.22265625 0.0546875 0.0828125
2 0.45390625 0.30390625 0.05 0.0734375
2 0.415625 0.3953125 0.059375 0.075
2 0.3390625 0.39296875 0.0828125 0.078125
1 0.54140625 0.309375 0.0578125 0.0671875
1 0.6203125 0.39609375 0.0515625 0.0671875
2 0.65 0.3515625 0.05625 0.0640625
2 0.7265625 0.271875 0.0390625 0.0796875
2 0.6765625 0.26484375 0.046875 0.05625
2 0.628125 0.27265625 0.0578125 0.0671875
1 0.55625 0.23125 0.0421875 0.0546875
1 0.48046875 0.05859375 0.0640625 0.0734375
2 0.40234375 0.02265625 0.06875 0.0453125
2 0.31953125 0.0390625 0.0671875 0.078125
2 0.98515625 0.015625 0.0296875 0.03125
1 0.2546875 0.95859375 0.065625 0.075
2 0.30078125 0.934375 0.0484375 0.08125
2 0.109375 0.93203125 0.078125 0.084375
1 0.0765625 0.85625 0.0578125 0.065625
2 0.0109375 0.8921875 0.0171875 0.0671875
2 0.02421875 0.82734375 0.046875 0.075
1 0.18359375 0.6625 0.0515625 0.078125
2 0.11796875 0.5921875 0.065625 0.075
2 0.05546875 0.60234375 0.05 0.0765625
3 0.0203125 0.54453125 0.0390625 0.0703125
2 0.04609375 0.4921875 0.0625 0.0765625
2 0.06796875 0.41875 0.0546875 0.065625
2 0.021875 0.38359375 0.0421875 0.078125
2 0.21328125 0.4984375 0.0390625 0.0640625
1 0.265625 0.484375 0.065625 0.0734375
2 0.30546875 0.41328125 0.05 0.0625
2 0.2390625 0.36171875 0.0546875 0.0671875
2 0.17109375 0.44609375 0.065625 0.0890625
2 0.12734375 0.38046875 0.065625 0.071875
2 0.16171875 0.33359375 0.071875 0.0640625
2 0.11953125 0.2734375 0.06875 0.090625
2 0.234375 0.2484375 0.0609375 0.071875
1 0.08671875 0.18125 0.0609375 0.071875
1 0.2125 0.11875 0.0515625 0.0765625
1 0.1171875 0.02421875 0.0578125 0.0421875
2 0.02734375 0.0125 0.0453125 0.025