3 0.95 0.4875 0.071875 0.08125
3 0.46875 0.10234375 0.0828125 0.0828125
3 0.471875 0.49375 0.10625 0.046875
3 0.090625 0.90078125 0.0703125 0.090625
0 0.69140625 0.078125 0.06875 0.084375
0 0.62578125 0.4015625 0.06875 0.06875
0 0.36796875 0.08046875 0.059375 0.0828125
0 0.28671875 0.71796875 0.05 0.096875
0 0.43125 0.83515625 0.075 0.0515625
0 0.43828125 0.93515625 0.0375 0.0875
0 0.96171875 0.275 0.071875 0.05625
0 0.81328125 0.90546875 0.0703125 0.0625
0 0.1796875 0.18515625 0.0734375 0.0515625
0 0.10390625 0.41640625 0.071875 0.0625
0 0.1078125 0.5546875 0.071875 0.0546875
0 0.36953125 0.7390625 0.065625 0.05
0 0.0421875 0.55625 0.0453125 0.0796875
0 0.796875 0.02578125 0.0640625 0.046875
1 0.025 0.28984375 0.05 0.0875
2 0.5609375 0.01484375 0.0578125 0.0296875
2 0.6 0.06796875 0.0546875 0.0609375
2 0.8578125 0.18046875 0.053125 0.0953125
2 0.7078125 0.2140625 0.053125 0.075
2 0.7265625 0.28984375 0.0625 0.078125
2 0.55625 0.2984375 0.053125 0.06875
2 0.49453125 0.29296875 0.0640625 0.0984375
2 0.475 0.20625 0.0609375 0.084375
2 0.4375 0.13203125 0.071875 0.0765625
2 0.53203125 0.603125 0.0609375 0.0828125
2 0.7734375 0.56171875 0.06875 0.0765625
2 0.8015625 0.61328125 0.0609375 0.071875
2 0.98515625 0.6953125 0.0296875 0.059375
2 0.98671875 0.76484375 0.025 0.0890625
2 0.871875 0.7875 0.0625 0.04375
2 0.8734375 0.78203125 0.0609375 0.128125
2 0.68671875 0.81015625 0.0625 0.075
2 0.79921875 0.83984375 0.0734375 0.0765625
2 0.68125 0.8890625 0.0515625 0.071875
2 0.8109375 0.971875 0.06875 0.04375
2 0.5453125 0.9734375 0.0671875 0.046875
2 0.3953125 0.0171875 0.059375 0.034375
1 0.309375 0.06640625 0.0703125 0.084375
2 0.38984375 0.18984375 0.0734375 0.065625
2 0.2078125 0.11640625 0.053125 0.065625
2 0.1125 0.01484375 0.071875 0.0296875
2 0.12578125 0.0421875 0.0625 0.0609375
2 0.0203125 0.03046875 0.040625 0.0609375
2 0.01640625 0.16015625 0.0296875 0.084375
2 0.20390625 0.253125 0.0625 0.0734375
2 0.2484375 0.45390625 0.0625 0.0734375
2 0.02890625 0.41328125 0.0484375 0.0703125
2 0.0578125 0.39453125 0.06875 0.0609375
2 0.3140625 0.62421875 0.0703125 0.0609375
2 0.0453125 0.634375 0.065625 0.05625
1 0.39765625 0.7859375 0.046875 0.0609375
2 0.28359375 0.80859375 0.0578125 0.103125
2 0.06484375 0.86484375 0.0734375 0.1015625
2 0.1453125 0.8859375 0.05 0.0875
2 0.14296875 0.946875 0.05625 0.06875