3 0.10703125 0.67890625 0.065625 0.06875
3 0.05 0.66640625 0.0578125 0.0625
3 0.4984375 0.4171875 0.0859375 0.0546875
2 0.0125 0.0125 0.025 0.0234375
3 0.03046875 0.0234375 0.05 0.046875
0 0.35078125 0.35390625 0.0859375 0.0484375
3 0.92578125 0.92578125 0.065625 0.0515625
3 0.9203125 0.91015625 0.0796875 0.0609375
0 0.76015625 0.55703125 0.071875 0.0875
3 0.9484375 0.175 0.0625 0.046875
3 0.96171875 0.190625 0.0609375 0.0734375
3 0.5453125 0.19765625 0.071875 0.04375
3 0.55078125 0.21015625 0.0734375 0.046875
3 0.92578125 0.01796875 0.0421875 0.0359375
3 0.83984375 0.96875 0.0546875 0.0609375
2 0.06171875 0.94453125 0.053125 0.05625
2 0.0953125 0.95546875 0.0453125 0.0875
2 0.11640625 0.896875 0.0515625 0.0796875
1 0.30859375 0.97890625 0.0546875 0.0421875
2 0.3453125 0.90703125 0.059375 0.075
2 0.29453125 0.90703125 0.05625 0.075
1 0.246875 0.828125 0.0484375 0.065625
2 0.1 0.81640625 0.04375 0.059375
2 0.1390625 0.7578125 0.0828125 0.065625
2 0.2296875 0.7703125 0.075 0.078125
1 0.30546875 0.7640625 0.059375 0.0640625
2 0.35859375 0.75625 0.053125 0.078125
2 0.03125 0.646875 0.0578125 0.065625
2 0.36328125 0.61953125 0.05 0.0546875
2 0.275 0.5890625 0.0640625 0.078125
2 0.2046875 0.48203125 0.0546875 0.0578125
2 0.1421875 0.46015625 0.059375 0.0796875
1 0.0921875 0.503125 0.05625 0.075
2 0.0421875 0.434375 0.059375 0.06875
2 0.35 0.53671875 0.0390625 0.0828125
2 0.36484375 0.415625 0.053125 0.0546875
1 0.48671875 0.66875 0.0515625 0.0671875
1 0.47109375 0.734375 0.05 0.065625
2 0.4953125 0.84453125 0.0484375 0.0890625
2 0.55625 0.846875 0.0515625 0.08125
2 0.5609375 0.92890625 0.05 0.075
2 0.61875 0.95625 0.0421875 0.075
2 0.6546875 0.94609375 0.0421875 0.0640625
2 0.50625 0.9828125 0.0546875 0.034375
2 0.46328125 0.95625 0.059375 0.075
1 0.6671875 0.7765625 0.0515625 0.071875
2 0.56640625 0.67890625 0.0546875 0.075
2 0.5453125 0.62109375 0.0578125 0.071875
2 0.58984375 0.55625 0.053125 0.0640625
2 0.65546875 0.528125 0.0546875 0.08125
1 0.5921875 0.49296875 0.0578125 0.0546875
2 0.13828125 0.36015625 0.059375 0.059375
2 0.0140625 0.3125 0.0265625 0.1171875
2 0.15625 0.31015625 0.08125 0.059375
2 0.11640625 0.246875 0.0671875 0.075
2 0.1171875 0.1734375 0.05 0.065625
2 0.18515625 0.13203125 0.0625 0.09375
1 0.27265625 0.07421875 0.0546875 0.075
2 0.3296875 0.2546875 0.05625 0.08125
2 0.41953125 0.2328125 0.065625 0.0546875
2 0.49296875 0.3046875 0.05 0.0609375
2 0.5359375 0.27578125 0.075 0.0875
2 0.621875 0.22421875 0.075 0.0609375
2 0.51328125 0.1484375 0.053125 0.065625
2 0.5359375 0.05390625 0.075 0.05
2 0.48671875 0.07578125 0.0625 0.0421875
2 0.61484375 0.0671875 0.046875 0.0890625
2 0.4703125 0.01015625 0.065625 0.0203125
2 0.38671875 0.0109375 0.0546875 0.021875
2 0.11484375 0.06875 0.0578125 0.096875
2 0.13125 0.02578125 0.05625 0.0421875
2 0.1984375 0.08515625 0.065625 0.046875
2 0.0453125 0.059375 0.059375 0.0625
2 0.0671875 0.07421875 0.046875 0.075
2 0.7578125 0.96953125 0.0640625 0.0609375
2 0.8515625 0.8609375 0.0890625 0.05
2 0.83515625 0.91171875 0.0671875 0.0796875
2 0.8875 0.97421875 0.0546875 0.0453125
2 0.9734375 0.9796875 0.05 0.040625
2 0.9671875 0.76484375 0.0578125 0.078125
1 0.7359375 0.8234375 0.05625 0.0765625
1 0.73515625 0.75078125 0.0578125 0.059375
2 0.6984375 0.65546875 0.0546875 0.0796875
2 0.771875 0.65703125 0.0515625 0.0625
2 0.77421875 0.4578125 0.0359375 0.0859375
3 0.840625 0.45390625 0.075 0.0671875
2 0.73203125 0.4328125 0.0578125 0.065625
2 0.7203125 0.29609375 0.0515625 0.0734375
2 0.97265625 0.459375 0.053125 0.078125
2 0.87734375 0.39921875 0.05 0.0703125
2 0.9046875 0.23671875 0.075 0.0703125
2 0.80234375 0.1703125 0.0578125 0.06875
2 0.96484375 0.05234375 0.0546875 0.0859375
2 0.98125 0.2625 0.0359375 0.075
2 0.9875 0.2140625 0.025 0.0578125