0 0.59921875 0.16328125 0.0796875 0.053125
0 0.43515625 0.16875 0.0734375 0.0640625
0 0.3265625 0.98125 0.0640625 0.0375
0 0.05703125 0.978125 0.0859375 0.04375
3 0.17890625 0.48515625 0.0859375 0.046875
2 0.9734375 0.95625 0.053125 0.065625
2 0.8578125 0.91796875 0.05625 0.0796875
2 0.97578125 0.87890625 0.0484375 0.075
2 0.984375 0.809375 0.03125 0.078125
2 0.9359375 0.81171875 0.0515625 0.0953125
2 0.74921875 0.87734375 0.0625 0.0859375
2 0.65859375 0.940625 0.0609375 0.0796875
2 0.67109375 0.85390625 0.0609375 0.0890625
2 0.53671875 0.8375 0.0625 0.0609375
2 0.5125 0.7796875 0.0484375 0.0796875
2 0.571875 0.76875 0.0640625 0.071875
2 0.6328125 0.7859375 0.059375 0.071875
2 0.6765625 0.7375 0.0671875 0.071875
2 0.7671875 0.78203125 0.0578125 0.0703125
2 0.74765625 0.71953125 0.0578125 0.075
2 0.8109375 0.6828125 0.05625 0.09375
2 0.87578125 0.64921875 0.0609375 0.071875
2 0.97421875 0.6671875 0.0515625 0.078125
2 0.97109375 0.55625 0.05625 0.078125
2 0.98671875 0.48984375 0.0265625 0.0671875
2 0.91328125 0.50625 0.05 0.0640625
2 0.8578125 0.584375 0.05625 0.0546875
2 0.765625 0.63125 0.0625 0.075
2 0.69921875 0.621875 0.059375 0.071875
2 0.76484375 0.540625 0.0625 0.071875
2 0.834375 0.44921875 0.053125 0.08125
2 0.86796875 0.38125 0.05625 0.090625
2 0.91328125 0.325 0.0625 0.0734375
2 0.9703125 0.25390625 0.0515625 0.0890625
2 0.93671875 0.175 0.046875 0.0625
2 0.85078125 0.140625 0.065625 0.0609375
2 0.73984375 0.25546875 0.0609375 0.0796875
2 0.78046875 0.309375 0.065625 0.090625
2 0.81953125 0.24609375 0.06875 0.0765625
2 0.7234375 0.1515625 0.0625 0.075
2 0.8046875 0.0390625 0.084375 0.0734375
2 0.72421875 0.0125 0.0640625 0.025
2 0.634375 0.01015625 0.04375 0.0171875
2 0.62890625 0.11953125 0.0796875 0.0671875
2 0.50859375 0.3328125 0.0609375 0.075
4 0.60078125 0.42890625 0.053125 0.0890625
2 0.6578125 0.46796875 0.0515625 0.0765625
2 0.43515625 0.3796875 0.0703125 0.065625
1 0.49296875 0.4421875 0.0546875 0.06875
1 0.5390625 0.69140625 0.05625 0.0703125
2 0.5953125 0.6984375 0.0421875 0.0484375
2 0.61953125 0.60703125 0.0421875 0.075
2 0.58828125 0.5578125 0.046875 0.0609375
2 0.5515625 0.61328125 0.0578125 0.0734375
2 0.45859375 0.6515625 0.05 0.0890625
2 0.45390625 0.55546875 0.0609375 0.078125
2 0.49765625 0.53125 0.059375 0.05625
2 0.4171875 0.71015625 0.0546875 0.065625
2 0.42890625 0.85390625 0.0625 0.0859375
1 0.434375 0.475 0.0640625 0.071875
2 0.40625 0.95546875 0.0578125 0.0796875
2 0.21875 0.81484375 0.0578125 0.0703125
2 0.384375 0.80234375 0.059375 0.0734375
2 0.37109375 0.7328125 0.0515625 0.071875
2 0.30390625 0.76328125 0.0578125 0.0703125
2 0.27734375 0.68828125 0.05 0.0859375
2 0.33828125 0.615625 0.0703125 0.09375
2 0.3796875 0.6546875 0.065625 0.0796875
2 0.2625 0.6140625 0.0625 0.0734375
2 0.19609375 0.59453125 0.0546875 0.0734375
2 0.32421875 0.53984375 0.0609375 0.071875
2 0.10078125 0.91640625 0.065625 0.0890625
2 0.0125 0.90078125 0.025 0.075
2 0.03359375 0.7515625 0.059375 0.0734375
2 0.00703125 0.696875 0.0125 0.0515625
2 0.025 0.6140625 0.0453125 0.05625
2 0.10078125 0.61171875 0.059375 0.075
2 0.14921875 0.54453125 0.05625 0.0890625
2 0.12265625 0.4359375 0.0625 0.0703125
2 0.3203125 0.43984375 0.0609375 0.075
2 0.20078125 0.4265625 0.0546875 0.0703125
2 0.06171875 0.40390625 0.059375 0.0734375
2 0.33125 0.35859375 0.05625 0.0734375
2 0.33125 0.2359375 0.0703125 0.0484375
2 0.30390625 0.0671875 0.0703125 0.0734375
2 0.1578125 0.0859375 0.0703125 0.078125
2 0.03359375 0.20390625 0.0625 0.0859375
2 0.0265625 0.06640625 0.053125 0.0765625
2 0.071875 0.0265625 0.0609375 0.053125
2 0.25390625 0.01796875 0.05625 0.0359375