3 0.81484375 0.78203125 0.0734375 0.06875
3 0.66875 0.52578125 0.0984375 0.075
3 0.5171875 0.50625 0.0765625 0.0796875
0 0.04296875 0.87890625 0.046875 0.0734375
4 0.0734375 0.91171875 0.0625 0.0890625
0 0.46796875 0.428125 0.06875 0.075
0 0.57890625 0.0734375 0.06875 0.053125
4 0.62734375 0.17890625 0.05625 0.078125
3 0.5265625 0.89609375 0.0828125 0.0859375
3 0.6390625 0.7359375 0.0734375 0.046875
3 0.28203125 0.90234375 0.040625 0.090625
0 0.51171875 0.16953125 0.0859375 0.0421875
0 0.1234375 0.04609375 0.071875 0.0765625
1 0.071875 0.15703125 0.0625 0.071875
1 0.70078125 0.58359375 0.0625 0.0796875
1 0.92578125 0.58828125 0.0625 0.075
0 0.71015625 0.165625 0.0703125 0.0515625
1 0.9171875 0.28828125 0.071875 0.096875
2 0.97734375 0.93671875 0.040625 0.08125
2 0.9375 0.98515625 0.05625 0.0296875
1 0.85859375 0.95078125 0.05 0.0734375
2 0.78359375 0.9359375 0.0546875 0.078125
2 0.7140625 0.97265625 0.0546875 0.0515625
2 0.90703125 0.8453125 0.0546875 0.075
2 0.83203125 0.8421875 0.0578125 0.0703125
2 0.78046875 0.840625 0.046875 0.0609375
1 0.70078125 0.7953125 0.0546875 0.071875
2 0.6125 0.8859375 0.0625 0.05625
2 0.77734375 0.72578125 0.0640625 0.071875
2 0.753125 0.66640625 0.046875 0.0546875
2 0.88359375 0.67890625 0.0546875 0.06875
2 0.975 0.684375 0.0421875 0.078125
2 0.7734375 0.5953125 0.05625 0.084375
2 0.6109375 0.67109375 0.040625 0.0734375
1 0.57265625 0.7421875 0.053125 0.0671875
2 0.5625 0.83515625 0.0609375 0.0609375
2 0.46015625 0.71015625 0.0625 0.0734375
2 0.48125 0.59375 0.0421875 0.0671875
2 0.990625 0.41328125 0.01875 0.0609375
2 0.98515625 0.03671875 0.025 0.065625
2 0.83203125 0.12421875 0.0671875 0.065625
2 0.83203125 0.09453125 0.03125 0.028125
2 0.82890625 0.06328125 0.05625 0.0625
1 0.75859375 0.26015625 0.0609375 0.0796875
2 0.58984375 0.31875 0.0484375 0.065625
2 0.63046875 0.33046875 0.059375 0.075
2 0.66640625 0.24375 0.0546875 0.0703125
1 0.56875 0.2171875 0.0546875 0.065625
2 0.559375 0.134375 0.05625 0.0640625
2 0.56953125 0.0078125 0.0421875 0.015625
3 0.38125 0.91640625 0.059375 0.0875
2 0.346875 0.978125 0.0390625 0.04375
2 0.30703125 0.96796875 0.0421875 0.0640625
2 0.359375 0.8359375 0.05625 0.0875
2 0.2984375 0.728125 0.0515625 0.0671875
2 0.21796875 0.7203125 0.053125 0.0703125
2 0.26328125 0.6265625 0.0546875 0.0765625
2 0.41484375 0.56640625 0.0640625 0.0734375
2 0.37265625 0.51171875 0.0546875 0.05625
2 0.33828125 0.47265625 0.0546875 0.06875
1 0.18359375 0.625 0.059375 0.0765625
2 0.20703125 0.55703125 0.05 0.05625
2 0.24296875 0.49453125 0.0578125 0.0765625
1 0.0953125 0.62265625 0.0578125 0.0703125
1 0.06953125 0.70703125 0.0546875 0.0703125
1 0.05703125 0.98125 0.0578125 0.0375
2 0.00859375 0.92265625 0.0140625 0.0546875
2 0.0125 0.8671875 0.021875 0.06875
2 0.015625 0.646875 0.03125 0.0578125
2 0.03671875 0.6453125 0.0515625 0.084375
2 0.20625 0.4296875 0.065625 0.065625
3 0.23515625 0.371875 0.065625 0.0828125
2 0.228125 0.375 0.0375 0.0296875
1 0.33515625 0.39609375 0.05 0.0765625
2 0.359375 0.31640625 0.0578125 0.08125
2 0.29453125 0.2890625 0.04375 0.0609375
2 0.37734375 0.22890625 0.0515625 0.0640625
2 0.3078125 0.196875 0.059375 0.0609375
1 0.36171875 0.12734375 0.059375 0.0875
2 0.23046875 0.10234375 0.065625 0.075
2 0.24609375 0.034375 0.0640625 0.0578125
2 0.184375 0.0421875 0.0546875 0.0625
2 0.0546875 0.346875 0.0609375 0.0734375
2 0.015625 0.46953125 0.03125 0.084375
2 0.0078125 0.3640625 0.015625 0.0640625
1 0.0234375 0.0203125 0.046875 0.040625