2 0.60859375 0.7484375 0.0703125 0.0859375
2 0.0484375 0.40234375 0.0734375 0.0921875
2 0.028125 0.496875 0.05625 0.096875
2 0.03359375 0.60859375 0.065625 0.0984375
2 0.5421875 0.94140625 0.075 0.096875
2 0.87578125 0.67890625 0.0734375 0.09375
2 0.60859375 0.4671875 0.0625 0.075
2 0.4453125 0.32109375 0.059375 0.0625
2 0.42109375 0.26640625 0.0625 0.065625
2 0.365625 0.40703125 0.040625 0.08125
2 0.30703125 0.08203125 0.0703125 0.096875
2 0.73203125 0.09453125 0.0546875 0.071875
2 0.775 0.45 0.0671875 0.0703125
2 0.75078125 0.5015625 0.053125 0.0703125
2 0.7640625 0.58046875 0.0640625 0.0859375
2 0.73671875 0.7609375 0.0625 0.0890625
2 0.67578125 0.87578125 0.0609375 0.084375
2 0.61796875 0.9578125 0.0546875 0.08125
2 0.20078125 0.7109375 0.096875 0.0875
2 0.08203125 0.79453125 0.0515625 0.065625
2 0.05078125 0.8140625 0.0390625 0.0703125
2 0.26484375 0.94140625 0.053125 0.06875
2 0.28359375 0.859375 0.05 0.078125
4 0.56484375 0.11640625 0.0734375 0.0921875
2 0.36015625 0.16328125 0.0640625 0.084375
2 0.5046875 0.02734375 0.0625 0.0546875
2 0.553125 0.03515625 0.0578125 0.065625
2 0.9515625 0.0828125 0.0703125 0.1078125
2 0.0890625 0.70078125 0.05625 0.0796875
2 0.021875 0.25703125 0.04375 0.0765625
2 0.20546875 0.2 0.059375 0.0765625
2 0.28828125 0.5359375 0.0859375 0.075
2 0.2890625 0.6171875 0.0578125 0.075
3 0.20546875 0.63515625 0.08125 0.0796875
0 0.175 0.50546875 0.06875 0.065625
3 0.25 0.46796875 0.078125 0.05
0 0.3140625 0.74609375 0.0640625 0.065625
0 0.95625 0.5 0.0875 0.05625
3 0.80859375 0.0859375 0.0953125 0.053125
2 0.47265625 0.45625 0.0484375 0.0703125
1 0.05078125 0.190625 0.0609375 0.0859375
1 0.128125 0.3703125 0.053125 0.06875
1 0.1953125 0.12265625 0.0578125 0.0859375
1 0.26328125 0.3640625 0.05625 0.06875
1 0.20703125 0.42890625 0.053125 0.0703125
1 0.384375 0.72421875 0.071875 0.090625
1 0.4015625 0.9421875 0.0625 0.075
1 0.48671875 0.63828125 0.0546875 0.0859375
1 0.559375 0.68203125 0.0546875 0.078125
1 0.58125 0.5484375 0.0609375 0.0828125
1 0.67578125 0.54296875 0.0640625 0.0796875
1 0.80625 0.665625 0.059375 0.0890625
1 0.92734375 0.42890625 0.0640625 0.0828125
1 0.9515625 0.3546875 0.0625 0.0828125
1 0.85703125 0.25546875 0.0734375 0.090625
1 0.5421875 0.3765625 0.0765625 0.09375
1 0.43515625 0.40546875 0.05 0.0796875
2 0.29609375 0.4140625 0.0625 0.065625
2 0.3171875 0.9609375 0.0578125 0.0765625
2 0.03515625 0.9609375 0.053125 0.0703125
1 0.1 0.975 0.065625 0.05
1 0.45859375 0.12578125 0.0609375 0.0765625
0 0.43984375 0.02734375 0.059375 0.0546875
0 0.64140625 0.1515625 0.078125 0.0484375