3 0.49609375 0.4375 0.053125 0.109375
3 0.1734375 0.6625 0.096875 0.046875
3 0.37421875 0.33515625 0.1015625 0.046875
0 0.5515625 0.08359375 0.0453125 0.090625
0 0.409375 0.3734375 0.0734375 0.046875
0 0.496875 0.54921875 0.0765625 0.05
0 0.50546875 0.528125 0.0265625 0.059375
0 0.54375 0.678125 0.0859375 0.0640625
0 0.1734375 0.05390625 0.0703125 0.065625
0 0.40546875 0.9484375 0.0578125 0.090625
0 0.028125 0.57421875 0.05625 0.0796875
0 0.56015625 0.87734375 0.0546875 0.0859375
3 0.9 0.04453125 0.0671875 0.0890625
3 0.7765625 0.53203125 0.0890625 0.075
3 0.95859375 0.20078125 0.078125 0.0609375
4 0.63203125 0.7921875 0.0625 0.084375
2 0.30703125 0.03984375 0.046875 0.0734375
2 0.1859375 0.0125 0.05625 0.021875
2 0.17421875 0.121875 0.071875 0.05625
2 0.0625 0.1640625 0.05 0.06875
2 0.0578125 0.38203125 0.059375 0.071875
2 0.20703125 0.19140625 0.0625 0.0828125
2 0.440625 0.134375 0.06875 0.0859375
2 0.42890625 0.29296875 0.0578125 0.0703125
2 0.4703125 0.34296875 0.05625 0.0671875
2 0.5234375 0.41171875 0.0640625 0.0859375
2 0.43046875 0.46328125 0.065625 0.0859375
0 0.27421875 0.35625 0.0625 0.0703125
2 0.0078125 0.30390625 0.015625 0.0359375
2 0.01015625 0.46484375 0.0203125 0.0734375
2 0.09609375 0.609375 0.05 0.084375
2 0.02421875 0.65078125 0.0484375 0.0859375
2 0.128125 0.74375 0.0734375 0.078125
2 0.159375 0.8015625 0.0578125 0.06875
1 0.02109375 0.90703125 0.0421875 0.078125
2 0.2140625 0.9265625 0.0546875 0.0640625
2 0.3953125 0.83828125 0.0578125 0.084375
1 0.3265625 0.5546875 0.053125 0.0796875
2 0.31484375 0.63984375 0.0484375 0.078125
2 0.4578125 0.55390625 0.0609375 0.084375
1 0.5671875 0.62109375 0.0625 0.075
2 0.6078125 0.24921875 0.078125 0.0609375
2 0.6671875 0.29765625 0.0671875 0.0703125
2 0.6015625 0.31015625 0.071875 0.0578125
2 0.73125 0.2875 0.0625 0.0875
2 0.65 0.3921875 0.059375 0.0703125
2 0.84140625 0.040625 0.053125 0.0796875
2 0.928125 0.0296875 0.0640625 0.059375
2 0.846875 0.09296875 0.0578125 0.06875
2 0.875 0.21328125 0.0625 0.06875
2 0.93671875 0.2984375 0.0546875 0.05625
2 0.5859375 0.9515625 0.06875 0.0875
2 0.8703125 0.8015625 0.046875 0.059375
2 0.92421875 0.6609375 0.0515625 0.059375
2 0.94609375 0.64453125 0.0609375 0.0671875
2 0.85859375 0.61484375 0.0640625 0.05
2 0.89609375 0.57421875 0.0671875 0.0625
2 0.8953125 0.5046875 0.0609375 0.0625
1 0.946875 0.54609375 0.05625 0.0796875
2 0.97265625 0.471875 0.0546875 0.075
2 0.87578125 0.3640625 0.0609375 0.0640625
2 0.81875 0.46015625 0.0421875 0.059375
2 0.99140625 0.7328125 0.0140625 0.071875