3 0.1328125 0.80546875 0.1109375 0.046875
3 0.415625 0.32265625 0.1015625 0.0734375
3 0.4578125 0.07890625 0.084375 0.04375
3 0.47734375 0.715625 0.1109375 0.075
3 0.04296875 0.67890625 0.0859375 0.0625
4 0.0765625 0.909375 0.059375 0.0734375
3 0.96796875 0.65078125 0.059375 0.0734375
3 0.7359375 0.09375 0.1046875 0.0765625
4 0.68125 0.384375 0.0578125 0.08125
3 0.796875 0.228125 0.1078125 0.0671875
2 0.09140625 0.97421875 0.0671875 0.0515625
4 0.18984375 0.9796875 0.0640625 0.040625
2 0.04375 0.84453125 0.0609375 0.0796875
2 0.03671875 0.75859375 0.071875 0.0859375
2 0.21015625 0.85625 0.078125 0.071875
2 0.234375 0.784375 0.065625 0.0671875
2 0.2171875 0.69609375 0.046875 0.0671875
2 0.25703125 0.66875 0.0546875 0.075
1 0.2703125 0.59375 0.05 0.0734375
2 0.0859375 0.6078125 0.0578125 0.0703125
1 0.29765625 0.49296875 0.0515625 0.078125
2 0.21015625 0.44921875 0.05625 0.065625
2 0.3515625 0.8546875 0.0609375 0.08125
2 0.4453125 0.87109375 0.065625 0.0734375
2 0.49375 0.9046875 0.053125 0.0828125
2 0.5140625 0.8296875 0.0640625 0.084375
2 0.578125 0.71875 0.06875 0.0890625
2 0.4515625 0.653125 0.075 0.096875
2 0.48984375 0.59375 0.05625 0.0578125
2 0.584375 0.5546875 0.0640625 0.0640625
2 0.62109375 0.62578125 0.0578125 0.0765625
2 0.68125 0.6390625 0.05 0.075
2 0.68671875 0.9078125 0.0625 0.0921875
1 0.646875 0.50703125 0.0609375 0.08125
1 0.52421875 0.44140625 0.0578125 0.08125
2 0.4453125 0.4609375 0.0765625 0.078125
2 0.390625 0.3796875 0.0515625 0.0703125
2 0.2578125 0.409375 0.0515625 0.065625
1 0.196875 0.32890625 0.0484375 0.0734375
4 0.08359375 0.34375 0.046875 0.0765625
2 0.0859375 0.1640625 0.065625 0.0734375
2 0.01484375 0.12890625 0.0296875 0.0671875
1 0.0859375 0.0234375 0.053125 0.040625
2 0.16171875 0.1171875 0.071875 0.0609375
2 0.3109375 0.17734375 0.0578125 0.0765625
2 0.25546875 0.2046875 0.0640625 0.0625
2 0.28359375 0.29453125 0.0734375 0.0703125
2 0.3296875 0.3046875 0.0484375 0.059375
2 0.490625 0.3640625 0.0515625 0.0625
3 0.56875 0.35 0.059375 0.08125
2 0.603125 0.23125 0.0671875 0.0890625
2 0.57890625 0.1859375 0.0578125 0.078125
1 0.53046875 0.253125 0.05 0.065625
1 0.65546875 0.19921875 0.059375 0.0890625
1 0.440625 0.13984375 0.05625 0.071875
2 0.51328125 0.1 0.05625 0.078125
2 0.43515625 0.02890625 0.0796875 0.0578125
2 0.32734375 0.009375 0.05 0.01875
2 0.6640625 0.01953125 0.04375 0.0390625
2 0.6171875 0.3984375 0.05625 0.08125
2 0.753125 0.9765625 0.046875 0.046875
1 0.86328125 0.875 0.0484375 0.06875
2 0.7234375 0.81796875 0.0546875 0.0703125
1 0.82109375 0.7890625 0.0484375 0.0734375
1 0.778125 0.6875 0.0578125 0.0890625
2 0.81328125 0.58125 0.0515625 0.078125
1 0.83828125 0.6453125 0.0546875 0.065625
2 0.87578125 0.5859375 0.05625 0.06875
2 0.9140625 0.66875 0.059375 0.0734375
1 0.9375 0.7578125 0.059375 0.08125
2 0.91640625 0.86640625 0.059375 0.0734375
2 0.978125 0.8734375 0.04375 0.0671875
2 0.9828125 0.97890625 0.0328125 0.0359375
2 0.93828125 0.9875 0.04375 0.025
2 0.97421875 0.6953125 0.05 0.065625
2 0.978125 0.56953125 0.0359375 0.0734375
2 0.80546875 0.50546875 0.05625 0.0609375
2 0.77109375 0.44296875 0.05625 0.0734375
2 0.8421875 0.4140625 0.071875 0.0921875
2 0.97265625 0.45546875 0.0484375 0.06875
2 0.771875 0.37265625 0.046875 0.059375
2 0.709375 0.2671875 0.05625 0.0859375
1 0.95546875 0.259375 0.0484375 0.065625
1 0.93046875 0.1796875 0.05625 0.0703125
4 0.9515625 0.07734375 0.065625 0.0671875
1 0.88359375 0.04140625 0.05625 0.071875
2 0.80390625 0.034375 0.0640625 0.06875