4 0.61875 0.62265625 0.0671875 0.0921875
3 0.4625 0.3125 0.0734375 0.0421875
3 0.45703125 0.3375 0.05625 0.021875
3 0.728125 0.178125 0.1015625 0.1046875
3 0.4046875 0.071875 0.065625 0.0765625
3 0.2421875 0.7796875 0.1046875 0.1234375
0 0.4359375 0.1265625 0.0671875 0.0578125
2 0.45859375 0.1421875 0.046875 0.0578125
4 0.54453125 0.96171875 0.0625 0.071875
3 0.196875 0.08359375 0.078125 0.0359375
3 0.04609375 0.28203125 0.0859375 0.0609375
2 0.0578125 0.31875 0.05625 0.059375
3 0.14375 0.7921875 0.1078125 0.065625
1 0.98359375 0.0203125 0.0328125 0.040625
2 0.9796875 0.08828125 0.040625 0.0703125
2 0.94296875 0.13203125 0.0421875 0.046875
2 0.87890625 0.0296875 0.065625 0.05625
1 0.88125 0.09921875 0.065625 0.078125
2 0.8140625 0.02578125 0.071875 0.0515625
1 0.759375 0.0515625 0.0515625 0.08125
2 0.72578125 0.01171875 0.0578125 0.0234375
2 0.6203125 0.02578125 0.05 0.0453125
2 0.459375 0.03046875 0.065625 0.0609375
2 0.490625 0.078125 0.05625 0.0828125
2 0.84453125 0.1421875 0.0453125 0.0671875
2 0.97265625 0.21328125 0.05 0.0703125
2 0.94765625 0.31875 0.053125 0.0796875
1 0.85546875 0.2703125 0.05625 0.075
2 0.9265625 0.37109375 0.059375 0.071875
1 0.965625 0.43671875 0.046875 0.0859375
2 0.940625 0.575 0.0625 0.0890625
2 0.9859375 0.59453125 0.0265625 0.078125
2 0.83359375 0.45546875 0.0625 0.08125
2 0.87890625 0.51171875 0.0828125 0.0875
2 0.88359375 0.58828125 0.0515625 0.0875
2 0.753125 0.38359375 0.0671875 0.090625
2 0.64921875 0.26015625 0.0421875 0.0703125
1 0.7921875 0.60234375 0.053125 0.0703125
1 0.834375 0.703125 0.0609375 0.078125
2 0.865625 0.7765625 0.0796875 0.08125
2 0.971875 0.7515625 0.0453125 0.071875
1 0.98671875 0.884375 0.0265625 0.071875
1 0.78671875 0.78046875 0.05625 0.08125
2 0.75546875 0.8546875 0.0546875 0.08125
1 0.69140625 0.83046875 0.0546875 0.084375
2 0.75546875 0.90703125 0.0546875 0.078125
1 0.8046875 0.9765625 0.065625 0.04375
1 0.871875 0.96171875 0.0515625 0.0640625
1 0.5625 0.6671875 0.0578125 0.0625
1 0.46875 0.6625 0.05625 0.075
1 0.459375 0.4859375 0.0578125 0.0640625
2 0.6078125 0.484375 0.0625 0.078125
1 0.6140625 0.71796875 0.065625 0.0703125
2 0.5234375 0.809375 0.05 0.0796875
2 0.51328125 0.87265625 0.059375 0.0671875
2 0.378125 0.82421875 0.059375 0.0859375
2 0.42109375 0.88359375 0.06875 0.09375
2 0.3875 0.73515625 0.0515625 0.059375
1 0.39140625 0.63203125 0.0578125 0.06875
2 0.553125 0.4328125 0.0609375 0.06875
2 0.5546875 0.3765625 0.0484375 0.0625
2 0.51015625 0.359375 0.05 0.0671875
2 0.334375 0.3578125 0.071875 0.0765625
2 0.2875 0.496875 0.0578125 0.084375
1 0.309375 0.746875 0.0546875 0.0703125
2 0.478125 0.97578125 0.0625 0.0484375
1 0.2953125 0.975 0.05 0.05
2 0.29140625 0.84296875 0.071875 0.0890625
2 0.509375 0.2046875 0.078125 0.0859375
2 0.37265625 0.28046875 0.0515625 0.065625
2 0.38125 0.32734375 0.059375 0.05625
2 0.33515625 0.165625 0.0546875 0.0671875
2 0.36328125 0.09453125 0.0578125 0.08125
2 0.30546875 0.0875 0.05 0.08125
1 0.278125 0.025 0.0578125 0.05
2 0.1859375 0.01171875 0.05 0.0234375
2 0.1875 0.04921875 0.065625 0.0609375
1 0.11875 0.03046875 0.065625 0.0609375
2 0.21015625 0.159375 0.05625 0.065625
1 0.16796875 0.16875 0.0546875 0.0703125
2 0.2578125 0.2109375 0.059375 0.0671875
1 0.16328125 0.30625 0.0578125 0.078125
2 0.0546875 0.153125 0.078125 0.0921875
1 0.12578125 0.36640625 0.0484375 0.0765625
1 0.08515625 0.3859375 0.0546875 0.065625
1 0.09609375 0.459375 0.05625 0.0734375
2 0.16640625 0.46796875 0.0546875 0.0796875
1 0.14140625 0.50859375 0.0546875 0.0765625
2 0.1546875 0.65078125 0.05625 0.0703125
1 0.07421875 0.8453125 0.0578125 0.1
2 0.12890625 0.871875 0.0515625 0.078125
1 0.16484375 0.9234375 0.059375 0.0671875
2 0.18671875 0.9765625 0.0765625 0.046875
2 0.01796875 0.86328125 0.0359375 0.0984375
1 0.05234375 0.97734375 0.0578125 0.0421875
2 0.009375 0.9671875 0.01875 0.065625
2 0.01015625 0.375 0.0203125 0.075