2 0.515625 0.51640625 0.0703125 0.0859375
2 0.45703125 0.671875 0.0578125 0.0921875
2 0.55 0.778125 0.0859375 0.1
2 0.5703125 0.84765625 0.053125 0.0703125
2 0.62265625 0.80703125 0.05625 0.078125
2 0.62421875 0.90546875 0.0625 0.084375
2 0.42109375 0.88359375 0.0640625 0.075
2 0.41953125 0.77421875 0.0625 0.0625
2 0.24453125 0.8453125 0.0578125 0.075
2 0.171875 0.93828125 0.0578125 0.075
2 0.234375 0.68359375 0.075 0.08125
2 0.29296875 0.6109375 0.0734375 0.0796875
2 0.303125 0.4953125 0.05 0.0734375
2 0.36015625 0.4140625 0.075 0.0921875
2 0.23671875 0.42265625 0.053125 0.0734375
2 0.21484375 0.3578125 0.046875 0.08125
2 0.16171875 0.35859375 0.053125 0.0734375
2 0.0875 0.14375 0.05625 0.0765625
2 0.43515625 0.3484375 0.05625 0.075
2 0.4734375 0.2828125 0.05625 0.0796875
2 0.515625 0.1703125 0.0703125 0.1
2 0.58046875 0.2265625 0.0578125 0.0859375
2 0.46015625 0.0671875 0.0578125 0.0734375
2 0.50859375 0.08984375 0.053125 0.06875
2 0.68828125 0.3546875 0.0578125 0.075
2 0.8 0.42421875 0.0625 0.090625
2 0.7953125 0.31796875 0.0703125 0.1015625
2 0.8921875 0.4140625 0.0578125 0.0984375
2 0.8953125 0.13359375 0.05625 0.06875
2 0.81875 0.0875 0.0625 0.0828125
4 0.9453125 0.15390625 0.053125 0.0859375
2 0.8984375 0.26484375 0.0375 0.0625
2 0.909375 0.21953125 0.059375 0.06875
2 0.94375 0.29375 0.05 0.0734375
2 0.771875 0.70078125 0.0625 0.0890625
2 0.73671875 0.7984375 0.0703125 0.0796875
2 0.784375 0.965625 0.065625 0.06875
2 0.8875 0.7578125 0.0765625 0.0734375
2 0.92109375 0.9609375 0.053125 0.075
2 0.97265625 0.49921875 0.0546875 0.0734375
2 0.9234375 0.6890625 0.0453125 0.0765625
3 0.234375 0.5390625 0.09375 0.0765625
0 0.07734375 0.54453125 0.08125 0.0484375
3 0.38359375 0.6046875 0.08125 0.0546875
3 0.31015625 0.90546875 0.084375 0.0765625
0 0.765625 0.61484375 0.084375 0.0734375
0 0.8375 0.63203125 0.0953125 0.06875
3 0.9515625 0.6640625 0.0515625 0.10625
3 0.66171875 0.20078125 0.1140625 0.0390625
0 0.74921875 0.1890625 0.078125 0.1125
3 0.26171875 0.2859375 0.0609375 0.1109375
0 0.278125 0.3703125 0.0609375 0.06875
1 0.0640625 0.459375 0.0546875 0.075
1 0.03828125 0.23046875 0.059375 0.075
1 0.0546875 0.07109375 0.059375 0.08125
2 0.66953125 0.9671875 0.0515625 0.0578125
0 0.9015625 0.88828125 0.08125 0.05625
2 0.9546875 0.5640625 0.05 0.071875
2 0.703125 0.07578125 0.0765625 0.0765625
0 0.6296875 0.1859375 0.0578125 0.0734375
4 0.23359375 0.02421875 0.0640625 0.0484375
2 0.6140625 0.0421875 0.0671875 0.0828125
2 0.13203125 0.29765625 0.0578125 0.04375
2 0.01328125 0.36875 0.0171875 0.0765625
2 0.4125 0.9796875 0.05625 0.028125
2 0.93984375 0.825 0.065625 0.0625
2 0.853125 0.02109375 0.0859375 0.0359375