3 0.81484375 0.21796875 0.0734375 0.06875
3 0.66875 0.47421875 0.0984375 0.075
3 0.5171875 0.49375 0.0765625 0.0796875
0 0.04296875 0.12109375 0.046875 0.0734375
4 0.0734375 0.08828125 0.0625 0.0890625
0 0.46796875 0.571875 0.06875 0.075
0 0.57890625 0.9265625 0.06875 0.053125
4 0.62734375 0.82109375 0.05625 0.078125
3 0.5265625 0.10390625 0.0828125 0.0859375
3 0.6390625 0.2640625 0.0734375 0.046875
3 0.28203125 0.09765625 0.040625 0.090625
0 0.51171875 0.83046875 0.0859375 0.0421875
0 0.1234375 0.95390625 0.071875 0.0765625
1 0.071875 0.84296875 0.0625 0.071875
1 0.70078125 0.41640625 0.0625 0.0796875
1 0.92578125 0.41171875 0.0625 0.075
0 0.71015625 0.834375 0.0703125 0.0515625
1 0.9171875 0.71171875 0.071875 0.096875
2 0.97734375 0.06328125 0.040625 0.08125
2 0.9375 0.01484375 0.05625 0.0296875
1 0.85859375 0.04921875 0.05 0.0734375
2 0.78359375 0.0640625 0.0546875 0.078125
2 0.7140625 0.02734375 0.0546875 0.0515625
2 0.90703125 0.1546875 0.0546875 0.075
2 0.83203125 0.1578125 0.0578125 0.0703125
2 0.78046875 0.159375 0.046875 0.0609375
1 0.70078125 0.2046875 0.0546875 0.071875
2 0.6125 0.1140625 0.0625 0.05625
2 0.77734375 0.27421875 0.0640625 0.071875
2 0.753125 0.33359375 0.046875 0.0546875
2 0.88359375 0.32109375 0.0546875 0.06875
2 0.975 0.315625 0.0421875 0.078125
2 0.7734375 0.4046875 0.05625 0.084375
2 0.6109375 0.32890625 0.040625 0.0734375
1 0.57265625 0.2578125 0.053125 0.0671875
2 0.5625 0.16484375 0.0609375 0.0609375
2 0.46015625 0.28984375 0.0625 0.0734375
2 0.48125 0.40625 0.0421875 0.0671875
2 0.990625 0.58671875 0.01875 0.0609375
2 0.98515625 0.96328125 0.025 0.065625
2 0.83203125 0.87578125 0.0671875 0.065625
2 0.83203125 0.90546875 0.03125 0.028125
2 0.82890625 0.93671875 0.05625 0.0625
1 0.75859375 0.73984375 0.0609375 0.0796875
2 0.58984375 0.68125 0.0484375 0.065625
2 0.63046875 0.66953125 0.059375 0.075
2 0.66640625 0.75625 0.0546875 0.0703125
1 0.56875 0.7828125 0.0546875 0.065625
2 0.559375 0.865625 0.05625 0.0640625
2 0.56953125 0.9921875 0.0421875 0.015625
3 0.38125 0.08359375 0.059375 0.0875
2 0.346875 0.021875 0.0390625 0.04375
2 0.30703125 0.03203125 0.0421875 0.0640625
2 0.359375 0.1640625 0.05625 0.0875
2 0.2984375 0.271875 0.0515625 0.0671875
2 0.21796875 0.2796875 0.053125 0.0703125
2 0.26328125 0.3734375 0.0546875 0.0765625
2 0.41484375 0.43359375 0.0640625 0.0734375
2 0.37265625 0.48828125 0.0546875 0.05625
2 0.33828125 0.52734375 0.0546875 0.06875
1 0.18359375 0.375 0.059375 0.0765625
2 0.20703125 0.44296875 0.05 0.05625
2 0.24296875 0.50546875 0.0578125 0.0765625
1 0.0953125 0.37734375 0.0578125 0.0703125
1 0.06953125 0.29296875 0.0546875 0.0703125
1 0.05703125 0.01875 0.0578125 0.0375
2 0.00859375 0.07734375 0.0140625 0.0546875
2 0.0125 0.1328125 0.021875 0.06875
2 0.015625 0.353125 0.03125 0.0578125
2 0.03671875 0.3546875 0.0515625 0.084375
2 0.20625 0.5703125 0.065625 0.065625
3 0.23515625 0.628125 0.065625 0.0828125
2 0.228125 0.625 0.0375 0.0296875
1 0.33515625 0.60390625 0.05 0.0765625
2 0.359375 0.68359375 0.0578125 0.08125
2 0.29453125 0.7109375 0.04375 0.0609375
2 0.37734375 0.77109375 0.0515625 0.0640625
2 0.3078125 0.803125 0.059375 0.0609375
1 0.36171875 0.87265625 0.059375 0.0875
2 0.23046875 0.89765625 0.065625 0.075
2 0.24609375 0.965625 0.0640625 0.0578125
2 0.184375 0.9578125 0.0546875 0.0625
2 0.0546875 0.653125 0.0609375 0.0734375
2 0.015625 0.53046875 0.03125 0.084375
2 0.0078125 0.6359375 0.015625 0.0640625
1 0.0234375 0.9796875 0.046875 0.040625