3 0.19765625 0.53984375 0.1546875 0.265625
0 0.615625 0.61953125 0.1421875 0.2515625
0 0.6890625 0.95390625 0.221875 0.0921875
0 0.85390625 0.89375 0.115625 0.2125
0 0.71015625 0.0984375 0.1578125 0.1765625
3 0.94375 0.54765625 0.0921875 0.26875
1 0.3796875 0.14609375 0.1625 0.1734375
1 0.46796875 0.34609375 0.1625 0.2375
1 0.95859375 0.07265625 0.0828125 0.1453125
2 0.82421875 0.14921875 0.1703125 0.253125
2 0.26875 0.8421875 0.1421875 0.2265625
2 0.35546875 0.48828125 0.1328125 0.2015625
2 0.61015625 0.35390625 0.1484375 0.1875
2 0.821875 0.6703125 0.153125 0.196875
2 0.84765625 0.32421875 0.153125 0.165625
2 0.584375 0.19453125 0.140625 0.1734375
2 0.98046875 0.3265625 0.0390625 0.196875
2 0.15390625 0.85390625 0.128125 0.184375
2 0.196875 0.96640625 0.16875 0.0671875
2 0.25625 0.440625 0.1375 0.1609375
2 0.36484375 0.66171875 0.1484375 0.1859375
1 0.68046875 0.046875 0.1484375 0.09375
2 0.9484375 0.96875 0.103125 0.0625
2 0.85546875 0.47421875 0.1546875 0.1828125