1 0.15234375 0.15078125 0.134375 0.1765625
1 0.7234375 0.096875 0.159375 0.1921875
1 0.378125 0.37265625 0.1578125 0.171875
1 0.45234375 0.5921875 0.134375 0.2
1 0.24453125 0.48203125 0.1828125 0.1703125
1 0.09140625 0.2828125 0.11875 0.15
1 0.56484375 0.13515625 0.1234375 0.1625
1 0.6046875 0.6609375 0.121875 0.1921875
1 0.83359375 0.85234375 0.1328125 0.1421875
1 0.0875 0.62265625 0.1125 0.1421875
1 0.2671875 0.83125 0.1359375 0.175
0 0.1203125 0.76015625 0.2046875 0.1359375
2 0.6109375 0.415625 0.140625 0.1671875
2 0.94375 0.5296875 0.1125 0.153125
1 0.8375 0.6375 0.121875 0.1640625
2 0.7234375 0.515625 0.140625 0.321875
2 0.3625 0.2015625 0.1328125 0.178125
2 0.85625 0.0734375 0.125 0.146875
1 0.83046875 0.2375 0.13125 0.19375
2 0.2828125 0.63046875 0.1296875 0.1546875
2 0.3625 0.734375 0.1515625 0.1828125
1 0.3328125 0.9703125 0.11875 0.059375
1 0.6921875 0.96015625 0.1375 0.0796875
2 0.0296875 0.52734375 0.059375 0.1890625
2 0.1484375 0.02734375 0.125 0.0546875
2 0.315625 0.0125 0.121875 0.025
2 0.51796875 0.01796875 0.1453125 0.0359375
2 0.5328125 0.9296875 0.11875 0.0921875
2 0.51640625 0.96953125 0.1296875 0.0609375
2 0.975 0.25859375 0.05 0.1453125
2 0.97578125 0.03828125 0.0484375 0.0765625
2 0.03984375 0.96171875 0.0796875 0.0765625
2 0.97734375 0.85625 0.0453125 0.125
2 0.9734375 0.703125 0.053125 0.134375
2 0.96015625 0.7875 0.0796875 0.121875