1 0.31640625 0.55 0.1625 0.20625
1 0.06875 0.6984375 0.1375 0.271875
1 0.51953125 0.05625 0.1390625 0.1125
1 0.4375 0.40546875 0.2578125 0.240625
1 0.1609375 0.109375 0.184375 0.21875
1 0.57265625 0.9515625 0.1546875 0.096875
2 0.73984375 0.121875 0.19375 0.2140625
2 0.70234375 0.89140625 0.2140625 0.13125
2 0.75234375 0.79140625 0.1375 0.184375
2 0.928125 0.91171875 0.14375 0.1671875
2 0.92421875 0.11640625 0.1515625 0.2140625
1 0.93125 0.334375 0.1375 0.2
1 0.95625 0.5359375 0.0875 0.23125
1 0.03671875 0.05703125 0.0734375 0.1140625
1 0.084375 0.95703125 0.15 0.0859375