3 0.56015625 0.28828125 0.15625 0.275
0 0.909375 0.403125 0.1234375 0.196875
4 0.2265625 0.54921875 0.0921875 0.2546875
2 0.459375 0.89921875 0.140625 0.1953125
2 0.68203125 0.9484375 0.1390625 0.103125
2 0.81328125 0.8671875 0.1390625 0.196875
1 0.825 0.68515625 0.1828125 0.1890625
2 0.96640625 0.89765625 0.0671875 0.1734375
1 0.45703125 0.56484375 0.153125 0.1828125
2 0.9140625 0.08203125 0.15 0.1640625
2 0.66484375 0.51328125 0.134375 0.1875
2 0.65859375 0.25 0.13125 0.1953125
1 0.3328125 0.096875 0.184375 0.19375
3 0.94921875 0.51171875 0.1 0.2125
2 0.98515625 0.7171875 0.0296875 0.20625
0 0.3328125 0.5640625 0.096875 0.221875
2 0.96484375 0.0234375 0.0703125 0.046875
2 0.5078125 0.40703125 0.1171875 0.175