1 0.68359375 0.55 0.1625 0.20625
1 0.93125 0.6984375 0.1375 0.271875
1 0.48046875 0.05625 0.1390625 0.1125
1 0.5625 0.40546875 0.2578125 0.240625
1 0.8390625 0.109375 0.184375 0.21875
1 0.42734375 0.9515625 0.1546875 0.096875
2 0.26015625 0.121875 0.19375 0.2140625
2 0.29765625 0.89140625 0.2140625 0.13125
2 0.24765625 0.79140625 0.1375 0.184375
2 0.071875 0.91171875 0.14375 0.1671875
2 0.07578125 0.11640625 0.1515625 0.2140625
1 0.06875 0.334375 0.1375 0.2
1 0.04375 0.5359375 0.0875 0.23125
1 0.96328125 0.05703125 0.0734375 0.1140625
1 0.915625 0.95703125 0.15 0.0859375