1 0.66484375 0.11796875 0.1234375 0.1671875
1 0.6703125 0.2953125 0.1546875 0.1671875
1 0.89375 0.5078125 0.1375 0.1546875
1 0.43203125 0.8921875 0.1359375 0.1703125
1 0.3203125 0.92265625 0.15 0.1546875
1 0.26796875 0.77421875 0.134375 0.1734375
1 0.128125 0.7875 0.140625 0.1984375
2 0.36796875 0.4515625 0.146875 0.178125
2 0.39296875 0.1734375 0.1546875 0.1703125
2 0.5921875 0.4734375 0.1421875 0.16875
2 0.79609375 0.28203125 0.1265625 0.215625
2 0.7421875 0.43515625 0.1234375 0.1640625
2 0.6 0.690625 0.121875 0.203125
2 0.05234375 0.3390625 0.1046875 0.184375
2 0.36796875 0.7203125 0.15 0.18125
2 0.0640625 0.5125 0.128125 0.175
2 0.06328125 0.62578125 0.1265625 0.2046875
1 0.74609375 0.57421875 0.146875 0.1578125
3 0.70390625 0.80078125 0.125 0.2109375
0 0.47578125 0.71484375 0.1296875 0.265625
2 0.94921875 0.684375 0.1015625 0.246875
0 0.990625 0.096875 0.01875 0.19375
1 0.9796875 0.1984375 0.0109375 0.034375
2 0.60390625 0.971875 0.1390625 0.05625
2 0.30078125 0.18515625 0.1265625 0.1984375
2 0.209375 0.1546875 0.125 0.178125