1 0.21328125 0.23984375 0.1421875 0.203125
0 0.54609375 0.765625 0.2421875 0.1453125
2 0.6078125 0.25546875 0.1671875 0.228125
2 0.440625 0.29921875 0.1578125 0.2109375
2 0.07265625 0.3390625 0.1453125 0.234375
2 0.8171875 0.7140625 0.1765625 0.2421875
2 0.85546875 0.2421875 0.1390625 0.203125
1 0.6234375 0.5796875 0.175 0.2078125
1 0.33359375 0.93671875 0.1421875 0.1265625
1 0.92109375 0.51171875 0.1578125 0.1921875
2 0.14453125 0.9046875 0.1453125 0.184375
2 0.590625 0.96953125 0.1625 0.0609375
2 0.8375 0.98125 0.1625 0.0375
1 0.34921875 0.03203125 0.1984375 0.0640625
1 0.6609375 0.0328125 0.134375 0.065625
2 0.80625 0.084375 0.184375 0.16875
2 0.9546875 0.03671875 0.090625 0.0734375
2 0.96171875 0.30625 0.0765625 0.203125
2 0.0609375 0.91953125 0.121875 0.1609375