1 0.17578125 0.91484375 0.203125 0.1046875
3 0.14609375 0.5921875 0.1546875 0.2203125
3 0.4046875 0.7296875 0.1421875 0.2109375
3 0.7453125 0.34765625 0.1390625 0.2
4 0.83359375 0.5625 0.15 0.1953125
4 0.9046875 0.75 0.165625 0.225
4 0.58046875 0.80234375 0.1390625 0.1703125
0 0.67265625 0.7671875 0.1125 0.184375
4 0.47734375 0.08515625 0.1234375 0.165625
4 0.70234375 0.1375 0.1578125 0.1953125
4 0.15390625 0.04765625 0.1421875 0.0953125
4 0.0625 0.42578125 0.125 0.2609375
1 0.95390625 0.9265625 0.0921875 0.1359375
4 0.953125 0.39140625 0.09375 0.1890625
4 0.92890625 0.12734375 0.1421875 0.2046875