0 0.20703125 0.68984375 0.1265625 0.225
0 0.4796875 0.71484375 0.1140625 0.2453125
2 0.621875 0.334375 0.1171875 0.140625
2 0.95078125 0.47109375 0.0984375 0.2453125
2 0.65078125 0.16875 0.109375 0.1421875
2 0.43515625 0.61171875 0.1265625 0.1328125
1 0.78828125 0.4375 0.1609375 0.184375
1 0.23984375 0.3453125 0.159375 0.1953125
1 0.45703125 0.228125 0.146875 0.171875
1 0.0421875 0.090625 0.084375 0.18125
1 0.62578125 0.85625 0.15 0.1625
1 0.8859375 0.81796875 0.128125 0.1890625
1 0.6484375 0.60625 0.1671875 0.2
1 0.78046875 0.18515625 0.134375 0.1890625
1 0.05 0.69375 0.1 0.159375
2 0.40234375 0.9046875 0.1375 0.1609375
2 0.04609375 0.86953125 0.0921875 0.2015625
2 0.34375 0.053125 0.14375 0.10625
1 0.215625 0.0953125 0.1734375 0.1765625
2 0.76640625 0.9265625 0.1140625 0.1375
2 0.96953125 0.19296875 0.0609375 0.1609375
2 0.96484375 0.05234375 0.0703125 0.1046875
1 0.15703125 0.0203125 0.1609375 0.040625
2 0.51015625 0.93828125 0.1453125 0.1234375