0 0.25546875 0.71953125 0.1015625 0.20625
3 0.51171875 0.7421875 0.1046875 0.2296875
2 0.6453125 0.38515625 0.1046875 0.128125
2 0.95390625 0.51328125 0.0921875 0.2296875
2 0.86875 0.04453125 0.103125 0.0890625
2 0.671875 0.2296875 0.10625 0.1359375
2 0.46953125 0.6453125 0.115625 0.1203125
1 0.8015625 0.48203125 0.1359375 0.159375
1 0.2859375 0.3953125 0.146875 0.1828125
1 0.490625 0.2859375 0.1375 0.1625
1 0.07109375 0.1515625 0.1421875 0.18125
1 0.64921875 0.875 0.1359375 0.1484375
1 0.89296875 0.8390625 0.13125 0.1828125
1 0.66953125 0.640625 0.1609375 0.19375
1 0.79375 0.24453125 0.1265625 0.1765625
1 0.0953125 0.71953125 0.125 0.15625
2 0.4390625 0.92109375 0.1203125 0.14375
2 0.07421875 0.8875 0.1296875 0.1890625
2 0.384375 0.08359375 0.134375 0.1671875
1 0.26328125 0.1609375 0.16875 0.171875
2 0.78203125 0.9390625 0.1046875 0.121875
2 0.97109375 0.25390625 0.0578125 0.1515625
2 0.9640625 0.08515625 0.071875 0.1703125
1 0.209375 0.05234375 0.15 0.1046875
2 0.54296875 0.94921875 0.1390625 0.1015625