0 0.1890625 0.44375 0.1265625 0.1796875
3 0.590625 0.265625 0.1359375 0.253125
0 0.7421875 0.459375 0.16875 0.115625
3 0.9578125 0.4140625 0.084375 0.26875
3 0.83515625 0.27265625 0.1046875 0.265625
0 0.88984375 0.84453125 0.159375 0.1796875
2 0.44296875 0.35703125 0.165625 0.1828125
2 0.76328125 0.7296875 0.14375 0.190625
2 0.89765625 0.653125 0.1234375 0.18125
2 0.07734375 0.55625 0.1375 0.203125
2 0.24609375 0.69921875 0.1921875 0.1703125
2 0.42734375 0.89453125 0.1515625 0.2109375
2 0.06796875 0.27421875 0.1359375 0.2421875
2 0.7234375 0.56640625 0.1296875 0.1140625
3 0.85390625 0.11953125 0.1484375 0.190625
2 0.3046875 0.18125 0.15 0.203125
2 0.67265625 0.11484375 0.1015625 0.15
2 0.5390625 0.05234375 0.134375 0.1046875
2 0.059375 0.0453125 0.11875 0.090625
2 0.05546875 0.77421875 0.1109375 0.1640625
0 0.59453125 0.9359375 0.084375 0.128125
1 0.84921875 0.94921875 0.1390625 0.1015625
2 0.9671875 0.9484375 0.065625 0.103125
3 0.1 0.9203125 0.175 0.159375
1 0.94609375 0.2203125 0.1078125 0.190625
2 0.34375 0.94921875 0.1125 0.1015625
2 0.23046875 0.92265625 0.1265625 0.1546875
2 0.7265625 0.04375 0.128125 0.0875
2 0.978125 0.65859375 0.04375 0.1453125
2 0.5203125 0.95234375 0.115625 0.0953125