3 0.3890625 0.19140625 0.0796875 0.2234375
0 0.5328125 0.62890625 0.19375 0.1734375
0 0.89765625 0.45625 0.16875 0.165625
2 0.07109375 0.7578125 0.1421875 0.20625
3 0.17421875 0.80234375 0.1453125 0.209375
0 0.7109375 0.3984375 0.159375 0.2296875
2 0.809375 0.25 0.178125 0.2421875
2 0.94609375 0.27734375 0.1078125 0.2109375
2 0.7234375 0.6953125 0.1796875 0.2359375
2 0.14140625 0.17578125 0.2046875 0.2640625
2 0.41796875 0.81328125 0.2015625 0.2359375
2 0.334375 0.95859375 0.18125 0.0828125
2 0.51796875 0.946875 0.1765625 0.10625
2 0.96484375 0.76328125 0.0703125 0.2421875
3 0.53046875 0.31171875 0.0921875 0.17265625
2 0.584375 0.48046875 0.178125 0.1890625
2 0.91015625 0.1046875 0.1734375 0.209375
2 0.928125 0.9703125 0.14375 0.059375
2 0.66875 0.0328125 0.140625 0.065625
2 0.4703125 0.034375 0.171875 0.06875
2 0.975 0.49921875 0.05 0.2203125
2 0.02734375 0.08828125 0.0546875 0.1765625
0 0.459375 0.296875 0.09140625 0.1875