1 0.3484375 0.615625 0.1765625 0.215625
1 0.084375 0.7609375 0.1453125 0.259375
1 0.54765625 0.09140625 0.1359375 0.1828125
1 0.4671875 0.47265625 0.24375 0.2296875
1 0.19453125 0.17890625 0.1765625 0.2125
1 0.59921875 0.98046875 0.1484375 0.0390625
2 0.7640625 0.1921875 0.203125 0.221875
2 0.72890625 0.94296875 0.2140625 0.1140625
2 0.77734375 0.85390625 0.1390625 0.184375
2 0.9421875 0.946875 0.115625 0.10625
2 0.93125 0.1875 0.1375 0.221875
1 0.94609375 0.4015625 0.1078125 0.1875
1 0.96640625 0.6015625 0.0671875 0.228125
0 0.02578125 0.5828125 0.0515625 0.221875
1 0.05625 0.09296875 0.1125 0.1859375
1 0.896875 0.04609375 0.153125 0.0921875