1 0.65625 0.825 0.134375 0.1625
1 0.0140625 0.91953125 0.028125 0.1609375
1 0.43359375 0.44140625 0.14375 0.19375
1 0.16640625 0.6609375 0.1296875 0.1796875
1 0.06875 0.20546875 0.13125 0.1421875
1 0.53515625 0.10859375 0.140625 0.1640625
1 0.09453125 0.021875 0.1234375 0.04375
2 0.32734375 0.75 0.1921875 0.1140625
2 0.06171875 0.76171875 0.1234375 0.1453125
2 0.82109375 0.86953125 0.1703125 0.1859375
2 0.85625 0.6609375 0.13125 0.153125
2 0.7875 0.2640625 0.146875 0.184375
2 0.7109375 0.06484375 0.10625 0.1296875
2 0.62265625 0.6109375 0.115625 0.11875
2 0.36640625 0.1890625 0.1546875 0.1703125
2 0.17109375 0.328125 0.13125 0.1578125
0 0.02265625 0.3953125 0.0453125 0.15625
2 0.83359375 0.103125 0.1375 0.165625
2 0.57109375 0.28046875 0.1234375 0.165625
2 0.315625 0.04375 0.125 0.0875
2 0.31484375 0.35859375 0.125 0.16875
1 0.3625 0.8859375 0.1140625 0.1359375
2 0.73359375 0.528125 0.146875 0.146875
2 0.1375 0.8859375 0.1359375 0.1234375
1 0.92890625 0.7875 0.1421875 0.190625
2 0.884375 0.40625 0.1734375 0.2125
2 0.88046875 0.525 0.165625 0.14375
1 0.8484375 0.96875 0.15 0.0625
1 0.60390625 0.9765625 0.1484375 0.046875
2 0.459375 0.9359375 0.14375 0.128125
2 0.18203125 0.978125 0.1390625 0.04375
2 0.07734375 0.45546875 0.1375 0.1890625
1 0.95546875 0.1171875 0.0890625 0.2