0 0.4703125 0.7375 0.1609375 0.265625
0 0.1390625 0.62734375 0.0984375 0.178125
3 0.7859375 0.48984375 0.1125 0.2484375
2 0.565625 0.15703125 0.1359375 0.1875
2 0.35234375 0.08046875 0.1359375 0.1609375
2 0.23046875 0.18828125 0.1421875 0.190625
1 0.21953125 0.3609375 0.171875 0.178125
2 0.06171875 0.159375 0.1234375 0.171875
1 0.5671875 0.47421875 0.1578125 0.184375
2 0.13515625 0.92734375 0.1421875 0.1453125
2 0.37109375 0.5234375 0.128125 0.1796875
2 0.3765625 0.7734375 0.1375 0.19375
1 0.6875 0.91328125 0.175 0.1734375
3 0.1015625 0.525 0.103125 0.2046875
1 0.21796875 0.03828125 0.1609375 0.0765625
2 0.01640625 0.05625 0.0328125 0.09375
2 0.04453125 0.32890625 0.0890625 0.2015625
0 0.68515625 0.475 0.1 0.2125
2 0.07578125 0.9828125 0.0890625 0.034375
2 0.51953125 0.62421875 0.1203125 0.171875