1 0.51640625 0.4703125 0.1609375 0.203125
1 0.2828125 0.38828125 0.1765625 0.221875
1 0.09453125 0.08984375 0.1484375 0.1796875
0 0.946875 0.31015625 0.10625 0.3140625
0 0.646875 0.89296875 0.184375 0.2140625
1 0.0515625 0.734375 0.103125 0.240625
1 0.10390625 0.4296875 0.1984375 0.271875
2 0.2890625 0.9140625 0.171875 0.171875
2 0.69140625 0.3640625 0.190625 0.2375
2 0.82734375 0.68203125 0.2078125 0.2359375
2 0.96171875 0.9015625 0.0765625 0.196875
2 0.378125 0.7421875 0.1953125 0.2234375
0 0.51015625 0.9515625 0.1171875 0.096875
2 0.9765625 0.19921875 0.046875 0.2671875
2 0.17578125 0.7875 0.1453125 0.26875
2 0.91328125 0.975 0.1671875 0.05
2 0.96484375 0.60390625 0.0703125 0.2515625