1 0.52265625 0.44140625 0.146875 0.1890625
1 0.740625 0.36484375 0.1640625 0.2078125
1 0.91484375 0.08359375 0.1359375 0.1671875
3 0.09453125 0.290625 0.1625 0.3015625
0 0.4015625 0.85234375 0.1734375 0.2328125
1 0.94765625 0.68984375 0.1046875 0.2328125
1 0.90703125 0.403125 0.1640625 0.2421875
2 0.73515625 0.8828125 0.15625 0.2125
2 0.36015625 0.3421875 0.1875 0.2296875
2 0.2328125 0.640625 0.1828125 0.2109375
2 0.07265625 0.8703125 0.1453125 0.24375
2 0.6515625 0.69609375 0.190625 0.2171875
0 0.52734375 0.925 0.1109375 0.15
2 0.05390625 0.184375 0.1078125 0.25
2 0.83984375 0.73984375 0.159375 0.2625
2 0.1515625 0.94609375 0.1625 0.1078125
2 0.0734375 0.56484375 0.146875 0.2453125