1 0.54375 0.5359375 0.1484375 0.184375
1 0.4375 0.14296875 0.1828125 0.209375
3 0.6171875 0.16328125 0.1875 0.2015625
3 0.0640625 0.16875 0.115625 0.275
3 0.3046875 0.1734375 0.103125 0.1984375
2 0.22890625 0.2703125 0.15 0.190625
2 0.36328125 0.359375 0.1546875 0.190625
2 0.21015625 0.44140625 0.14375 0.16875
2 0.39765625 0.778125 0.15625 0.19375
2 0.88828125 0.3390625 0.1046875 0.1890625
2 0.92578125 0.47890625 0.1484375 0.1765625
0 0.75390625 0.45390625 0.1546875 0.13125
2 0.79375 0.30859375 0.1375 0.165625
2 0.30703125 0.84453125 0.1328125 0.1875
1 0.85625 0.6046875 0.1796875 0.23125
2 0.79765625 0.8140625 0.14375 0.1421875
2 0.928125 0.85234375 0.134375 0.184375
2 0.1359375 0.92109375 0.175 0.1578125
2 0.040625 0.7625 0.08125 0.209375
2 0.32890625 0.97890625 0.1359375 0.0421875
1 0.0734375 0.35703125 0.1390625 0.1640625
2 0.95078125 0.9359375 0.0984375 0.128125
2 0.990625 0.36640625 0.01875 0.1328125
2 0.96484375 0.703125 0.0703125 0.1875
2 0.9859375 0.58046875 0.028125 0.1234375
2 0.30234375 0.01015625 0.1140625 0.0203125
2 0.09375 0.0109375 0.06875 0.021875