0 0.15625 0.53203125 0.153125 0.2
3 0.5796875 0.71796875 0.1453125 0.265625
0 0.73984375 0.515625 0.1796875 0.1265625
3 0.9609375 0.56328125 0.078125 0.2796875
3 0.83828125 0.71015625 0.096875 0.2734375
3 0.89609375 0.1140625 0.171875 0.1890625
2 0.42421875 0.62265625 0.171875 0.1859375
2 0.76171875 0.234375 0.159375 0.2046875
2 0.90390625 0.3140625 0.1203125 0.1828125
2 0.05078125 0.4140625 0.1015625 0.203125
2 0.215625 0.265625 0.2140625 0.190625
2 0.40703125 0.08828125 0.1671875 0.1765625
2 0.0484375 0.70703125 0.096875 0.2484375
2 0.7203125 0.40390625 0.140625 0.1234375
3 0.8578125 0.86953125 0.1515625 0.1953125
2 0.278125 0.80546875 0.1453125 0.203125
2 0.665625 0.875 0.115625 0.1609375
2 0.52421875 0.940625 0.1484375 0.11875
2 0.040625 0.95 0.08125 0.1
2 0.03515625 0.18515625 0.0703125 0.1640625
0 0.5828125 0.04375 0.096875 0.0875
1 0.853125 0.0296875 0.14375 0.059375
2 0.971875 0.0296875 0.05625 0.059375
3 0.075 0.0578125 0.15 0.115625
1 0.95 0.76484375 0.1 0.1953125
2 0.31875 0.0296875 0.121875 0.059375
2 0.19921875 0.05703125 0.1359375 0.1140625
2 0.7234375 0.95234375 0.134375 0.0953125
2 0.984375 0.3078125 0.03125 0.15
2 0.50546875 0.025 0.1171875 0.05