3 0.4390625 0.534375 0.1875 0.25
1 0.14140625 0.88984375 0.115625 0.1609375
1 0.21796875 0.7625 0.1359375 0.165625
1 0.72734375 0.82109375 0.1296875 0.175
1 0.525 0.92734375 0.134375 0.1453125
1 0.41796875 0.19609375 0.134375 0.171875
1 0.90625 0.4109375 0.1390625 0.1609375
1 0.846875 0.7640625 0.1359375 0.1765625
0 0.346875 0.0453125 0.115625 0.090625
2 0.0609375 0.4625 0.121875 0.159375
2 0.16953125 0.50546875 0.11875 0.1640625
2 0.02890625 0.30546875 0.0578125 0.1734375
2 0.6203125 0.6875 0.178125 0.203125
2 0.5453125 0.05625 0.109375 0.1125
2 0.98125 0.675 0.0375 0.1625
2 0.9921875 0.9046875 0.015625 0.171875
2 0.89609375 0.96640625 0.1453125 0.0671875
1 0.2140625 0.02421875 0.134375 0.0484375
0 0.40390625 0.9265625 0.1328125 0.146875
2 0.015625 0.95625 0.03125 0.0875