3 0.11953125 0.46015625 0.125 0.2234375
3 0.28984375 0.90078125 0.1640625 0.184375
1 0.1921875 0.12578125 0.15 0.184375
1 0.0515625 0.18046875 0.103125 0.1609375
1 0.47421875 0.9390625 0.1453125 0.121875
1 0.65078125 0.89296875 0.1375 0.159375
1 0.5984375 0.040625 0.11875 0.08125
1 0.90859375 0.68125 0.121875 0.171875
2 0.44453125 0.665625 0.1484375 0.2078125
2 0.565625 0.6078125 0.125 0.203125
2 0.84140625 0.3203125 0.1515625 0.153125
2 0.91953125 0.4484375 0.1609375 0.19375
2 0.81484375 0.77265625 0.14375 0.190625
2 0.70234375 0.6859375 0.1546875 0.1859375
2 0.58359375 0.77265625 0.1796875 0.1578125
2 0.23359375 0.82109375 0.121875 0.146875
2 0.70625 0.16328125 0.1609375 0.1734375
1 0.934375 0.06875 0.13125 0.1375
2 0.86171875 0.15234375 0.1390625 0.1265625
1 0.03203125 0.771875 0.0640625 0.18125
2 0.315625 0.021875 0.128125 0.04375
2 0.01640625 0.3796875 0.0328125 0.15
2 0.9734375 0.7265625 0.053125 0.190625