1 0.478125 0.484375 0.175 0.20625
1 0.590625 0.89296875 0.190625 0.2140625
3 0.4 0.87265625 0.2046875 0.215625
3 0.96171875 0.8640625 0.0765625 0.271875
0 0.7296875 0.86171875 0.1078125 0.20625
2 0.81015625 0.7609375 0.1421875 0.1875
2 0.66796875 0.6671875 0.1609375 0.196875
2 0.8296875 0.5828125 0.171875 0.1921875
2 0.63203125 0.23125 0.1671875 0.20625
2 0.1140625 0.6890625 0.0984375 0.1921875
2 0.07421875 0.5421875 0.1484375 0.178125
0 0.25625 0.56953125 0.153125 0.1234375
2 0.2140625 0.72109375 0.1390625 0.1671875
2 0.728125 0.1625 0.1484375 0.2015625
1 0.14765625 0.4125 0.1859375 0.2390625
2 0.21015625 0.19453125 0.1609375 0.1578125
2 0.071875 0.15390625 0.128125 0.1828125
2 0.90859375 0.08125 0.1796875 0.1625
2 0.984375 0.25 0.03125 0.2125
2 0.7046875 0.02265625 0.14375 0.0453125
1 0.95390625 0.6734375 0.0921875 0.165625
2 0.053125 0.06875 0.10625 0.1375
2 0.0109375 0.66015625 0.021875 0.1359375
3 0.03671875 0.309375 0.0734375 0.196875
2 0.01328125 0.43671875 0.0265625 0.1265625