0 0.1515625 0.5609375 0.121875 0.25
0 0.6265625 0.66875 0.165625 0.1921875
3 0.49140625 0.11875 0.1109375 0.2375
0 0.90703125 0.540625 0.1359375 0.253125
2 0.29765625 0.3828125 0.115625 0.18125
2 0.45078125 0.42109375 0.1046875 0.159375
2 0.525 0.540625 0.13125 0.15625
2 0.35625 0.765625 0.153125 0.1734375
2 0.48125 0.8546875 0.15 0.1640625
2 0.615625 0.85703125 0.1484375 0.2
2 0.7046875 0.42109375 0.1578125 0.16875
2 0.696875 0.2421875 0.146875 0.190625
2 0.85625 0.2625 0.1546875 0.175
2 0.38671875 0.11953125 0.121875 0.153125
2 0.2234375 0.66328125 0.115625 0.2109375
2 0.15625 0.91875 0.125 0.1625
2 0.75 0.77578125 0.11875 0.1453125
2 0.653125 0.54375 0.13125 0.1390625
2 0.5609375 0.17578125 0.0828125 0.19375
2 0.7796875 0.9375 0.15625 0.125
2 0.096875 0.42890625 0.14375 0.1640625
2 0.2703125 0.94765625 0.13125 0.1046875
2 0.04140625 0.94140625 0.0828125 0.1171875
2 0.0296875 0.2671875 0.059375 0.171875
2 0.0328125 0.51875 0.065625 0.128125
2 0.36640625 0.0265625 0.1046875 0.053125
2 0.97734375 0.303125 0.0453125 0.190625
2 0.97265625 0.51171875 0.0546875 0.2015625
2 0.01875 0.81328125 0.0375 0.1171875
0 0.60859375 0.04140625 0.1109375 0.0828125
2 0.5359375 0.971875 0.090625 0.05625
2 0.01640625 0.6546875 0.0328125 0.1375