1 0.34375 0.175 0.134375 0.1625
1 0.9859375 0.08046875 0.028125 0.1609375
1 0.56640625 0.55859375 0.14375 0.19375
1 0.83359375 0.3390625 0.1296875 0.1796875
1 0.93125 0.79453125 0.13125 0.1421875
1 0.46484375 0.89140625 0.140625 0.1640625
1 0.90546875 0.978125 0.1234375 0.04375
2 0.67265625 0.25 0.1921875 0.1140625
2 0.93828125 0.23828125 0.1234375 0.1453125
2 0.17890625 0.13046875 0.1703125 0.1859375
2 0.14375 0.3390625 0.13125 0.153125
2 0.2125 0.7359375 0.146875 0.184375
2 0.2890625 0.93515625 0.10625 0.1296875
2 0.37734375 0.3890625 0.115625 0.11875
2 0.63359375 0.8109375 0.1546875 0.1703125
2 0.82890625 0.671875 0.13125 0.1578125
0 0.97734375 0.6046875 0.0453125 0.15625
2 0.16640625 0.896875 0.1375 0.165625
2 0.42890625 0.71953125 0.1234375 0.165625
2 0.684375 0.95625 0.125 0.0875
2 0.68515625 0.64140625 0.125 0.16875
1 0.6375 0.1140625 0.1140625 0.1359375
2 0.26640625 0.471875 0.146875 0.146875
2 0.8625 0.1140625 0.1359375 0.1234375
1 0.07109375 0.2125 0.1421875 0.190625
2 0.115625 0.59375 0.1734375 0.2125
2 0.11953125 0.475 0.165625 0.14375
1 0.1515625 0.03125 0.15 0.0625
1 0.39609375 0.0234375 0.1484375 0.046875
2 0.540625 0.0640625 0.14375 0.128125
2 0.81796875 0.021875 0.1390625 0.04375
2 0.92265625 0.54453125 0.1375 0.1890625
1 0.04453125 0.8828125 0.0890625 0.2