0 0.15625 0.46796875 0.153125 0.2
3 0.5796875 0.28203125 0.1453125 0.265625
0 0.73984375 0.484375 0.1796875 0.1265625
3 0.9609375 0.43671875 0.078125 0.2796875
3 0.83828125 0.28984375 0.096875 0.2734375
3 0.89609375 0.8859375 0.171875 0.1890625
2 0.42421875 0.37734375 0.171875 0.1859375
2 0.76171875 0.765625 0.159375 0.2046875
2 0.90390625 0.6859375 0.1203125 0.1828125
2 0.05078125 0.5859375 0.1015625 0.203125
2 0.215625 0.734375 0.2140625 0.190625
2 0.40703125 0.91171875 0.1671875 0.1765625
2 0.0484375 0.29296875 0.096875 0.2484375
2 0.7203125 0.59609375 0.140625 0.1234375
3 0.8578125 0.13046875 0.1515625 0.1953125
2 0.278125 0.19453125 0.1453125 0.203125
2 0.665625 0.125 0.115625 0.1609375
2 0.52421875 0.059375 0.1484375 0.11875
2 0.040625 0.05 0.08125 0.1
2 0.03515625 0.81484375 0.0703125 0.1640625
0 0.5828125 0.95625 0.096875 0.0875
1 0.853125 0.9703125 0.14375 0.059375
2 0.971875 0.9703125 0.05625 0.059375
3 0.075 0.9421875 0.15 0.115625
1 0.95 0.23515625 0.1 0.1953125
2 0.31875 0.9703125 0.121875 0.059375
2 0.19921875 0.94296875 0.1359375 0.1140625
2 0.7234375 0.04765625 0.134375 0.0953125
2 0.984375 0.6921875 0.03125 0.15
2 0.50546875 0.975 0.1171875 0.05