2 0.3765625 0.853125 0.1171875 0.1625
2 0.91328125 0.8140625 0.1328125 0.153125
1 0.28828125 0.234375 0.1046875 0.1546875
2 0.16328125 0.45859375 0.1625 0.1390625
0 0.42109375 0.5234375 0.1484375 0.146875
0 0.48828125 0.38125 0.15 0.1078125
2 0.190625 0.74765625 0.121875 0.1515625
1 0.74453125 0.30703125 0.1359375 0.15
1 0.94921875 0.43203125 0.1015625 0.1546875
1 0.3921875 0.103125 0.15625 0.1921875
1 0.6734375 0.75 0.1328125 0.16875
1 0.62890625 0.4921875 0.1625 0.1625
1 0.5015625 0.8375 0.13125 0.1640625
2 0.1484375 0.14140625 0.1234375 0.159375
2 0.559375 0.12109375 0.1375 0.2015625
2 0.325 0.70625 0.1171875 0.1453125
1 0.8 0.68046875 0.13125 0.165625
2 0.1234375 0.59765625 0.1203125 0.1453125
1 0.0296875 0.3515625 0.059375 0.171875
2 0.05703125 0.66484375 0.1140625 0.1828125
2 0.453125 0.9828125 0.125 0.034375
2 0.23671875 0.9765625 0.1015625 0.046875
2 0.01875 0.03359375 0.0375 0.0671875
2 0.52890625 0.021875 0.1703125 0.04375
1 0.9859375 0.07421875 0.028125 0.1484375
2 0.965625 0.5765625 0.06875 0.16875
2 0.12578125 0.01171875 0.1015625 0.0234375