3 0.50078125 0.24453125 0.1828125 0.2859375
0 0.1515625 0.36015625 0.1234375 0.196875
3 0.834375 0.50546875 0.1078125 0.259375
2 0.6015625 0.85625 0.1421875 0.196875
2 0.3796875 0.9296875 0.13125 0.140625
2 0.24765625 0.8234375 0.146875 0.2
1 0.2359375 0.64140625 0.1765625 0.184375
2 0.0640625 0.8515625 0.128125 0.175
1 0.60390625 0.521875 0.153125 0.1828125
2 0.146875 0.06015625 0.146875 0.1203125
2 0.39609375 0.4703125 0.1328125 0.184375
2 0.40234375 0.20625 0.1328125 0.196875
1 0.73125 0.071875 0.16875 0.14375
3 0.11171875 0.46796875 0.1046875 0.2140625
1 0.234375 0.96953125 0.16875 0.0609375
2 0.01875 0.95625 0.0375 0.0875
3 0.04765625 0.675 0.0953125 0.2125
3 0.728125 0.52109375 0.11875 0.228125
2 0.553125 0.3640625 0.121875 0.1765625