4 0.49609375 0.85703125 0.1953125 0.234375
1 0.65 0.1171875 0.165625 0.2140625
1 0.11171875 0.26796875 0.1359375 0.1890625
2 0.096875 0.584375 0.1765625 0.2390625
2 0.4921875 0.528125 0.159375 0.203125
2 0.4203125 0.32421875 0.1828125 0.2078125
1 0.29765625 0.1328125 0.184375 0.2109375
2 0.340625 0.60703125 0.1703125 0.1921875
2 0.15703125 0.88515625 0.1515625 0.2125
2 0.29140625 0.8109375 0.1421875 0.20625
2 0.0515625 0.90078125 0.103125 0.1984375
0 0.06640625 0.0953125 0.1328125 0.15625
2 0.83828125 0.0296875 0.1515625 0.059375
2 0.965625 0.090625 0.06875 0.18125
2 0.98828125 0.2734375 0.0234375 0.16875