0 0.26953125 0.278125 0.1171875 0.2140625
0 0.5265625 0.25546875 0.1 0.23125
2 0.66171875 0.615625 0.1125 0.134375
2 0.96640625 0.48359375 0.0671875 0.2265625
2 0.8875 0.95546875 0.1125 0.0890625
2 0.68828125 0.7734375 0.096875 0.1296875
2 0.484375 0.353125 0.1140625 0.121875
1 0.81953125 0.51796875 0.134375 0.1609375
1 0.3 0.60546875 0.146875 0.1828125
1 0.50546875 0.71640625 0.1375 0.1640625
1 0.08046875 0.853125 0.1421875 0.178125
1 0.665625 0.12109375 0.13125 0.1453125
1 0.91171875 0.15703125 0.1265625 0.18125
1 0.68671875 0.35859375 0.15 0.1859375
1 0.81171875 0.7578125 0.13125 0.18125
1 0.1078125 0.278125 0.1171875 0.15
2 0.4546875 0.07578125 0.134375 0.1515625
2 0.08671875 0.10859375 0.1421875 0.196875
2 0.4 0.9171875 0.134375 0.165625
1 0.2765625 0.84296875 0.1734375 0.175
2 0.7984375 0.059375 0.103125 0.11875
2 0.98046875 0.746875 0.0390625 0.15625
2 0.9734375 0.91640625 0.053125 0.1671875
1 0.221875 0.94609375 0.159375 0.1078125
2 0.55859375 0.05078125 0.1453125 0.1015625