0 0.59453125 0.78828125 0.1734375 0.3203125
0 0.49609375 0.4203125 0.1765625 0.15625
0 0.15390625 0.5828125 0.1703125 0.1671875
2 0.92734375 0.3 0.1453125 0.203125
3 0.8328125 0.2578125 0.1359375 0.1953125
0 0.32890625 0.63671875 0.1515625 0.21875
2 0.23671875 0.77578125 0.1734375 0.23125
2 0.07890625 0.75 0.146875 0.1921875
2 0.3171875 0.35859375 0.178125 0.228125
2 0.86328125 0.8453125 0.1828125 0.240625
2 0.60390625 0.24765625 0.1890625 0.221875
2 0.68203125 0.07265625 0.1734375 0.1453125
2 0.5109375 0.08515625 0.171875 0.1703125
2 0.065625 0.2953125 0.13125 0.2375
2 0.5328125 0.70078125 0.1765625 0.2125
2 0.4484375 0.559375 0.1671875 0.178125
2 0.14140625 0.90546875 0.1734375 0.1890625
2 0.0984375 0.06640625 0.196875 0.1328125
2 0.36875 0.97421875 0.13125 0.0515625
2 0.5546875 0.97421875 0.159375 0.0515625
2 0.05546875 0.5421875 0.1109375 0.215625
2 0.97109375 0.92265625 0.0578125 0.1546875