1 0.7671875 0.2109375 0.14375 0.20625
0 0.4296875 0.7421875 0.25 0.1578125
2 0.3671875 0.2265625 0.171875 0.23125
2 0.5375 0.27109375 0.1546875 0.209375
2 0.91953125 0.31171875 0.1609375 0.2359375
2 0.1546875 0.68984375 0.15625 0.2296875
2 0.115625 0.21328125 0.15 0.2109375
1 0.3515625 0.5546875 0.1765625 0.2109375
1 0.64609375 0.92421875 0.1515625 0.1515625
1 0.065625 0.4859375 0.13125 0.19375
2 0.8375 0.8828125 0.1421875 0.184375
2 0.38359375 0.9578125 0.1703125 0.084375
2 0.13359375 0.96796875 0.1671875 0.0640625
1 0.63125 0.015625 0.2 0.03125
1 0.31484375 0.015625 0.1359375 0.03125
2 0.1671875 0.06875 0.1875 0.1375
2 0.03046875 0.02109375 0.0578125 0.0421875
2 0.021875 0.27890625 0.04375 0.203125
2 0.93046875 0.90859375 0.1390625 0.1828125