3 0.23046875 0.83359375 0.1140625 0.2453125
3 0.92265625 0.14375 0.1546875 0.184375
2 0.709375 0.40390625 0.15625 0.1640625
2 0.62734375 0.753125 0.13125 0.2328125
0 0.84453125 0.4921875 0.1125 0.190625
2 0.30078125 0.55625 0.1421875 0.2234375
2 0.2421875 0.34453125 0.1625 0.1765625
1 0.35625 0.15078125 0.178125 0.165625
2 0.384375 0.72421875 0.146875 0.159375
2 0.82578125 0.7140625 0.1234375 0.190625
2 0.840625 0.8953125 0.1328125 0.1671875
2 0.88046875 0.28828125 0.134375 0.153125
2 0.35 0.29609375 0.1375 0.175
2 0.209375 0.078125 0.171875 0.15625
2 0.178125 0.53828125 0.1421875 0.23125
2 0.38046875 0.89296875 0.134375 0.1859375
3 0.93203125 0.81640625 0.096875 0.253125
2 0.28125 0.9234375 0.121875 0.153125
2 0.6125 0.97578125 0.134375 0.0484375
2 0.4609375 0.97109375 0.134375 0.0578125
2 0.94609375 0.38125 0.1078125 0.15