0 0.8109375 0.55625 0.1265625 0.1796875
3 0.409375 0.734375 0.1359375 0.253125
0 0.2578125 0.540625 0.16875 0.115625
3 0.0421875 0.5859375 0.084375 0.26875
3 0.16484375 0.72734375 0.1046875 0.265625
0 0.11015625 0.15546875 0.159375 0.1796875
2 0.55703125 0.64296875 0.165625 0.1828125
2 0.23671875 0.2703125 0.14375 0.190625
2 0.10234375 0.346875 0.1234375 0.18125
2 0.92265625 0.44375 0.1375 0.203125
2 0.75390625 0.30078125 0.1921875 0.1703125
2 0.57265625 0.10546875 0.1515625 0.2109375
2 0.93203125 0.72578125 0.1359375 0.2421875
2 0.2765625 0.43359375 0.1296875 0.1140625
3 0.14609375 0.88046875 0.1484375 0.190625
2 0.6953125 0.81875 0.15 0.203125
2 0.32734375 0.88515625 0.1015625 0.15
2 0.4609375 0.94765625 0.134375 0.1046875
2 0.940625 0.9546875 0.11875 0.090625
2 0.94453125 0.22578125 0.1109375 0.1640625
0 0.40546875 0.0640625 0.084375 0.128125
1 0.15078125 0.05078125 0.1390625 0.1015625
2 0.0328125 0.0515625 0.065625 0.103125
3 0.9 0.0796875 0.175 0.159375
1 0.05390625 0.7796875 0.1078125 0.190625
2 0.65625 0.05078125 0.1125 0.1015625
2 0.76953125 0.07734375 0.1265625 0.1546875
2 0.2734375 0.95625 0.128125 0.0875
2 0.021875 0.34140625 0.04375 0.1453125
2 0.4796875 0.04765625 0.115625 0.0953125