1 0.67578125 0.825 0.1234375 0.1515625
1 0.03515625 0.91875 0.0703125 0.1625
1 0.459375 0.4546875 0.140625 0.1890625
1 0.2015625 0.66640625 0.134375 0.178125
1 0.10703125 0.22578125 0.128125 0.1375
1 0.55859375 0.13203125 0.140625 0.1625
1 0.1328125 0.0359375 0.121875 0.071875
2 0.35703125 0.75234375 0.1875 0.1140625
2 0.09453125 0.76328125 0.1140625 0.1296875
2 0.834375 0.86796875 0.15625 0.171875
2 0.86875 0.66640625 0.1125 0.134375
2 0.80234375 0.28203125 0.1328125 0.171875
2 0.7296875 0.07734375 0.109375 0.1546875
2 0.64296875 0.61796875 0.11875 0.1234375
2 0.3953125 0.209375 0.15 0.1671875
2 0.20546875 0.34375 0.1390625 0.1609375
0 0.04375 0.409375 0.0875 0.15625
2 0.846875 0.1265625 0.134375 0.1625
2 0.59296875 0.2984375 0.125 0.1640625
2 0.3453125 0.05703125 0.125 0.1140625
2 0.34453125 0.3734375 0.125 0.1671875
1 0.39140625 0.884375 0.115625 0.134375
2 0.75 0.5375 0.13125 0.134375
2 0.1734375 0.884375 0.134375 0.125
1 0.93515625 0.790625 0.1296875 0.184375
2 0.89609375 0.41953125 0.1734375 0.209375
2 0.89296875 0.534375 0.1578125 0.134375
1 0.86171875 0.9703125 0.1421875 0.059375
1 0.6234375 0.975 0.14375 0.05
2 0.484375 0.93203125 0.15 0.1359375
2 0.21640625 0.97734375 0.1328125 0.0453125
2 0.115625 0.4671875 0.1375 0.1859375
1 0.01875 0.23203125 0.0375 0.1734375
2 0.009375 0.065625 0.01875 0.128125
1 0.95703125 0.140625 0.0859375 0.2