3 0.7125 0.41171875 0.1171875 0.275
1 0.87578125 0.20625 0.159375 0.1859375
1 0.9234375 0.59609375 0.15 0.1640625
1 0.7890625 0.5109375 0.1109375 0.1984375
1 0.50625 0.4890625 0.165625 0.1796875
1 0.38515625 0.08671875 0.1390625 0.1734375
1 0.53203125 0.09375 0.1546875 0.1875
2 0.16796875 0.06328125 0.1390625 0.1265625
2 0.103125 0.3515625 0.178125 0.178125
0 0.13828125 0.20859375 0.1671875 0.0984375
2 0.7109375 0.79921875 0.1625 0.2203125
2 0.64453125 0.246875 0.16875 0.1984375
2 0.86171875 0.84609375 0.1734375 0.2046875
2 0.54375 0.84921875 0.1828125 0.2265625
1 0.40078125 0.29375 0.153125 0.175
2 0.55546875 0.34921875 0.1453125 0.165625
2 0.24296875 0.17578125 0.14375 0.209375
2 0.290625 0.35390625 0.178125 0.25625
2 0.98984375 0.22421875 0.0203125 0.1984375
2 0.340625 0.990625 0.128125 0.01875
2 0.17421875 0.98046875 0.1265625 0.0390625
1 0.5 0.68125 0.15078125 0.17421875