0 0.17578125 0.340625 0.121875 0.1734375
0 0.640625 0.89765625 0.13125 0.2046875
3 0.6328125 0.06640625 0.109375 0.1328125
2 0.775 0.5203125 0.146875 0.203125
2 0.4734375 0.85390625 0.153125 0.1484375
2 0.9109375 0.184375 0.1234375 0.1703125
2 0.73515625 0.840625 0.09375 0.1828125
1 0.534375 0.16953125 0.140625 0.1828125
1 0.31796875 0.3234375 0.153125 0.190625
1 0.36171875 0.16171875 0.11875 0.1359375
2 0.48828125 0.52265625 0.18125 0.2171875
2 0.65 0.553125 0.128125 0.2078125
2 0.85 0.72734375 0.1578125 0.1859375
2 0.82734375 0.2953125 0.15625 0.1953125
2 0.46953125 0.6921875 0.175 0.15625
2 0.9640625 0.64453125 0.071875 0.1703125
2 0.25859375 0.946875 0.121875 0.10625
2 0.36484375 0.96953125 0.1328125 0.0609375
2 0.5078125 0.95234375 0.134375 0.0953125
2 0.08984375 0.9546875 0.1578125 0.090625
2 0.98515625 0.9546875 0.0296875 0.090625
2 0.1734375 0.0203125 0.103125 0.040625
2 0.2546875 0.12421875 0.1390625 0.1921875