1 0.55859375 0.77421875 0.1453125 0.19375
1 0.39296875 0.8859375 0.146875 0.1859375
1 0.0875 0.88125 0.1359375 0.16875
1 0.41953125 0.06640625 0.1421875 0.1328125
1 0.971875 0.57734375 0.05625 0.1671875
1 0.10234375 0.684375 0.125 0.15625
1 0.01796875 0.684375 0.0359375 0.20625
1 0.1828125 0.9515625 0.15 0.096875
0 0.9453125 0.0515625 0.109375 0.103125
0 0.9484375 0.78515625 0.103125 0.1859375
2 0.22109375 0.18046875 0.1296875 0.15
2 0.73125 0.25859375 0.1640625 0.1703125
2 0.8875 0.2 0.134375 0.1578125
2 0.93203125 0.37109375 0.1359375 0.1890625
2 0.78828125 0.5859375 0.15 0.175
2 0.82265625 0.75390625 0.1421875 0.1765625
2 0.11640625 0.246875 0.190625 0.1828125
2 0.65625 0.07734375 0.15 0.1546875
2 0.575 0.15859375 0.128125 0.1875
0 0.29140625 0.725 0.1828125 0.14375
2 0.05859375 0.33515625 0.1171875 0.1921875
1 0.1953125 0.040625 0.16875 0.08125
2 0.97890625 0.11796875 0.0421875 0.2078125