0 0.17578125 0.659375 0.121875 0.1734375
0 0.640625 0.10234375 0.13125 0.2046875
3 0.6328125 0.93359375 0.109375 0.1328125
2 0.775 0.4796875 0.146875 0.203125
2 0.4734375 0.14609375 0.153125 0.1484375
2 0.9109375 0.815625 0.1234375 0.1703125
2 0.73515625 0.159375 0.09375 0.1828125
1 0.534375 0.83046875 0.140625 0.1828125
1 0.31796875 0.6765625 0.153125 0.190625
1 0.36171875 0.83828125 0.11875 0.1359375
2 0.48828125 0.47734375 0.18125 0.2171875
2 0.65 0.446875 0.128125 0.2078125
2 0.85 0.27265625 0.1578125 0.1859375
2 0.82734375 0.7046875 0.15625 0.1953125
2 0.46953125 0.3078125 0.175 0.15625
2 0.9640625 0.35546875 0.071875 0.1703125
2 0.25859375 0.053125 0.121875 0.10625
2 0.36484375 0.03046875 0.1328125 0.0609375
2 0.5078125 0.04765625 0.134375 0.0953125
2 0.08984375 0.0453125 0.1578125 0.090625
2 0.98515625 0.0453125 0.0296875 0.090625
2 0.1734375 0.9796875 0.103125 0.040625
2 0.2546875 0.87578125 0.1390625 0.1921875