2 0.6171875 0.14921875 0.1234375 0.165625
2 0.0890625 0.18671875 0.128125 0.1453125
1 0.7046875 0.7546875 0.10625 0.153125
2 0.82734375 0.53515625 0.15 0.1234375
0 0.57421875 0.471875 0.1453125 0.1421875
0 0.5078125 0.6109375 0.15 0.1109375
2 0.80078125 0.25234375 0.11875 0.146875
1 0.25546875 0.684375 0.1453125 0.15625
1 0.05546875 0.5625 0.1109375 0.159375
1 0.60234375 0.88359375 0.1453125 0.18125
1 0.32578125 0.25 0.125 0.1625
1 0.36953125 0.50234375 0.1578125 0.1546875
1 0.49453125 0.1640625 0.1328125 0.1640625
2 0.84296875 0.84609375 0.11875 0.1546875
2 0.4375 0.86640625 0.13125 0.1953125
2 0.66875 0.29296875 0.1171875 0.1453125
1 0.20078125 0.31796875 0.1359375 0.1640625
2 0.8671875 0.39921875 0.1140625 0.1390625
1 0.965625 0.63671875 0.06875 0.1671875
2 0.940625 0.33125 0.11875 0.175
2 0.5421875 0.0203125 0.121875 0.040625
2 0.7546875 0.02578125 0.103125 0.0515625
2 0.9765625 0.959375 0.046875 0.08125
2 0.46640625 0.96875 0.1703125 0.0625
1 0.01953125 0.91953125 0.0390625 0.1609375
2 0.03359375 0.4203125 0.0671875 0.1625
2 0.8640625 0.98046875 0.1 0.0390625
2 0.5171875 0.37265625 0.1171875 0.15625