3 0.88046875 0.53984375 0.125 0.2234375
3 0.71015625 0.09921875 0.1640625 0.184375
1 0.8078125 0.87421875 0.15 0.184375
1 0.9484375 0.81953125 0.103125 0.1609375
1 0.52578125 0.0609375 0.1453125 0.121875
1 0.34921875 0.10703125 0.1375 0.159375
1 0.4015625 0.959375 0.11875 0.08125
1 0.09140625 0.31875 0.121875 0.171875
2 0.55546875 0.334375 0.1484375 0.2078125
2 0.434375 0.3921875 0.125 0.203125
2 0.15859375 0.6796875 0.1515625 0.153125
2 0.08046875 0.5515625 0.1609375 0.19375
2 0.18515625 0.22734375 0.14375 0.190625
2 0.29765625 0.3140625 0.1546875 0.1859375
2 0.41640625 0.22734375 0.1796875 0.1578125
2 0.76640625 0.17890625 0.121875 0.146875
2 0.29375 0.83671875 0.1609375 0.1734375
1 0.065625 0.93125 0.13125 0.1375
2 0.13828125 0.84765625 0.1390625 0.1265625
1 0.96796875 0.228125 0.0640625 0.18125
2 0.684375 0.978125 0.128125 0.04375
2 0.98359375 0.6203125 0.0328125 0.15
2 0.0265625 0.2734375 0.053125 0.190625