0 0.6328125 0.17890625 0.10703125 0.15546875
0 0.48359375 0.6171875 0.1890625 0.16875
0 0.121875 0.4453125 0.18125 0.178125
2 0.93125 0.74140625 0.1375 0.2109375
3 0.8390625 0.78828125 0.14375 0.20625
0 0.30703125 0.38828125 0.1453125 0.2203125
2 0.209375 0.2421875 0.1828125 0.24375
2 0.05859375 0.26796875 0.1171875 0.2015625
2 0.29453125 0.68203125 0.18125 0.2359375
2 0.871875 0.16875 0.19375 0.2546875
2 0.59765625 0.79921875 0.1890625 0.2265625
2 0.68046875 0.95390625 0.1796875 0.0921875
2 0.49921875 0.93984375 0.1796875 0.1203125
2 0.04453125 0.74921875 0.0890625 0.2390625
2 0.52265625 0.3203125 0.1765625 0.2171875
2 0.4328125 0.4703125 0.18125 0.190625
2 0.10859375 0.1046875 0.1953125 0.209375
2 0.08125 0.96328125 0.1625 0.0734375
2 0.34765625 0.03046875 0.1390625 0.0609375
2 0.54609375 0.02890625 0.1671875 0.0578125
2 0.0328125 0.48828125 0.065625 0.2171875
2 0.978125 0.084375 0.04375 0.16875
2 0.55703125 0.1265625 0.140625 0.15859375