3 0.2265625 0.83828125 0.1140625 0.2453125
3 0.91875 0.14765625 0.15625 0.184375
2 0.70546875 0.409375 0.1640625 0.16875
2 0.6234375 0.7578125 0.1328125 0.234375
0 0.840625 0.49765625 0.1265625 0.1984375
2 0.29765625 0.5609375 0.1359375 0.2234375
2 0.23828125 0.34921875 0.1625 0.1765625
2 0.35234375 0.15546875 0.16875 0.15625
2 0.38046875 0.7296875 0.1484375 0.1609375
2 0.821875 0.71953125 0.1140625 0.1859375
2 0.8375 0.90078125 0.121875 0.159375
2 0.8765625 0.29375 0.134375 0.1546875
2 0.346875 0.30078125 0.1390625 0.175
2 0.20546875 0.08125 0.1734375 0.1625
2 0.17421875 0.54375 0.1421875 0.2328125
2 0.3765625 0.89765625 0.1453125 0.19375
3 0.928125 0.82109375 0.0984375 0.253125
2 0.27734375 0.9234375 0.1359375 0.153125
2 0.60859375 0.9796875 0.1328125 0.040625
2 0.45703125 0.971875 0.1359375 0.05625
2 0.9421875 0.38671875 0.115625 0.1578125