3 0.5609375 0.534375 0.1875 0.25
1 0.85859375 0.88984375 0.115625 0.1609375
1 0.78203125 0.7625 0.1359375 0.165625
1 0.27265625 0.82109375 0.1296875 0.175
1 0.475 0.92734375 0.134375 0.1453125
1 0.58203125 0.19609375 0.134375 0.171875
1 0.09375 0.4109375 0.1390625 0.1609375
1 0.153125 0.7640625 0.1359375 0.1765625
0 0.653125 0.0453125 0.115625 0.090625
2 0.9390625 0.4625 0.121875 0.159375
2 0.83046875 0.50546875 0.11875 0.1640625
2 0.97109375 0.30546875 0.0578125 0.1734375
2 0.3796875 0.6875 0.178125 0.203125
2 0.4546875 0.05625 0.109375 0.1125
2 0.01875 0.675 0.0375 0.1625
2 0.0078125 0.9046875 0.015625 0.171875
2 0.10390625 0.96640625 0.1453125 0.0671875
1 0.7859375 0.02421875 0.134375 0.0484375
0 0.59609375 0.9265625 0.1328125 0.146875
2 0.984375 0.95625 0.03125 0.0875