4 0.51171875 0.85703125 0.1859375 0.2265625
1 0.35703125 0.1171875 0.175 0.21875
1 0.89921875 0.26796875 0.1453125 0.1953125
2 0.91328125 0.58515625 0.1734375 0.2359375
2 0.515625 0.528125 0.165625 0.2046875
2 0.5875 0.32421875 0.1859375 0.209375
1 0.71171875 0.1328125 0.1640625 0.19375
2 0.66796875 0.60703125 0.171875 0.1921875
2 0.853125 0.88515625 0.1578125 0.215625
2 0.7171875 0.8109375 0.1609375 0.215625
2 0.9515625 0.9 0.096875 0.2
0 0.9375 0.0953125 0.125 0.159375
2 0.1671875 0.028125 0.15 0.05625
2 0.0359375 0.090625 0.071875 0.18125
2 0.01640625 0.2734375 0.0328125 0.16875