4 0.50390625 0.14296875 0.1953125 0.234375
1 0.35 0.8828125 0.165625 0.2140625
1 0.88828125 0.73203125 0.1359375 0.1890625
2 0.903125 0.415625 0.1765625 0.2390625
2 0.5078125 0.471875 0.159375 0.203125
2 0.5796875 0.67578125 0.1828125 0.2078125
1 0.70234375 0.8671875 0.184375 0.2109375
2 0.659375 0.39296875 0.1703125 0.1921875
2 0.84296875 0.11484375 0.1515625 0.2125
2 0.70859375 0.1890625 0.1421875 0.20625
2 0.9484375 0.09921875 0.103125 0.1984375
0 0.93359375 0.9046875 0.1328125 0.15625
2 0.16171875 0.9703125 0.1515625 0.059375
2 0.034375 0.909375 0.06875 0.18125
2 0.01171875 0.7265625 0.0234375 0.16875