2 0.74609375 0.68359375 0.128125 0.1671875
2 0.56640625 0.57109375 0.1390625 0.1546875
2 0.43125 0.7859375 0.2203125 0.2125
2 0.88515625 0.7296875 0.134375 0.1796875
1 0.09375 0.71953125 0.1453125 0.184375
2 0.48671875 0.36953125 0.184375 0.203125
2 0.06875 0.44609375 0.13125 0.1578125
2 0.92265625 0.96328125 0.1515625 0.0734375
2 0.50078125 0.9359375 0.1859375 0.128125
2 0.57734375 0.09765625 0.2078125 0.1953125
2 0.95078125 0.11171875 0.0984375 0.2234375
2 0.3796875 0.040625 0.184375 0.08125
2 0.04375 0.9578125 0.0875 0.084375
2 0.15859375 0.021875 0.1046875 0.04375
2 0.34453125 0.98203125 0.1453125 0.0359375