3 0.43984375 0.28828125 0.15625 0.275
0 0.090625 0.403125 0.1234375 0.196875
4 0.7734375 0.54921875 0.0921875 0.2546875
2 0.540625 0.89921875 0.140625 0.1953125
2 0.31796875 0.9484375 0.1390625 0.103125
2 0.18671875 0.8671875 0.1390625 0.196875
1 0.175 0.68515625 0.1828125 0.1890625
2 0.03359375 0.89765625 0.0671875 0.1734375
1 0.54296875 0.56484375 0.153125 0.1828125
2 0.0859375 0.08203125 0.15 0.1640625
2 0.33515625 0.51328125 0.134375 0.1875
2 0.34140625 0.25 0.13125 0.1953125
1 0.6671875 0.096875 0.184375 0.19375
3 0.05078125 0.51171875 0.1 0.2125
2 0.01484375 0.7171875 0.0296875 0.20625
0 0.6671875 0.5640625 0.096875 0.221875
2 0.03515625 0.0234375 0.0703125 0.046875
2 0.4921875 0.40703125 0.1171875 0.175