0 0.8484375 0.5609375 0.121875 0.25
0 0.3734375 0.66875 0.165625 0.1921875
3 0.50859375 0.11875 0.1109375 0.2375
0 0.09296875 0.540625 0.1359375 0.253125
2 0.70234375 0.3828125 0.115625 0.18125
2 0.54921875 0.42109375 0.1046875 0.159375
2 0.475 0.540625 0.13125 0.15625
2 0.64375 0.765625 0.153125 0.1734375
2 0.51875 0.8546875 0.15 0.1640625
2 0.384375 0.85703125 0.1484375 0.2
2 0.2953125 0.42109375 0.1578125 0.16875
2 0.303125 0.2421875 0.146875 0.190625
2 0.14375 0.2625 0.1546875 0.175
2 0.61328125 0.11953125 0.121875 0.153125
2 0.7765625 0.66328125 0.115625 0.2109375
2 0.84375 0.91875 0.125 0.1625
2 0.25 0.77578125 0.11875 0.1453125
2 0.346875 0.54375 0.13125 0.1390625
2 0.4390625 0.17578125 0.0828125 0.19375
2 0.2203125 0.9375 0.15625 0.125
2 0.903125 0.42890625 0.14375 0.1640625
2 0.7296875 0.94765625 0.13125 0.1046875
2 0.95859375 0.94140625 0.0828125 0.1171875
2 0.9703125 0.2671875 0.059375 0.171875
2 0.9671875 0.51875 0.065625 0.128125
2 0.63359375 0.0265625 0.1046875 0.053125
2 0.02265625 0.303125 0.0453125 0.190625
2 0.02734375 0.51171875 0.0546875 0.2015625
2 0.98125 0.81328125 0.0375 0.1171875
0 0.39140625 0.04140625 0.1109375 0.0828125
2 0.4640625 0.971875 0.090625 0.05625
2 0.98359375 0.6546875 0.0328125 0.1375