1 0.3421875 0.1359375 0.1265625 0.153125
1 0.97109375 0.06171875 0.0578125 0.1234375
1 0.55625 0.50234375 0.121875 0.178125
1 0.81171875 0.2921875 0.1328125 0.178125
1 0.90625 0.72890625 0.128125 0.1375
1 0.4578125 0.821875 0.1265625 0.1515625
1 0.88046875 0.94296875 0.1171875 0.1140625
2 0.6578125 0.2078125 0.1828125 0.1109375
2 0.91796875 0.196875 0.1234375 0.1375
2 0.184375 0.09296875 0.1640625 0.1796875
2 0.15 0.2921875 0.125 0.14375
2 0.215625 0.67265625 0.140625 0.1765625
2 0.28984375 0.89609375 0.1125 0.1921875
2 0.37421875 0.340625 0.1125 0.115625
2 0.6203125 0.74453125 0.1359375 0.1546875
2 0.8078125 0.61171875 0.1265625 0.15
0 0.9640625 0.546875 0.071875 0.15
2 0.171875 0.82734375 0.1328125 0.1609375
2 0.42421875 0.65703125 0.1234375 0.1625
2 0.6703125 0.9125 0.11875 0.134375
2 0.6703125 0.5828125 0.11875 0.159375
1 0.62421875 0.07734375 0.1140625 0.1328125
2 0.26796875 0.4203125 0.1453125 0.146875
2 0.83984375 0.07734375 0.134375 0.125
1 0.0796875 0.171875 0.1390625 0.1828125
2 0.1234375 0.53671875 0.159375 0.2
2 0.1265625 0.4234375 0.1625 0.140625
1 0.15703125 0.0125 0.1421875 0.025
2 0.53125 0.04765625 0.14375 0.0953125
2 0.89765625 0.48984375 0.128125 0.178125
1 0.99140625 0.72265625 0.0171875 0.1703125
1 0.053125 0.8171875 0.10625 0.2
2 0.5015625 0.97109375 0.140625 0.0578125
2 0.37265625 0.9671875 0.1203125 0.065625