3 0.0625 0.58984375 0.125 0.2390625
3 0.23984375 0.1125 0.18125 0.2015625
1 0.1375 0.925 0.1625 0.15
1 0.02109375 0.88828125 0.0421875 0.1703125
1 0.4390625 0.06953125 0.159375 0.1390625
1 0.63046875 0.12109375 0.1484375 0.1703125
1 0.909375 0.34921875 0.1453125 0.1921875
2 0.40703125 0.365625 0.1546875 0.2203125
2 0.53828125 0.428125 0.1546875 0.2296875
2 0.8359375 0.7375 0.1671875 0.1703125
2 0.9171875 0.59921875 0.165625 0.2078125
2 0.8078125 0.25 0.153125 0.203125
2 0.6859375 0.34375 0.1875 0.215625
2 0.5578125 0.25 0.2078125 0.1859375
2 0.17890625 0.1984375 0.134375 0.159375
2 0.690625 0.90625 0.171875 0.1828125
1 0.93515625 0.9671875 0.1296875 0.065625
2 0.8578125 0.91875 0.153125 0.1375
2 0.9796875 0.3 0.040625 0.203125