0 0.20703125 0.31015625 0.1265625 0.225
0 0.4796875 0.28515625 0.1140625 0.2453125
2 0.621875 0.665625 0.1171875 0.140625
2 0.95078125 0.52890625 0.0984375 0.2453125
2 0.65078125 0.83125 0.109375 0.1421875
2 0.43515625 0.38828125 0.1265625 0.1328125
1 0.78828125 0.5625 0.1609375 0.184375
1 0.23984375 0.6546875 0.159375 0.1953125
1 0.45703125 0.771875 0.146875 0.171875
1 0.0421875 0.909375 0.084375 0.18125
1 0.62578125 0.14375 0.15 0.1625
1 0.8859375 0.18203125 0.128125 0.1890625
1 0.6484375 0.39375 0.1671875 0.2
1 0.78046875 0.81484375 0.134375 0.1890625
1 0.05 0.30625 0.1 0.159375
2 0.40234375 0.0953125 0.1375 0.1609375
2 0.04609375 0.13046875 0.0921875 0.2015625
2 0.34375 0.946875 0.14375 0.10625
1 0.215625 0.9046875 0.1734375 0.1765625
2 0.76640625 0.0734375 0.1140625 0.1375
2 0.96953125 0.80703125 0.0609375 0.1609375
2 0.96484375 0.94765625 0.0703125 0.1046875
1 0.15703125 0.9796875 0.1609375 0.040625
2 0.51015625 0.06171875 0.1453125 0.1234375