1 0.17578125 0.08515625 0.203125 0.1046875
3 0.14609375 0.4078125 0.1546875 0.2203125
3 0.4046875 0.2703125 0.1421875 0.2109375
3 0.7453125 0.65234375 0.1390625 0.2
4 0.83359375 0.4375 0.15 0.1953125
4 0.9046875 0.25 0.165625 0.225
4 0.58046875 0.19765625 0.1390625 0.1703125
0 0.67265625 0.2328125 0.1125 0.184375
4 0.47734375 0.91484375 0.1234375 0.165625
4 0.70234375 0.8625 0.1578125 0.1953125
4 0.15390625 0.95234375 0.1421875 0.0953125
4 0.0625 0.57421875 0.125 0.2609375
1 0.95390625 0.0734375 0.0921875 0.1359375
4 0.953125 0.60859375 0.09375 0.1890625
4 0.92890625 0.87265625 0.1421875 0.2046875