1 0.6515625 0.615625 0.1765625 0.215625
1 0.915625 0.7609375 0.1453125 0.259375
1 0.45234375 0.09140625 0.1359375 0.1828125
1 0.5328125 0.47265625 0.24375 0.2296875
1 0.80546875 0.17890625 0.1765625 0.2125
1 0.40078125 0.98046875 0.1484375 0.0390625
2 0.2359375 0.1921875 0.203125 0.221875
2 0.27109375 0.94296875 0.2140625 0.1140625
2 0.22265625 0.85390625 0.1390625 0.184375
2 0.0578125 0.946875 0.115625 0.10625
2 0.06875 0.1875 0.1375 0.221875
1 0.05390625 0.4015625 0.1078125 0.1875
1 0.03359375 0.6015625 0.0671875 0.228125
0 0.97421875 0.5828125 0.0515625 0.221875
1 0.94375 0.09296875 0.1125 0.1859375
1 0.103125 0.04609375 0.153125 0.0921875