2 0.6234375 0.146875 0.1171875 0.1625
2 0.08671875 0.1859375 0.1328125 0.153125
1 0.71171875 0.765625 0.1046875 0.1546875
2 0.83671875 0.54140625 0.1625 0.1390625
0 0.57890625 0.4765625 0.1484375 0.146875
0 0.51171875 0.61875 0.15 0.1078125
2 0.809375 0.25234375 0.121875 0.1515625
1 0.25546875 0.69296875 0.1359375 0.15
1 0.05078125 0.56796875 0.1015625 0.1546875
1 0.6078125 0.896875 0.15625 0.1921875
1 0.3265625 0.25 0.1328125 0.16875
1 0.37109375 0.5078125 0.1625 0.1625
1 0.4984375 0.1625 0.13125 0.1640625
2 0.8515625 0.85859375 0.1234375 0.159375
2 0.440625 0.87890625 0.1375 0.2015625
2 0.675 0.29375 0.1171875 0.1453125
1 0.2 0.31953125 0.13125 0.165625
2 0.8765625 0.40234375 0.1203125 0.1453125
1 0.9703125 0.6484375 0.059375 0.171875
2 0.94296875 0.33515625 0.1140625 0.1828125
2 0.546875 0.0171875 0.125 0.034375
2 0.76328125 0.0234375 0.1015625 0.046875
2 0.98125 0.96640625 0.0375 0.0671875
2 0.47109375 0.978125 0.1703125 0.04375
1 0.0140625 0.92578125 0.028125 0.1484375
2 0.034375 0.4234375 0.06875 0.16875
2 0.87421875 0.98828125 0.1015625 0.0234375