4 0.48828125 0.85703125 0.1859375 0.2265625
1 0.64296875 0.1171875 0.175 0.21875
1 0.10078125 0.26796875 0.1453125 0.1953125
2 0.08671875 0.58515625 0.1734375 0.2359375
2 0.484375 0.528125 0.165625 0.2046875
2 0.4125 0.32421875 0.1859375 0.209375
1 0.28828125 0.1328125 0.1640625 0.19375
2 0.33203125 0.60703125 0.171875 0.1921875
2 0.146875 0.88515625 0.1578125 0.215625
2 0.2828125 0.8109375 0.1609375 0.215625
2 0.0484375 0.9 0.096875 0.2
0 0.0625 0.0953125 0.125 0.159375
2 0.8328125 0.028125 0.15 0.05625
2 0.9640625 0.090625 0.071875 0.18125
2 0.98359375 0.2734375 0.0328125 0.16875