3 0.43203125 0.4453125 0.18125 0.24375
1 0.1390625 0.09765625 0.1234375 0.1640625
1 0.21484375 0.22265625 0.128125 0.15625
1 0.71640625 0.16484375 0.1359375 0.1765625
1 0.51796875 0.06484375 0.1234375 0.1296875
1 0.41171875 0.77734375 0.1296875 0.165625
1 0.89296875 0.5671875 0.1296875 0.153125
1 0.834375 0.22109375 0.1234375 0.165625
0 0.340625 0.94140625 0.11875 0.1171875
2 0.06171875 0.51640625 0.1234375 0.1578125
2 0.1671875 0.47421875 0.1234375 0.1640625
2 0.03125 0.6703125 0.0625 0.171875
2 0.6109375 0.29609375 0.184375 0.2078125
2 0.53671875 0.928125 0.1171875 0.14375
2 0.975 0.3078125 0.05 0.159375
2 0.9828125 0.084375 0.034375 0.16875
2 0.8828125 0.028125 0.140625 0.05625
1 0.2109375 0.9609375 0.134375 0.078125
0 0.39765625 0.06640625 0.1296875 0.1328125
2 0.0140625 0.03828125 0.028125 0.0765625