0 0.14609375 0.571875 0.1359375 0.2578125
3 0.62890625 0.68046875 0.1515625 0.18125
3 0.490625 0.1234375 0.11875 0.2453125
3 0.91328125 0.5515625 0.134375 0.25625
2 0.29453125 0.39140625 0.125 0.1875
2 0.45 0.43046875 0.1046875 0.159375
2 0.525 0.5515625 0.1234375 0.153125
2 0.35390625 0.778125 0.153125 0.175
2 0.48046875 0.86875 0.1515625 0.165625
2 0.6171875 0.87109375 0.1390625 0.19375
2 0.7078125 0.43046875 0.153125 0.1640625
2 0.7 0.25 0.140625 0.1890625
2 0.86171875 0.2703125 0.146875 0.16875
2 0.384375 0.1265625 0.1125 0.1484375
2 0.21953125 0.675 0.121875 0.215625
2 0.15078125 0.92578125 0.1203125 0.1484375
2 0.75390625 0.78828125 0.1140625 0.140625
2 0.65546875 0.55390625 0.140625 0.1484375
3 0.56171875 0.1828125 0.0703125 0.19375
2 0.784375 0.9421875 0.165625 0.115625
2 0.090625 0.43828125 0.1515625 0.16875
2 0.26640625 0.95234375 0.1390625 0.0953125
2 0.0359375 0.94921875 0.071875 0.0984375
2 0.02421875 0.275 0.0484375 0.171875
2 0.02578125 0.53046875 0.0515625 0.1234375
2 0.36484375 0.03046875 0.1078125 0.0609375
2 0.9828125 0.3109375 0.034375 0.190625
2 0.978125 0.52265625 0.04375 0.2015625
2 0.0140625 0.8265625 0.028125 0.11875
0 0.61015625 0.0453125 0.1171875 0.090625
2 0.5375 0.98046875 0.090625 0.0390625
2 0.01484375 0.66640625 0.0296875 0.1421875