0 0.8484375 0.4390625 0.121875 0.25
0 0.3734375 0.33125 0.165625 0.1921875
3 0.50859375 0.88125 0.1109375 0.2375
0 0.09296875 0.459375 0.1359375 0.253125
2 0.70234375 0.6171875 0.115625 0.18125
2 0.54921875 0.57890625 0.1046875 0.159375
2 0.475 0.459375 0.13125 0.15625
2 0.64375 0.234375 0.153125 0.1734375
2 0.51875 0.1453125 0.15 0.1640625
2 0.384375 0.14296875 0.1484375 0.2
2 0.2953125 0.57890625 0.1578125 0.16875
2 0.303125 0.7578125 0.146875 0.190625
2 0.14375 0.7375 0.1546875 0.175
2 0.61328125 0.88046875 0.121875 0.153125
2 0.7765625 0.33671875 0.115625 0.2109375
2 0.84375 0.08125 0.125 0.1625
2 0.25 0.22421875 0.11875 0.1453125
2 0.346875 0.45625 0.13125 0.1390625
2 0.4390625 0.82421875 0.0828125 0.19375
2 0.2203125 0.0625 0.15625 0.125
2 0.903125 0.57109375 0.14375 0.1640625
2 0.7296875 0.05234375 0.13125 0.1046875
2 0.95859375 0.05859375 0.0828125 0.1171875
2 0.9703125 0.7328125 0.059375 0.171875
2 0.9671875 0.48125 0.065625 0.128125
2 0.63359375 0.9734375 0.1046875 0.053125
2 0.02265625 0.696875 0.0453125 0.190625
2 0.02734375 0.48828125 0.0546875 0.2015625
2 0.98125 0.18671875 0.0375 0.1171875
0 0.39140625 0.95859375 0.1109375 0.0828125
2 0.4640625 0.028125 0.090625 0.05625
2 0.98359375 0.3453125 0.0328125 0.1375