3 0.19765625 0.46015625 0.1546875 0.265625
0 0.615625 0.38046875 0.1421875 0.2515625
0 0.6890625 0.04609375 0.221875 0.0921875
0 0.85390625 0.10625 0.115625 0.2125
0 0.71015625 0.9015625 0.1578125 0.1765625
3 0.94375 0.45234375 0.0921875 0.26875
1 0.3796875 0.85390625 0.1625 0.1734375
1 0.46796875 0.65390625 0.1625 0.2375
1 0.95859375 0.92734375 0.0828125 0.1453125
2 0.82421875 0.85078125 0.1703125 0.253125
2 0.26875 0.1578125 0.1421875 0.2265625
2 0.35546875 0.51171875 0.1328125 0.2015625
2 0.61015625 0.64609375 0.1484375 0.1875
2 0.821875 0.3296875 0.153125 0.196875
2 0.84765625 0.67578125 0.153125 0.165625
2 0.584375 0.80546875 0.140625 0.1734375
2 0.98046875 0.6734375 0.0390625 0.196875
2 0.15390625 0.14609375 0.128125 0.184375
2 0.196875 0.03359375 0.16875 0.0671875
2 0.25625 0.559375 0.1375 0.1609375
2 0.36484375 0.33828125 0.1484375 0.1859375
1 0.68046875 0.953125 0.1484375 0.09375
2 0.9484375 0.03125 0.103125 0.0625
2 0.85546875 0.52578125 0.1546875 0.1828125