0 0.82421875 0.6609375 0.1375 0.1828125
3 0.35703125 0.1 0.1234375 0.2
3 0.36640625 0.934375 0.1109375 0.13125
2 0.225 0.4796875 0.13125 0.1953125
2 0.5265625 0.14296875 0.15 0.1453125
2 0.0890625 0.81875 0.121875 0.1703125
2 0.26484375 0.15546875 0.10625 0.1890625
1 0.465625 0.834375 0.1515625 0.190625
1 0.68203125 0.67890625 0.15 0.190625
1 0.63828125 0.8421875 0.11875 0.1375
2 0.51171875 0.47734375 0.18125 0.2203125
2 0.35 0.44609375 0.1234375 0.20625
2 0.15 0.2703125 0.159375 0.1875
2 0.17265625 0.70625 0.1453125 0.190625
2 0.53046875 0.30625 0.178125 0.1609375
2 0.03515625 0.35390625 0.0703125 0.1703125
2 0.73671875 0.053125 0.1296875 0.10625
2 0.63359375 0.02734375 0.1265625 0.0546875
2 0.48984375 0.04140625 0.1265625 0.0828125
2 0.91015625 0.04375 0.1546875 0.0875
2 0.015625 0.04375 0.03125 0.0875
2 0.8265625 0.98203125 0.103125 0.0359375
2 0.7453125 0.87890625 0.1484375 0.196875