3 0.82421875 0.5734375 0.140625 0.1921875
3 0.41015625 0.7578125 0.121875 0.25625
0 0.25390625 0.5578125 0.175 0.1234375
3 0.0390625 0.60546875 0.078125 0.2765625
0 0.1578125 0.75 0.0859375 0.26875
0 0.1015625 0.16015625 0.1703125 0.1890625
2 0.5625 0.66328125 0.16875 0.1875
2 0.2328125 0.27890625 0.153125 0.2
2 0.09375 0.3578125 0.13125 0.1890625
2 0.9359375 0.45703125 0.128125 0.2078125
2 0.765625 0.31015625 0.2078125 0.1875
2 0.57890625 0.109375 0.1609375 0.21875
2 0.9421875 0.746875 0.115625 0.24375
2 0.2734375 0.44765625 0.1390625 0.121875
3 0.13984375 0.90625 0.1453125 0.1875
2 0.7046875 0.84453125 0.1421875 0.2015625
2 0.3265625 0.91328125 0.10625 0.1546875
2 0.46328125 0.9625 0.1390625 0.075
2 0.94921875 0.96953125 0.1015625 0.0609375
2 0.953125 0.23046875 0.09375 0.1640625
0 0.40703125 0.06640625 0.0953125 0.1328125
1 0.14296875 0.05234375 0.1453125 0.1046875
2 0.0265625 0.05234375 0.053125 0.1046875
3 0.91484375 0.0796875 0.1703125 0.159375
1 0.05078125 0.8046875 0.1015625 0.196875
2 0.66484375 0.053125 0.1203125 0.10625
2 0.78203125 0.08125 0.1390625 0.1625
2 0.2703125 0.97265625 0.125 0.0546875
2 0.01484375 0.3515625 0.0296875 0.146875
2 0.48359375 0.0484375 0.1171875 0.096875