0 0.74453125 0.28046875 0.1015625 0.20625
3 0.48828125 0.2578125 0.1046875 0.2296875
2 0.3546875 0.61484375 0.1046875 0.128125
2 0.04609375 0.48671875 0.0921875 0.2296875
2 0.13125 0.95546875 0.103125 0.0890625
2 0.328125 0.7703125 0.10625 0.1359375
2 0.53046875 0.3546875 0.115625 0.1203125
1 0.1984375 0.51796875 0.1359375 0.159375
1 0.7140625 0.6046875 0.146875 0.1828125
1 0.509375 0.7140625 0.1375 0.1625
1 0.92890625 0.8484375 0.1421875 0.18125
1 0.35078125 0.125 0.1359375 0.1484375
1 0.10703125 0.1609375 0.13125 0.1828125
1 0.33046875 0.359375 0.1609375 0.19375
1 0.20625 0.75546875 0.1265625 0.1765625
1 0.9046875 0.28046875 0.125 0.15625
2 0.5609375 0.07890625 0.1203125 0.14375
2 0.92578125 0.1125 0.1296875 0.1890625
2 0.615625 0.91640625 0.134375 0.1671875
1 0.73671875 0.8390625 0.16875 0.171875
2 0.21796875 0.0609375 0.1046875 0.121875
2 0.02890625 0.74609375 0.0578125 0.1515625
2 0.0359375 0.91484375 0.071875 0.1703125
1 0.790625 0.94765625 0.15 0.1046875
2 0.45703125 0.05078125 0.1390625 0.1015625