3 0.7734375 0.16640625 0.10625 0.2421875
3 0.08125 0.85703125 0.153125 0.18125
2 0.29453125 0.59609375 0.15 0.1578125
2 0.3765625 0.246875 0.121875 0.2296875
0 0.159375 0.5078125 0.115625 0.19375
2 0.70234375 0.44375 0.1296875 0.2171875
2 0.76171875 0.65546875 0.165625 0.178125
1 0.64765625 0.84921875 0.1796875 0.1671875
2 0.61953125 0.27578125 0.1453125 0.159375
2 0.178125 0.2859375 0.125 0.1921875
2 0.1625 0.1046875 0.1359375 0.16875
2 0.1234375 0.71171875 0.128125 0.1484375
2 0.653125 0.70390625 0.1265625 0.1671875
2 0.79453125 0.91953125 0.1796875 0.1609375
2 0.82578125 0.46171875 0.15 0.2359375
2 0.6234375 0.10703125 0.1390625 0.190625
3 0.071875 0.18359375 0.0984375 0.253125
2 0.72265625 0.0765625 0.1234375 0.153125
2 0.390625 0.0234375 0.134375 0.046875
2 0.54296875 0.02890625 0.1328125 0.0578125
2 0.05546875 0.61875 0.1109375 0.15