1 0.45625 0.4640625 0.1484375 0.184375
1 0.5625 0.85703125 0.1828125 0.209375
3 0.3828125 0.83671875 0.1875 0.2015625
3 0.9359375 0.83125 0.115625 0.275
3 0.6953125 0.8265625 0.103125 0.1984375
2 0.77109375 0.7296875 0.15 0.190625
2 0.63671875 0.640625 0.1546875 0.190625
2 0.78984375 0.55859375 0.14375 0.16875
2 0.60234375 0.221875 0.15625 0.19375
2 0.11171875 0.6609375 0.1046875 0.1890625
2 0.07421875 0.52109375 0.1484375 0.1765625
0 0.24609375 0.54609375 0.1546875 0.13125
2 0.20625 0.69140625 0.1375 0.165625
2 0.69296875 0.15546875 0.1328125 0.1875
1 0.14375 0.3953125 0.1796875 0.23125
2 0.20234375 0.1859375 0.14375 0.1421875
2 0.071875 0.14765625 0.134375 0.184375
2 0.8640625 0.07890625 0.175 0.1578125
2 0.959375 0.2375 0.08125 0.209375
2 0.67109375 0.02109375 0.1359375 0.0421875
1 0.9265625 0.64296875 0.1390625 0.1640625
2 0.04921875 0.0640625 0.0984375 0.128125
2 0.009375 0.63359375 0.01875 0.1328125
2 0.03515625 0.296875 0.0703125 0.1875
2 0.0140625 0.41953125 0.028125 0.1234375
2 0.69765625 0.98984375 0.1140625 0.0203125
2 0.90625 0.9890625 0.06875 0.021875