1 0.32421875 0.825 0.1234375 0.1515625
1 0.96484375 0.91875 0.0703125 0.1625
1 0.540625 0.4546875 0.140625 0.1890625
1 0.7984375 0.66640625 0.134375 0.178125
1 0.89296875 0.22578125 0.128125 0.1375
1 0.44140625 0.13203125 0.140625 0.1625
1 0.8671875 0.0359375 0.121875 0.071875
2 0.64296875 0.75234375 0.1875 0.1140625
2 0.90546875 0.76328125 0.1140625 0.1296875
2 0.165625 0.86796875 0.15625 0.171875
2 0.13125 0.66640625 0.1125 0.134375
2 0.19765625 0.28203125 0.1328125 0.171875
2 0.2703125 0.07734375 0.109375 0.1546875
2 0.35703125 0.61796875 0.11875 0.1234375
2 0.6046875 0.209375 0.15 0.1671875
2 0.79453125 0.34375 0.1390625 0.1609375
0 0.95625 0.409375 0.0875 0.15625
2 0.153125 0.1265625 0.134375 0.1625
2 0.40703125 0.2984375 0.125 0.1640625
2 0.6546875 0.05703125 0.125 0.1140625
2 0.65546875 0.3734375 0.125 0.1671875
1 0.60859375 0.884375 0.115625 0.134375
2 0.25 0.5375 0.13125 0.134375
2 0.8265625 0.884375 0.134375 0.125
1 0.06484375 0.790625 0.1296875 0.184375
2 0.10390625 0.41953125 0.1734375 0.209375
2 0.10703125 0.534375 0.1578125 0.134375
1 0.13828125 0.9703125 0.1421875 0.059375
1 0.3765625 0.975 0.14375 0.05
2 0.515625 0.93203125 0.15 0.1359375
2 0.78359375 0.97734375 0.1328125 0.0453125
2 0.884375 0.4671875 0.1375 0.1859375
1 0.98125 0.23203125 0.0375 0.1734375
2 0.990625 0.065625 0.01875 0.128125
1 0.04296875 0.140625 0.0859375 0.2