3 0.56796875 0.4453125 0.18125 0.24375
1 0.8609375 0.09765625 0.1234375 0.1640625
1 0.78515625 0.22265625 0.128125 0.15625
1 0.28359375 0.16484375 0.1359375 0.1765625
1 0.48203125 0.06484375 0.1234375 0.1296875
1 0.58828125 0.77734375 0.1296875 0.165625
1 0.10703125 0.5671875 0.1296875 0.153125
1 0.165625 0.22109375 0.1234375 0.165625
0 0.659375 0.94140625 0.11875 0.1171875
2 0.93828125 0.51640625 0.1234375 0.1578125
2 0.8328125 0.47421875 0.1234375 0.1640625
2 0.96875 0.6703125 0.0625 0.171875
2 0.3890625 0.29609375 0.184375 0.2078125
2 0.46328125 0.928125 0.1171875 0.14375
2 0.025 0.3078125 0.05 0.159375
2 0.0171875 0.084375 0.034375 0.16875
2 0.1171875 0.028125 0.140625 0.05625
1 0.7890625 0.9609375 0.134375 0.078125
0 0.60234375 0.06640625 0.1296875 0.1328125
2 0.9859375 0.03828125 0.028125 0.0765625