1 0.84765625 0.15078125 0.134375 0.1765625
1 0.2765625 0.096875 0.159375 0.1921875
1 0.621875 0.37265625 0.1578125 0.171875
1 0.54765625 0.5921875 0.134375 0.2
1 0.75546875 0.48203125 0.1828125 0.1703125
1 0.90859375 0.2828125 0.11875 0.15
1 0.43515625 0.13515625 0.1234375 0.1625
1 0.3953125 0.6609375 0.121875 0.1921875
1 0.16640625 0.85234375 0.1328125 0.1421875
1 0.9125 0.62265625 0.1125 0.1421875
1 0.7328125 0.83125 0.1359375 0.175
0 0.8796875 0.76015625 0.2046875 0.1359375
2 0.3890625 0.415625 0.140625 0.1671875
2 0.05625 0.5296875 0.1125 0.153125
1 0.1625 0.6375 0.121875 0.1640625
2 0.2765625 0.515625 0.140625 0.321875
2 0.6375 0.2015625 0.1328125 0.178125
2 0.14375 0.0734375 0.125 0.146875
1 0.16953125 0.2375 0.13125 0.19375
2 0.7171875 0.63046875 0.1296875 0.1546875
2 0.6375 0.734375 0.1515625 0.1828125
1 0.6671875 0.9703125 0.11875 0.059375
1 0.3078125 0.96015625 0.1375 0.0796875
2 0.9703125 0.52734375 0.059375 0.1890625
2 0.8515625 0.02734375 0.125 0.0546875
2 0.684375 0.0125 0.121875 0.025
2 0.48203125 0.01796875 0.1453125 0.0359375
2 0.4671875 0.9296875 0.11875 0.0921875
2 0.48359375 0.96953125 0.1296875 0.0609375
2 0.025 0.25859375 0.05 0.1453125
2 0.02421875 0.03828125 0.0484375 0.0765625
2 0.96015625 0.96171875 0.0796875 0.0765625
2 0.02265625 0.85625 0.0453125 0.125
2 0.0265625 0.703125 0.053125 0.134375
2 0.03984375 0.7875 0.0796875 0.121875