0 0.85390625 0.428125 0.1359375 0.2578125
3 0.37109375 0.31953125 0.1515625 0.18125
3 0.509375 0.8765625 0.11875 0.2453125
3 0.08671875 0.4484375 0.134375 0.25625
2 0.70546875 0.60859375 0.125 0.1875
2 0.55 0.56953125 0.1046875 0.159375
2 0.475 0.4484375 0.1234375 0.153125
2 0.64609375 0.221875 0.153125 0.175
2 0.51953125 0.13125 0.1515625 0.165625
2 0.3828125 0.12890625 0.1390625 0.19375
2 0.2921875 0.56953125 0.153125 0.1640625
2 0.3 0.75 0.140625 0.1890625
2 0.13828125 0.7296875 0.146875 0.16875
2 0.615625 0.8734375 0.1125 0.1484375
2 0.78046875 0.325 0.121875 0.215625
2 0.84921875 0.07421875 0.1203125 0.1484375
2 0.24609375 0.21171875 0.1140625 0.140625
2 0.34453125 0.44609375 0.140625 0.1484375
3 0.43828125 0.8171875 0.0703125 0.19375
2 0.215625 0.0578125 0.165625 0.115625
2 0.909375 0.56171875 0.1515625 0.16875
2 0.73359375 0.04765625 0.1390625 0.0953125
2 0.9640625 0.05078125 0.071875 0.0984375
2 0.97578125 0.725 0.0484375 0.171875
2 0.97421875 0.46953125 0.0515625 0.1234375
2 0.63515625 0.96953125 0.1078125 0.0609375
2 0.0171875 0.6890625 0.034375 0.190625
2 0.021875 0.47734375 0.04375 0.2015625
2 0.9859375 0.1734375 0.028125 0.11875
0 0.38984375 0.9546875 0.1171875 0.090625
2 0.4625 0.01953125 0.090625 0.0390625
2 0.98515625 0.33359375 0.0296875 0.1421875