0 0.40546875 0.21171875 0.1734375 0.3203125
0 0.50390625 0.5796875 0.1765625 0.15625
0 0.84609375 0.4171875 0.1703125 0.1671875
2 0.07265625 0.7 0.1453125 0.203125
3 0.1671875 0.7421875 0.1359375 0.1953125
0 0.67109375 0.36328125 0.1515625 0.21875
2 0.76328125 0.22421875 0.1734375 0.23125
2 0.92109375 0.25 0.146875 0.1921875
2 0.6828125 0.64140625 0.178125 0.228125
2 0.13671875 0.1546875 0.1828125 0.240625
2 0.39609375 0.75234375 0.1890625 0.221875
2 0.31796875 0.92734375 0.1734375 0.1453125
2 0.4890625 0.91484375 0.171875 0.1703125
2 0.934375 0.7046875 0.13125 0.2375
2 0.4671875 0.29921875 0.1765625 0.2125
2 0.5515625 0.440625 0.1671875 0.178125
2 0.85859375 0.09453125 0.1734375 0.1890625
2 0.9015625 0.93359375 0.196875 0.1328125
2 0.63125 0.02578125 0.13125 0.0515625
2 0.4453125 0.02578125 0.159375 0.0515625
2 0.94453125 0.4578125 0.1109375 0.215625
2 0.02890625 0.07734375 0.0578125 0.1546875