3 0.78203125 0.46171875 0.125 0.2484375
0 0.38671875 0.38515625 0.125 0.2359375
3 0.31796875 0.05078125 0.2078125 0.1015625
0 0.1609375 0.12265625 0.125 0.2109375
0 0.29765625 0.88515625 0.1609375 0.178125
3 0.07578125 0.45390625 0.0828125 0.25625
1 0.61015625 0.83984375 0.1515625 0.1640625
1 0.5265625 0.64765625 0.1515625 0.2265625
1 0.053125 0.91953125 0.10625 0.1609375
2 0.1890625 0.83671875 0.15 0.2375
2 0.715625 0.17109375 0.11875 0.2109375
2 0.63359375 0.5109375 0.125 0.1921875
2 0.3921875 0.640625 0.1484375 0.1875
2 0.19140625 0.33671875 0.1359375 0.1828125
2 0.16640625 0.66875 0.1484375 0.159375
2 0.41640625 0.79375 0.1359375 0.1671875
2 0.03359375 0.66484375 0.0671875 0.1953125
2 0.82421875 0.16015625 0.115625 0.1734375
2 0.784375 0.04140625 0.159375 0.0828125
2 0.72734375 0.55703125 0.1296875 0.153125
2 0.62421875 0.34453125 0.140625 0.1796875
1 0.325 0.9453125 0.140625 0.109375
2 0.0609375 0.03984375 0.121875 0.0796875
2 0.16015625 0.525 0.1453125 0.1765625