1 0.8578125 0.14140625 0.1453125 0.184375
1 0.28359375 0.08828125 0.1453125 0.1765625
1 0.63046875 0.365625 0.1484375 0.165625
1 0.55546875 0.5875 0.1359375 0.2
1 0.765625 0.4765625 0.1828125 0.16875
1 0.91953125 0.27578125 0.11875 0.1515625
1 0.4421875 0.1265625 0.134375 0.1703125
1 0.4015625 0.65703125 0.121875 0.1953125
1 0.17109375 0.85078125 0.1484375 0.15625
1 0.9234375 0.61875 0.1125 0.140625
1 0.7421875 0.8296875 0.1359375 0.1765625
0 0.890625 0.7578125 0.20625 0.13125
2 0.39609375 0.41015625 0.140625 0.1703125
2 0.0578125 0.52578125 0.103125 0.1453125
1 0.1671875 0.634375 0.1375 0.175
2 0.2828125 0.51015625 0.1296875 0.3203125
2 0.64609375 0.19296875 0.125 0.175
2 0.14921875 0.0671875 0.1140625 0.134375
1 0.175 0.2296875 0.128125 0.1921875
2 0.7265625 0.6265625 0.1296875 0.1546875
2 0.64609375 0.73203125 0.1453125 0.178125
1 0.67578125 0.96875 0.1234375 0.0625
1 0.31484375 0.95703125 0.1421875 0.0859375
2 0.9734375 0.52265625 0.053125 0.1921875
2 0.8625 0.021875 0.125 0.04375
2 0.69296875 0.01015625 0.1234375 0.0203125
2 0.4890625 0.01171875 0.146875 0.0234375
2 0.475 0.92890625 0.1203125 0.09375
2 0.4921875 0.96796875 0.13125 0.0640625
2 0.0265625 0.2515625 0.053125 0.146875
2 0.02578125 0.03359375 0.0515625 0.0671875
2 0.965625 0.9625 0.06875 0.075
2 0.025 0.8546875 0.05 0.125
2 0.028125 0.69921875 0.05625 0.1359375
2 0.04140625 0.78515625 0.0828125 0.1234375