3 0.43359375 0.57265625 0.196875 0.259375
1 0.13203125 0.9265625 0.1296875 0.146875
1 0.20703125 0.80546875 0.14375 0.1703125
1 0.72890625 0.865625 0.140625 0.1828125
1 0.5234375 0.94921875 0.134375 0.1015625
1 0.41171875 0.2265625 0.140625 0.1765625
1 0.9125 0.44609375 0.1359375 0.159375
1 0.8515625 0.80703125 0.128125 0.175
0 0.3390625 0.05859375 0.11875 0.1171875
2 0.05546875 0.4984375 0.1109375 0.1625
2 0.1578125 0.54296875 0.1125 0.1625
3 0.02265625 0.3390625 0.0453125 0.178125
2 0.61875 0.72890625 0.190625 0.215625
2 0.5421875 0.071875 0.11875 0.14375
2 0.98515625 0.71640625 0.0296875 0.1640625
2 0.9015625 0.98828125 0.140625 0.0234375
1 0.20390625 0.03671875 0.1359375 0.0734375
0 0.39765625 0.95078125 0.1234375 0.0984375