3 0.50078125 0.75546875 0.1828125 0.2859375
0 0.1515625 0.63984375 0.1234375 0.196875
3 0.834375 0.49453125 0.1078125 0.259375
2 0.6015625 0.14375 0.1421875 0.196875
2 0.3796875 0.0703125 0.13125 0.140625
2 0.24765625 0.1765625 0.146875 0.2
1 0.2359375 0.35859375 0.1765625 0.184375
2 0.0640625 0.1484375 0.128125 0.175
1 0.60390625 0.478125 0.153125 0.1828125
2 0.146875 0.93984375 0.146875 0.1203125
2 0.39609375 0.5296875 0.1328125 0.184375
2 0.40234375 0.79375 0.1328125 0.196875
1 0.73125 0.928125 0.16875 0.14375
3 0.11171875 0.53203125 0.1046875 0.2140625
1 0.234375 0.03046875 0.16875 0.0609375
2 0.01875 0.04375 0.0375 0.0875
3 0.04765625 0.325 0.0953125 0.2125
3 0.728125 0.47890625 0.11875 0.228125
2 0.553125 0.6359375 0.121875 0.1765625