1 0.521875 0.515625 0.175 0.20625
1 0.409375 0.10703125 0.190625 0.2140625
3 0.6 0.12734375 0.2046875 0.215625
3 0.03828125 0.1359375 0.0765625 0.271875
0 0.2703125 0.13828125 0.1078125 0.20625
2 0.18984375 0.2390625 0.1421875 0.1875
2 0.33203125 0.3328125 0.1609375 0.196875
2 0.1703125 0.4171875 0.171875 0.1921875
2 0.36796875 0.76875 0.1671875 0.20625
2 0.8859375 0.3109375 0.0984375 0.1921875
2 0.92578125 0.4578125 0.1484375 0.178125
0 0.74375 0.43046875 0.153125 0.1234375
2 0.7859375 0.27890625 0.1390625 0.1671875
2 0.271875 0.8375 0.1484375 0.2015625
1 0.85234375 0.5875 0.1859375 0.2390625
2 0.78984375 0.80546875 0.1609375 0.1578125
2 0.928125 0.84609375 0.128125 0.1828125
2 0.09140625 0.91875 0.1796875 0.1625
2 0.015625 0.75 0.03125 0.2125
2 0.2953125 0.97734375 0.14375 0.0453125
1 0.04609375 0.3265625 0.0921875 0.165625
2 0.946875 0.93125 0.10625 0.1375
2 0.9890625 0.33984375 0.021875 0.1359375
3 0.96328125 0.690625 0.0734375 0.196875
2 0.98671875 0.56328125 0.0265625 0.1265625