1 0.1421875 0.14140625 0.1453125 0.184375
1 0.71640625 0.08828125 0.1453125 0.1765625
1 0.36953125 0.365625 0.1484375 0.165625
1 0.44453125 0.5875 0.1359375 0.2
1 0.234375 0.4765625 0.1828125 0.16875
1 0.08046875 0.27578125 0.11875 0.1515625
1 0.5578125 0.1265625 0.134375 0.1703125
1 0.5984375 0.65703125 0.121875 0.1953125
1 0.82890625 0.85078125 0.1484375 0.15625
1 0.0765625 0.61875 0.1125 0.140625
1 0.2578125 0.8296875 0.1359375 0.1765625
0 0.109375 0.7578125 0.20625 0.13125
2 0.60390625 0.41015625 0.140625 0.1703125
2 0.9421875 0.52578125 0.103125 0.1453125
1 0.8328125 0.634375 0.1375 0.175
2 0.7171875 0.51015625 0.1296875 0.3203125
2 0.35390625 0.19296875 0.125 0.175
2 0.85078125 0.0671875 0.1140625 0.134375
1 0.825 0.2296875 0.128125 0.1921875
2 0.2734375 0.6265625 0.1296875 0.1546875
2 0.35390625 0.73203125 0.1453125 0.178125
1 0.32421875 0.96875 0.1234375 0.0625
1 0.68515625 0.95703125 0.1421875 0.0859375
2 0.0265625 0.52265625 0.053125 0.1921875
2 0.1375 0.021875 0.125 0.04375
2 0.30703125 0.01015625 0.1234375 0.0203125
2 0.5109375 0.01171875 0.146875 0.0234375
2 0.525 0.92890625 0.1203125 0.09375
2 0.5078125 0.96796875 0.13125 0.0640625
2 0.9734375 0.2515625 0.053125 0.146875
2 0.97421875 0.03359375 0.0515625 0.0671875
2 0.034375 0.9625 0.06875 0.075
2 0.975 0.8546875 0.05 0.125
2 0.971875 0.69921875 0.05625 0.1359375
2 0.95859375 0.78515625 0.0828125 0.1234375