3 0.6109375 0.19140625 0.0796875 0.2234375
0 0.4671875 0.62890625 0.19375 0.1734375
0 0.10234375 0.45625 0.16875 0.165625
2 0.92890625 0.7578125 0.1421875 0.20625
3 0.82578125 0.80234375 0.1453125 0.209375
0 0.2890625 0.3984375 0.159375 0.2296875
2 0.190625 0.25 0.178125 0.2421875
2 0.05390625 0.27734375 0.1078125 0.2109375
2 0.2765625 0.6953125 0.1796875 0.2359375
2 0.85859375 0.17578125 0.2046875 0.2640625
2 0.58203125 0.81328125 0.2015625 0.2359375
2 0.665625 0.95859375 0.18125 0.0828125
2 0.48203125 0.946875 0.1765625 0.10625
2 0.03515625 0.76328125 0.0703125 0.2421875
3 0.46953125 0.31171875 0.0921875 0.17265625
2 0.415625 0.48046875 0.178125 0.1890625
2 0.08984375 0.1046875 0.1734375 0.209375
2 0.071875 0.9703125 0.14375 0.059375
2 0.33125 0.0328125 0.140625 0.065625
2 0.5296875 0.034375 0.171875 0.06875
2 0.025 0.49921875 0.05 0.2203125
2 0.97265625 0.08828125 0.0546875 0.1765625
0 0.540625 0.296875 0.09140625 0.1875