3 0.871875 0.54453125 0.1015625 0.2125
3 0.70390625 0.1125 0.15625 0.1734375
1 0.80078125 0.871875 0.1390625 0.175
1 0.94453125 0.815625 0.1109375 0.159375
1 0.5234375 0.06796875 0.146875 0.1359375
1 0.35 0.1203125 0.1390625 0.159375
1 0.4015625 0.95390625 0.121875 0.0921875
1 0.09765625 0.32734375 0.1296875 0.1734375
2 0.55234375 0.3421875 0.153125 0.209375
2 0.43359375 0.39921875 0.134375 0.20625
2 0.16328125 0.68125 0.15625 0.1578125
2 0.0859375 0.5546875 0.1484375 0.18125
2 0.1890625 0.2375 0.140625 0.1859375
2 0.3 0.32265625 0.159375 0.1875
2 0.415625 0.2375 0.175 0.153125
2 0.759375 0.190625 0.115625 0.1390625
2 0.2953125 0.83515625 0.1484375 0.1609375
1 0.06953125 0.9296875 0.1390625 0.140625
2 0.14375 0.84609375 0.140625 0.128125
1 0.9625 0.23671875 0.075 0.1828125
2 0.68203125 0.97734375 0.1265625 0.0453125
2 0.9765625 0.62109375 0.046875 0.1453125
2 0.03046875 0.28203125 0.0609375 0.1890625