3 0.75390625 0.42109375 0.1125 0.278125
1 0.9203125 0.2109375 0.153125 0.1828125
1 0.94609375 0.60859375 0.1078125 0.1671875
1 0.83203125 0.52265625 0.1203125 0.20625
1 0.54375 0.5 0.159375 0.1765625
1 0.42109375 0.0890625 0.1484375 0.178125
1 0.5703125 0.096875 0.165625 0.19375
2 0.2 0.06484375 0.140625 0.1296875
2 0.134375 0.359375 0.184375 0.1859375
0 0.1703125 0.21328125 0.1765625 0.1125
2 0.75234375 0.8171875 0.16875 0.2265625
2 0.68515625 0.253125 0.1734375 0.2046875
2 0.90546875 0.86484375 0.1859375 0.2171875
2 0.58203125 0.86796875 0.1875 0.234375
1 0.43671875 0.30078125 0.146875 0.171875
2 0.59453125 0.35703125 0.1484375 0.16875
2 0.27578125 0.1796875 0.13125 0.2046875
2 0.325 0.36171875 0.16875 0.25625
2 0.20703125 0.99375 0.1265625 0.0125