3 0.17578125 0.4265625 0.140625 0.1921875
3 0.58984375 0.2421875 0.121875 0.25625
0 0.74609375 0.4421875 0.175 0.1234375
3 0.9609375 0.39453125 0.078125 0.2765625
0 0.8421875 0.25 0.0859375 0.26875
0 0.8984375 0.83984375 0.1703125 0.1890625
2 0.4375 0.33671875 0.16875 0.1875
2 0.7671875 0.72109375 0.153125 0.2
2 0.90625 0.6421875 0.13125 0.1890625
2 0.0640625 0.54296875 0.128125 0.2078125
2 0.234375 0.68984375 0.2078125 0.1875
2 0.42109375 0.890625 0.1609375 0.21875
2 0.0578125 0.253125 0.115625 0.24375
2 0.7265625 0.55234375 0.1390625 0.121875
3 0.86015625 0.09375 0.1453125 0.1875
2 0.2953125 0.15546875 0.1421875 0.2015625
2 0.6734375 0.08671875 0.10625 0.1546875
2 0.53671875 0.0375 0.1390625 0.075
2 0.05078125 0.03046875 0.1015625 0.0609375
2 0.046875 0.76953125 0.09375 0.1640625
0 0.59296875 0.93359375 0.0953125 0.1328125
1 0.85703125 0.94765625 0.1453125 0.1046875
2 0.9734375 0.94765625 0.053125 0.1046875
3 0.08515625 0.9203125 0.1703125 0.159375
1 0.94921875 0.1953125 0.1015625 0.196875
2 0.33515625 0.946875 0.1203125 0.10625
2 0.21796875 0.91875 0.1390625 0.1625
2 0.7296875 0.02734375 0.125 0.0546875
2 0.98515625 0.6484375 0.0296875 0.146875
2 0.51640625 0.9515625 0.1171875 0.096875