3 0.7734375 0.83359375 0.10625 0.2421875
3 0.08125 0.14296875 0.153125 0.18125
2 0.29453125 0.40390625 0.15 0.1578125
2 0.3765625 0.753125 0.121875 0.2296875
0 0.159375 0.4921875 0.115625 0.19375
2 0.70234375 0.55625 0.1296875 0.2171875
2 0.76171875 0.34453125 0.165625 0.178125
1 0.64765625 0.15078125 0.1796875 0.1671875
2 0.61953125 0.72421875 0.1453125 0.159375
2 0.178125 0.7140625 0.125 0.1921875
2 0.1625 0.8953125 0.1359375 0.16875
2 0.1234375 0.28828125 0.128125 0.1484375
2 0.653125 0.29609375 0.1265625 0.1671875
2 0.79453125 0.08046875 0.1796875 0.1609375
2 0.82578125 0.53828125 0.15 0.2359375
2 0.6234375 0.89296875 0.1390625 0.190625
3 0.071875 0.81640625 0.0984375 0.253125
2 0.72265625 0.9234375 0.1234375 0.153125
2 0.390625 0.9765625 0.134375 0.046875
2 0.54296875 0.97109375 0.1328125 0.0578125
2 0.05546875 0.38125 0.1109375 0.15