3 0.21796875 0.53828125 0.125 0.2484375
0 0.61328125 0.61484375 0.125 0.2359375
3 0.68203125 0.94921875 0.2078125 0.1015625
0 0.8390625 0.87734375 0.125 0.2109375
0 0.70234375 0.11484375 0.1609375 0.178125
3 0.92421875 0.54609375 0.0828125 0.25625
1 0.38984375 0.16015625 0.1515625 0.1640625
1 0.4734375 0.35234375 0.1515625 0.2265625
1 0.946875 0.08046875 0.10625 0.1609375
2 0.8109375 0.16328125 0.15 0.2375
2 0.284375 0.82890625 0.11875 0.2109375
2 0.36640625 0.4890625 0.125 0.1921875
2 0.6078125 0.359375 0.1484375 0.1875
2 0.80859375 0.66328125 0.1359375 0.1828125
2 0.83359375 0.33125 0.1484375 0.159375
2 0.58359375 0.20625 0.1359375 0.1671875
2 0.96640625 0.33515625 0.0671875 0.1953125
2 0.17578125 0.83984375 0.115625 0.1734375
2 0.215625 0.95859375 0.159375 0.0828125
2 0.27265625 0.44296875 0.1296875 0.153125
2 0.37578125 0.65546875 0.140625 0.1796875
1 0.675 0.0546875 0.140625 0.109375
2 0.9390625 0.96015625 0.121875 0.0796875
2 0.83984375 0.475 0.1453125 0.1765625