4 0.48828125 0.14296875 0.1859375 0.2265625
1 0.64296875 0.8828125 0.175 0.21875
1 0.10078125 0.73203125 0.1453125 0.1953125
2 0.08671875 0.41484375 0.1734375 0.2359375
2 0.484375 0.471875 0.165625 0.2046875
2 0.4125 0.67578125 0.1859375 0.209375
1 0.28828125 0.8671875 0.1640625 0.19375
2 0.33203125 0.39296875 0.171875 0.1921875
2 0.146875 0.11484375 0.1578125 0.215625
2 0.2828125 0.1890625 0.1609375 0.215625
2 0.0484375 0.1 0.096875 0.2
0 0.0625 0.9046875 0.125 0.159375
2 0.8328125 0.971875 0.15 0.05625
2 0.9640625 0.909375 0.071875 0.18125
2 0.98359375 0.7265625 0.0328125 0.16875