1 0.43828125 0.23984375 0.1484375 0.1953125
1 0.60078125 0.12890625 0.1390625 0.18125
1 0.9015625 0.13359375 0.1375 0.171875
1 0.57421875 0.9359375 0.1453125 0.128125
1 0.0296875 0.43515625 0.059375 0.1671875
1 0.88671875 0.328125 0.128125 0.15625
1 0.97265625 0.32734375 0.0546875 0.2046875
1 0.8078125 0.05390625 0.14375 0.1078125
0 0.05390625 0.95234375 0.1078125 0.0953125
0 0.05234375 0.22890625 0.1046875 0.1828125
2 0.7703125 0.8265625 0.134375 0.153125
2 0.26875 0.75 0.1609375 0.16875
2 0.11484375 0.8078125 0.1328125 0.15625
2 0.0671875 0.6390625 0.134375 0.184375
2 0.21171875 0.42578125 0.153125 0.1765625
2 0.17890625 0.26015625 0.1296875 0.1671875
2 0.87265625 0.7609375 0.1890625 0.1828125
2 0.34375 0.9265625 0.146875 0.146875
2 0.421875 0.84921875 0.121875 0.18125
2 0.67890625 0.021875 0.1609375 0.04375
0 0.70078125 0.28828125 0.1859375 0.1515625
2 0.9390625 0.67421875 0.121875 0.1859375
1 0.79609375 0.9640625 0.1671875 0.071875
2 0.025 0.88828125 0.05 0.2046875
2 0.15625 0.0140625 0.140625 0.028125