3 0.9375 0.41015625 0.125 0.2390625
3 0.76015625 0.8875 0.18125 0.2015625
1 0.8625 0.075 0.1625 0.15
1 0.97890625 0.11171875 0.0421875 0.1703125
1 0.5609375 0.93046875 0.159375 0.1390625
1 0.36953125 0.87890625 0.1484375 0.1703125
1 0.090625 0.65078125 0.1453125 0.1921875
2 0.59296875 0.634375 0.1546875 0.2203125
2 0.46171875 0.571875 0.1546875 0.2296875
2 0.1640625 0.2625 0.1671875 0.1703125
2 0.0828125 0.40078125 0.165625 0.2078125
2 0.1921875 0.75 0.153125 0.203125
2 0.3140625 0.65625 0.1875 0.215625
2 0.4421875 0.75 0.2078125 0.1859375
2 0.82109375 0.8015625 0.134375 0.159375
2 0.309375 0.09375 0.171875 0.1828125
1 0.06484375 0.0328125 0.1296875 0.065625
2 0.1421875 0.08125 0.153125 0.1375
2 0.0203125 0.7 0.040625 0.203125