3 0.128125 0.54453125 0.1015625 0.2125
3 0.29609375 0.1125 0.15625 0.1734375
1 0.19921875 0.871875 0.1390625 0.175
1 0.05546875 0.815625 0.1109375 0.159375
1 0.4765625 0.06796875 0.146875 0.1359375
1 0.65 0.1203125 0.1390625 0.159375
1 0.5984375 0.95390625 0.121875 0.0921875
1 0.90234375 0.32734375 0.1296875 0.1734375
2 0.44765625 0.3421875 0.153125 0.209375
2 0.56640625 0.39921875 0.134375 0.20625
2 0.83671875 0.68125 0.15625 0.1578125
2 0.9140625 0.5546875 0.1484375 0.18125
2 0.8109375 0.2375 0.140625 0.1859375
2 0.7 0.32265625 0.159375 0.1875
2 0.584375 0.2375 0.175 0.153125
2 0.240625 0.190625 0.115625 0.1390625
2 0.7046875 0.83515625 0.1484375 0.1609375
1 0.93046875 0.9296875 0.1390625 0.140625
2 0.85625 0.84609375 0.140625 0.128125
1 0.0375 0.23671875 0.075 0.1828125
2 0.31796875 0.97734375 0.1265625 0.0453125
2 0.0234375 0.62109375 0.046875 0.1453125
2 0.96953125 0.28203125 0.0609375 0.1890625