4 0.51171875 0.85234375 0.1921875 0.23125
1 0.35703125 0.1125 0.1703125 0.215625
1 0.89921875 0.2625 0.1515625 0.196875
2 0.9109375 0.5796875 0.178125 0.240625
2 0.515625 0.52265625 0.1609375 0.2015625
2 0.5875 0.31875 0.1890625 0.2109375
1 0.71171875 0.12734375 0.178125 0.20625
2 0.66796875 0.60234375 0.1703125 0.1921875
2 0.853125 0.88046875 0.14375 0.2078125
2 0.7171875 0.80625 0.15625 0.2125
2 0.95078125 0.896875 0.0984375 0.20625
0 0.940625 0.08984375 0.11875 0.1484375
2 0.1671875 0.02734375 0.153125 0.0546875
2 0.03828125 0.08828125 0.0765625 0.1765625
2 0.01640625 0.26875 0.0328125 0.16875