3 0.7015625 0.58125 0.0984375 0.2671875
1 0.86171875 0.78515625 0.1546875 0.1828125
1 0.90859375 0.39921875 0.1578125 0.1703125
1 0.7765625 0.48359375 0.11875 0.2015625
1 0.49765625 0.50546875 0.1515625 0.16875
1 0.37890625 0.90859375 0.1421875 0.1828125
1 0.5234375 0.8984375 0.171875 0.203125
2 0.165625 0.93046875 0.140625 0.1390625
2 0.1015625 0.64140625 0.16875 0.1703125
0 0.1359375 0.7828125 0.1640625 0.0953125
2 0.69921875 0.1984375 0.1640625 0.2203125
2 0.634375 0.74453125 0.1671875 0.1984375
2 0.84765625 0.15234375 0.1765625 0.20625
2 0.534375 0.14921875 0.18125 0.225
1 0.39453125 0.6984375 0.15 0.171875
2 0.546875 0.64375 0.134375 0.15625
2 0.2390625 0.815625 0.1390625 0.2046875
2 0.2859375 0.6390625 0.1734375 0.253125
2 0.97734375 0.7671875 0.0453125 0.196875
2 0.3359375 0.01171875 0.125 0.0234375
2 0.171875 0.0171875 0.121875 0.034375