0 0.73046875 0.721875 0.1171875 0.2140625
0 0.4734375 0.74453125 0.1 0.23125
2 0.33828125 0.384375 0.1125 0.134375
2 0.03359375 0.51640625 0.0671875 0.2265625
2 0.1125 0.04453125 0.1125 0.0890625
2 0.31171875 0.2265625 0.096875 0.1296875
2 0.515625 0.646875 0.1140625 0.121875
1 0.18046875 0.48203125 0.134375 0.1609375
1 0.7 0.39453125 0.146875 0.1828125
1 0.49453125 0.28359375 0.1375 0.1640625
1 0.91953125 0.146875 0.1421875 0.178125
1 0.334375 0.87890625 0.13125 0.1453125
1 0.08828125 0.84296875 0.1265625 0.18125
1 0.31328125 0.64140625 0.15 0.1859375
1 0.18828125 0.2421875 0.13125 0.18125
1 0.8921875 0.721875 0.1171875 0.15
2 0.5453125 0.92421875 0.134375 0.1515625
2 0.91328125 0.89140625 0.1421875 0.196875
2 0.6 0.0828125 0.134375 0.165625
1 0.7234375 0.15703125 0.1734375 0.175
2 0.2015625 0.940625 0.103125 0.11875
2 0.01953125 0.253125 0.0390625 0.15625
2 0.0265625 0.08359375 0.053125 0.1671875
1 0.778125 0.05390625 0.159375 0.1078125
2 0.44140625 0.94921875 0.1453125 0.1015625