1 0.56171875 0.23984375 0.1484375 0.1953125
1 0.39921875 0.12890625 0.1390625 0.18125
1 0.0984375 0.13359375 0.1375 0.171875
1 0.42578125 0.9359375 0.1453125 0.128125
1 0.9703125 0.43515625 0.059375 0.1671875
1 0.11328125 0.328125 0.128125 0.15625
1 0.02734375 0.32734375 0.0546875 0.2046875
1 0.1921875 0.05390625 0.14375 0.1078125
0 0.94609375 0.95234375 0.1078125 0.0953125
0 0.94765625 0.22890625 0.1046875 0.1828125
2 0.2296875 0.8265625 0.134375 0.153125
2 0.73125 0.75 0.1609375 0.16875
2 0.88515625 0.8078125 0.1328125 0.15625
2 0.9328125 0.6390625 0.134375 0.184375
2 0.78828125 0.42578125 0.153125 0.1765625
2 0.82109375 0.26015625 0.1296875 0.1671875
2 0.12734375 0.7609375 0.1890625 0.1828125
2 0.65625 0.9265625 0.146875 0.146875
2 0.578125 0.84921875 0.121875 0.18125
2 0.32109375 0.021875 0.1609375 0.04375
0 0.29921875 0.28828125 0.1859375 0.1515625
2 0.0609375 0.67421875 0.121875 0.1859375
1 0.20390625 0.9640625 0.1671875 0.071875
2 0.975 0.88828125 0.05 0.2046875
2 0.84375 0.0140625 0.140625 0.028125