1 0.67578125 0.175 0.1234375 0.1515625
1 0.03515625 0.08125 0.0703125 0.1625
1 0.459375 0.5453125 0.140625 0.1890625
1 0.2015625 0.33359375 0.134375 0.178125
1 0.10703125 0.77421875 0.128125 0.1375
1 0.55859375 0.86796875 0.140625 0.1625
1 0.1328125 0.9640625 0.121875 0.071875
2 0.35703125 0.24765625 0.1875 0.1140625
2 0.09453125 0.23671875 0.1140625 0.1296875
2 0.834375 0.13203125 0.15625 0.171875
2 0.86875 0.33359375 0.1125 0.134375
2 0.80234375 0.71796875 0.1328125 0.171875
2 0.7296875 0.92265625 0.109375 0.1546875
2 0.64296875 0.38203125 0.11875 0.1234375
2 0.3953125 0.790625 0.15 0.1671875
2 0.20546875 0.65625 0.1390625 0.1609375
0 0.04375 0.590625 0.0875 0.15625
2 0.846875 0.8734375 0.134375 0.1625
2 0.59296875 0.7015625 0.125 0.1640625
2 0.3453125 0.94296875 0.125 0.1140625
2 0.34453125 0.6265625 0.125 0.1671875
1 0.39140625 0.115625 0.115625 0.134375
2 0.75 0.4625 0.13125 0.134375
2 0.1734375 0.115625 0.134375 0.125
1 0.93515625 0.209375 0.1296875 0.184375
2 0.89609375 0.58046875 0.1734375 0.209375
2 0.89296875 0.465625 0.1578125 0.134375
1 0.86171875 0.0296875 0.1421875 0.059375
1 0.6234375 0.025 0.14375 0.05
2 0.484375 0.06796875 0.15 0.1359375
2 0.21640625 0.02265625 0.1328125 0.0453125
2 0.115625 0.5328125 0.1375 0.1859375
1 0.01875 0.76796875 0.0375 0.1734375
2 0.009375 0.934375 0.01875 0.128125
1 0.95703125 0.859375 0.0859375 0.2