3 0.76953125 0.16640625 0.1140625 0.2453125
3 0.07734375 0.85625 0.1546875 0.184375
2 0.290625 0.59609375 0.15625 0.1640625
2 0.37265625 0.246875 0.13125 0.2328125
0 0.15546875 0.5078125 0.1125 0.190625
2 0.69921875 0.44375 0.1421875 0.2234375
2 0.7578125 0.65546875 0.1625 0.1765625
1 0.64375 0.84921875 0.178125 0.165625
2 0.615625 0.27578125 0.146875 0.159375
2 0.17421875 0.2859375 0.1234375 0.190625
2 0.159375 0.1046875 0.1328125 0.1671875
2 0.11953125 0.71171875 0.134375 0.153125
2 0.65 0.70390625 0.1375 0.175
2 0.790625 0.921875 0.171875 0.15625
2 0.821875 0.46171875 0.1421875 0.23125
2 0.61953125 0.10703125 0.134375 0.1859375
3 0.06796875 0.18359375 0.096875 0.253125
2 0.71875 0.0765625 0.121875 0.153125
2 0.3875 0.02421875 0.134375 0.0484375
2 0.5390625 0.02890625 0.134375 0.0578125
2 0.05390625 0.61875 0.1078125 0.15