3 0.56640625 0.57265625 0.196875 0.259375
1 0.86796875 0.9265625 0.1296875 0.146875
1 0.79296875 0.80546875 0.14375 0.1703125
1 0.27109375 0.865625 0.140625 0.1828125
1 0.4765625 0.94921875 0.134375 0.1015625
1 0.58828125 0.2265625 0.140625 0.1765625
1 0.0875 0.44609375 0.1359375 0.159375
1 0.1484375 0.80703125 0.128125 0.175
0 0.6609375 0.05859375 0.11875 0.1171875
2 0.94453125 0.4984375 0.1109375 0.1625
2 0.8421875 0.54296875 0.1125 0.1625
3 0.97734375 0.3390625 0.0453125 0.178125
2 0.38125 0.72890625 0.190625 0.215625
2 0.4578125 0.071875 0.11875 0.14375
2 0.01484375 0.71640625 0.0296875 0.1640625
2 0.0984375 0.98828125 0.140625 0.0234375
1 0.79609375 0.03671875 0.1359375 0.0734375
0 0.60234375 0.95078125 0.1234375 0.0984375