0 0.5296875 0.7375 0.1609375 0.265625
0 0.8609375 0.62734375 0.0984375 0.178125
3 0.2140625 0.48984375 0.1125 0.2484375
2 0.434375 0.15703125 0.1359375 0.1875
2 0.64765625 0.08046875 0.1359375 0.1609375
2 0.76953125 0.18828125 0.1421875 0.190625
1 0.78046875 0.3609375 0.171875 0.178125
2 0.93828125 0.159375 0.1234375 0.171875
1 0.4328125 0.47421875 0.1578125 0.184375
2 0.86484375 0.92734375 0.1421875 0.1453125
2 0.62890625 0.5234375 0.128125 0.1796875
2 0.6234375 0.7734375 0.1375 0.19375
1 0.3125 0.91328125 0.175 0.1734375
3 0.8984375 0.525 0.103125 0.2046875
1 0.78203125 0.03828125 0.1609375 0.0765625
2 0.98359375 0.05625 0.0328125 0.09375
2 0.95546875 0.32890625 0.0890625 0.2015625
0 0.31484375 0.475 0.1 0.2125
2 0.92421875 0.9828125 0.0890625 0.034375
2 0.48046875 0.62421875 0.1203125 0.171875