1 0.47734375 0.44140625 0.146875 0.1890625
1 0.259375 0.36484375 0.1640625 0.2078125
1 0.08515625 0.08359375 0.1359375 0.1671875
3 0.90546875 0.290625 0.1625 0.3015625
0 0.5984375 0.85234375 0.1734375 0.2328125
1 0.05234375 0.68984375 0.1046875 0.2328125
1 0.09296875 0.403125 0.1640625 0.2421875
2 0.26484375 0.8828125 0.15625 0.2125
2 0.63984375 0.3421875 0.1875 0.2296875
2 0.7671875 0.640625 0.1828125 0.2109375
2 0.92734375 0.8703125 0.1453125 0.24375
2 0.3484375 0.69609375 0.190625 0.2171875
0 0.47265625 0.925 0.1109375 0.15
2 0.94609375 0.184375 0.1078125 0.25
2 0.16015625 0.73984375 0.159375 0.2625
2 0.8484375 0.94609375 0.1625 0.1078125
2 0.9265625 0.56484375 0.146875 0.2453125