2 0.23671875 0.6703125 0.1421875 0.1765625
2 0.4171875 0.55703125 0.146875 0.1640625
2 0.55390625 0.7734375 0.209375 0.2015625
2 0.09609375 0.71640625 0.1203125 0.1734375
1 0.89453125 0.70625 0.15 0.1890625
2 0.4984375 0.353125 0.1875 0.2046875
2 0.91953125 0.43046875 0.1421875 0.1703125
2 0.06796875 0.95625 0.1359375 0.0875
2 0.48359375 0.92734375 0.1953125 0.1453125
2 0.4078125 0.0890625 0.2125 0.178125
2 0.03984375 0.10234375 0.0796875 0.2046875
2 0.6046875 0.028125 0.18125 0.05625
2 0.95 0.953125 0.096875 0.09375
2 0.828125 0.01171875 0.103125 0.0234375
2 0.64140625 0.975 0.1484375 0.05