3 0.17578125 0.5734375 0.140625 0.1921875
3 0.58984375 0.7578125 0.121875 0.25625
0 0.74609375 0.5578125 0.175 0.1234375
3 0.9609375 0.60546875 0.078125 0.2765625
0 0.8421875 0.75 0.0859375 0.26875
0 0.8984375 0.16015625 0.1703125 0.1890625
2 0.4375 0.66328125 0.16875 0.1875
2 0.7671875 0.27890625 0.153125 0.2
2 0.90625 0.3578125 0.13125 0.1890625
2 0.0640625 0.45703125 0.128125 0.2078125
2 0.234375 0.31015625 0.2078125 0.1875
2 0.42109375 0.109375 0.1609375 0.21875
2 0.0578125 0.746875 0.115625 0.24375
2 0.7265625 0.44765625 0.1390625 0.121875
3 0.86015625 0.90625 0.1453125 0.1875
2 0.2953125 0.84453125 0.1421875 0.2015625
2 0.6734375 0.91328125 0.10625 0.1546875
2 0.53671875 0.9625 0.1390625 0.075
2 0.05078125 0.96953125 0.1015625 0.0609375
2 0.046875 0.23046875 0.09375 0.1640625
0 0.59296875 0.06640625 0.0953125 0.1328125
1 0.85703125 0.05234375 0.1453125 0.1046875
2 0.9734375 0.05234375 0.053125 0.1046875
3 0.08515625 0.0796875 0.1703125 0.159375
1 0.94921875 0.8046875 0.1015625 0.196875
2 0.33515625 0.053125 0.1203125 0.10625
2 0.21796875 0.08125 0.1390625 0.1625
2 0.7296875 0.97265625 0.125 0.0546875
2 0.98515625 0.3515625 0.0296875 0.146875
2 0.51640625 0.0484375 0.1171875 0.096875