1 0.585002 0.207031 0.133337 0.089844
1 0.382497 0.373047 0.161671 0.085938
1 0.488333 0.809570 0.226673 0.076172
1 0.730006 0.101563 0.116670 0.066406
3 0.269994 0.294922 0.116670 0.089844
4 0.613336 0.671875 0.146671 0.203125
4 0.872510 0.819336 0.095003 0.119141
4 0.884177 0.364258 0.105003 0.087891
4 0.887511 0.163086 0.095003 0.115234
4 0.800008 0.210938 0.090002 0.132813
4 0.742507 0.160156 0.095003 0.125000
4 0.795842 0.038086 0.091669 0.076172
4 0.397497 0.165039 0.091669 0.111328
4 0.259160 0.143555 0.091669 0.119141
4 0.128323 0.038086 0.113336 0.076172
4 0.049994 0.082031 0.099988 0.113281
4 0.067488 0.424805 0.095003 0.103516
4 0.164157 0.695313 0.081669 0.093750
4 0.197492 0.798828 0.098336 0.109375