1 0.739173 0.627930 0.135004 0.146484
1 0.879177 0.256836 0.135004 0.080078
1 0.811675 0.830078 0.110003 0.144531
1 0.765007 0.943359 0.076669 0.105469
3 0.259160 0.862305 0.095003 0.138672
3 0.797508 0.487305 0.098336 0.162109
3 0.330829 0.879883 0.121670 0.115234
1 0.628337 0.942383 0.116670 0.091797
1 0.034987 0.232422 0.056668 0.136719
1 0.549168 0.182617 0.078335 0.099609
3 0.189158 0.344727 0.081669 0.099609
4 0.155824 0.676758 0.101669 0.126953
4 0.277494 0.487305 0.108336 0.107422
4 0.419164 0.404297 0.098336 0.105469
4 0.546668 0.393555 0.080002 0.111328
4 0.379163 0.264648 0.098336 0.119141
4 0.279994 0.371094 0.113336 0.117188
4 0.051654 0.431641 0.100003 0.097656
4 0.035821 0.867188 0.061668 0.085938
4 0.457499 0.904297 0.098336 0.113281
4 0.575002 0.856445 0.093336 0.126953
4 0.623337 0.795898 0.093336 0.123047
4 0.571669 0.494141 0.083336 0.089844
4 0.750840 0.208008 0.061668 0.087891
4 0.720006 0.296875 0.060002 0.066406
4 0.777508 0.265625 0.061668 0.078125
4 0.905011 0.171875 0.080002 0.109375
4 0.796675 0.099609 0.120003 0.062500
4 0.385830 0.103516 0.098336 0.082031
4 0.179991 0.117188 0.113336 0.117188
4 0.277494 0.175781 0.088336 0.105469
4 0.110823 0.290039 0.081669 0.099609
4 0.082488 0.548828 0.118337 0.113281
4 0.036654 0.648438 0.060002 0.113281
4 0.034987 0.947266 0.066669 0.089844
4 0.081655 0.981445 0.090002 0.033203
4 0.913345 0.860352 0.070002 0.115234
4 0.930012 0.729492 0.030001 0.111328
4 0.929179 0.400391 0.038334 0.109375
4 0.858343 0.443359 0.076669 0.109375
4 0.885011 0.339844 0.093336 0.105469
4 0.665005 0.586914 0.096669 0.115234
4 0.743340 0.499023 0.090002 0.111328
4 0.883344 0.583008 0.073335 0.083984
4 0.833343 0.955078 0.093336 0.074219
4 0.693339 0.858398 0.083336 0.087891
