1 0.366663 0.079102 0.113336 0.134766
1 0.961673 0.125000 0.076654 0.089844
1 0.766674 0.314453 0.140004 0.089844
1 0.875010 0.497070 0.143337 0.091797
1 0.576669 0.445313 0.180005 0.054688
1 0.287494 0.494141 0.195005 0.148438
1 0.244993 0.530273 0.153338 0.083984
1 0.212492 0.631836 0.071669 0.150391
1 0.270827 0.620117 0.061668 0.150391
1 0.274994 0.787109 0.086669 0.140625
1 0.194158 0.063477 0.105003 0.126953
1 0.534168 0.497070 0.158338 0.095703
3 0.767507 0.459961 0.088336 0.166016
3 0.590836 0.573242 0.148337 0.107422
1 0.839176 0.087891 0.105003 0.093750
1 0.553335 0.054688 0.153338 0.074219
1 0.294161 0.414063 0.085002 0.105469
1 0.500000 0.753906 0.110003 0.082031
4 0.594169 0.664063 0.098336 0.105469
4 0.334162 0.286133 0.095003 0.115234
4 0.665838 0.178711 0.101669 0.095703
4 0.525834 0.166016 0.088336 0.109375
4 0.269160 0.172852 0.095003 0.115234
4 0.145824 0.192383 0.101669 0.099609
4 0.092489 0.098633 0.078335 0.123047
4 0.079155 0.350586 0.055002 0.107422
4 0.119156 0.289063 0.085002 0.101563
4 0.096656 0.476563 0.080002 0.105469
4 0.155824 0.494141 0.081669 0.093750
4 0.343329 0.756836 0.100003 0.119141
4 0.168324 0.825195 0.103336 0.123047
4 0.885011 0.603516 0.096669 0.113281
4 0.965839 0.372070 0.068321 0.107422
4 0.930012 0.897461 0.130004 0.060547
4 0.714173 0.860352 0.111670 0.115234
4 0.552501 0.898438 0.085002 0.070313
4 0.482500 0.856445 0.115003 0.115234
4 0.373330 0.905273 0.106670 0.048828
4 0.301661 0.907227 0.093336 0.052734
4 0.199992 0.763672 0.090002 0.121094
4 0.500000 0.269531 0.120003 0.105469
4 0.440832 0.333008 0.095003 0.076172
4 0.370830 0.359375 0.095003 0.109375
4 0.401664 0.089844 0.103336 0.062500
4 0.352496 0.174805 0.095003 0.099609
4 0.906678 0.156250 0.076669 0.085938
4 0.861677 0.020508 0.126670 0.041016
4 0.765841 0.050781 0.078335 0.093750
4 0.705839 0.071289 0.091669 0.130859
4 0.575835 0.144531 0.071669 0.105469
4 0.633337 0.225586 0.096669 0.076172
4 0.622503 0.297852 0.111670 0.064453
4 0.603336 0.390625 0.093336 0.078125
4 0.722506 0.710938 0.115003 0.109375
4 0.119156 0.889648 0.081669 0.080078
4 0.070821 0.760742 0.025001 0.111328
4 0.542501 0.385742 0.085002 0.103516
4 0.537501 0.564453 0.115003 0.117188
4 0.974180 0.496094 0.038334 0.121094
