1 0.598336 0.747070 0.076669 0.181641
4 0.378330 0.469727 0.123337 0.126953
4 0.472499 0.567383 0.095003 0.119141
4 0.322495 0.108398 0.128337 0.087891
4 0.189158 0.110352 0.065002 0.087891
4 0.115823 0.213867 0.098336 0.123047
4 0.040821 0.191406 0.071669 0.121094
4 0.026654 0.301758 0.046668 0.099609
4 0.132490 0.509766 0.098336 0.109375
4 0.085822 0.664063 0.098336 0.132813
4 0.160824 0.706055 0.095003 0.146484
4 0.262493 0.694336 0.081669 0.138672
4 0.187491 0.568359 0.075002 0.085938
4 0.455832 0.857422 0.101669 0.160156
4 0.403331 0.708984 0.100003 0.097656
4 0.388330 0.598633 0.100003 0.095703
3 0.330829 0.547852 0.091669 0.099609
4 0.658338 0.670898 0.100003 0.111328
4 0.730006 0.826172 0.093336 0.121094
4 0.866677 0.563477 0.086669 0.107422
4 0.829176 0.355469 0.111670 0.089844
4 0.775841 0.289063 0.141671 0.148438
4 0.565002 0.275391 0.100003 0.117188
4 0.603336 0.149414 0.123337 0.134766
4 0.394997 0.081055 0.070002 0.037109
4 0.525834 0.087891 0.098336 0.046875
4 0.748340 0.124023 0.070002 0.087891
4 0.825842 0.124023 0.071669 0.068359
4 0.898344 0.140625 0.063335 0.105469
4 0.827509 0.208008 0.095003 0.087891
4 0.882511 0.923828 0.095003 0.089844
4 0.775008 0.937500 0.100003 0.105469
4 0.660838 0.916016 0.111670 0.101563
4 0.556668 0.951172 0.116670 0.089844
4 0.668338 0.983398 0.086669 0.025391
4 0.933345 0.965820 0.026667 0.060547
4 0.926678 0.244141 0.036668 0.089844