1 0.154906 0.119780 0.138788 0.072527
1 0.934180 0.930769 0.095651 0.112088
4 0.960438 0.952747 0.073145 0.090110
3 0.954431 0.395604 0.091138 0.061538
4 0.325578 0.149451 0.097527 0.118681
4 0.518755 0.102198 0.090024 0.081319
4 0.620970 0.194505 0.095651 0.094505
4 0.718497 0.130769 0.095651 0.090110
4 0.828214 0.206593 0.082522 0.101099
4 0.932305 0.279121 0.110655 0.149451
4 0.916363 0.445055 0.082522 0.085714
4 0.399660 0.313187 0.099402 0.085714
4 0.330266 0.340659 0.073145 0.105495
4 0.243055 0.261538 0.101278 0.092308
4 0.152093 0.225275 0.088149 0.094505
4 0.082699 0.417582 0.050639 0.096703
4 0.211172 0.516484 0.097527 0.131868
4 0.139902 0.547253 0.086273 0.118681
4 0.090201 0.606593 0.069394 0.131868
4 0.204607 0.658242 0.080647 0.094505
4 0.336831 0.486813 0.075020 0.107692
4 0.411851 0.436264 0.101278 0.098901
4 0.608780 0.317582 0.108780 0.125275
4 0.609717 0.446154 0.088149 0.101099
4 0.811335 0.469231 0.078771 0.107692
4 0.746630 0.594505 0.095651 0.098901
4 0.459677 0.593407 0.095651 0.105495
4 0.286192 0.731868 0.090024 0.109890
4 0.445610 0.751648 0.097527 0.101099
4 0.680987 0.746154 0.110655 0.120879
4 0.949185 0.781319 0.099402 0.116484
4 0.782264 0.975824 0.106904 0.048352
4 0.679111 0.879121 0.088149 0.101099
4 0.471867 0.951648 0.097527 0.079121
4 0.232740 0.900000 0.099402 0.090110
4 0.261810 0.951648 0.131286 0.087912
4 0.083637 0.890110 0.067518 0.096703