1 0.316662 0.179688 0.146671 0.117188
1 0.535834 0.350586 0.088336 0.142578
1 0.580836 0.434570 0.125003 0.103516
1 0.320828 0.895508 0.171671 0.064453
1 0.900844 0.832031 0.148337 0.082031
1 0.966673 0.902344 0.066654 0.058594
1 0.124990 0.135742 0.100003 0.142578
4 0.268327 0.511719 0.106670 0.125000
4 0.153324 0.706055 0.083336 0.119141
4 0.669171 0.053711 0.095003 0.091797
4 0.849176 0.040039 0.091669 0.080078
4 0.139990 0.023438 0.110003 0.046875
4 0.374997 0.036133 0.090002 0.072266
4 0.534168 0.165039 0.078335 0.150391
4 0.482500 0.055664 0.075002 0.083984
4 0.272494 0.032227 0.075002 0.048828
4 0.650837 0.186523 0.128337 0.134766
4 0.700006 0.237305 0.110003 0.103516
4 0.936679 0.136719 0.090002 0.105469
4 0.906678 0.222656 0.130004 0.070313
4 0.857510 0.271484 0.105003 0.113281
4 0.940012 0.358398 0.093336 0.064453
4 0.917512 0.550781 0.078335 0.085938
4 0.585836 0.687500 0.068335 0.113281
4 0.445832 0.615234 0.101669 0.125000
4 0.401664 0.709961 0.080002 0.099609
4 0.317495 0.768555 0.098336 0.091797
4 0.102489 0.873047 0.088336 0.078125
4 0.613336 0.775391 0.096669 0.101563
4 0.573335 0.824219 0.083336 0.082031
4 0.389164 0.841797 0.108336 0.093750
4 0.970006 0.684570 0.059988 0.107422
4 0.877510 0.740234 0.115003 0.101563
4 0.825009 0.886719 0.090002 0.082031
4 0.748340 0.903320 0.076669 0.056641
4 0.637504 0.882813 0.085002 0.085938
