1 0.622503 0.497070 0.215006 0.072266
3 0.463332 0.477539 0.130004 0.076172
1 0.698339 0.899414 0.120003 0.068359
1 0.570002 0.595703 0.116670 0.117188
1 0.555835 0.567383 0.095003 0.060547
1 0.074988 0.811523 0.043335 0.064453
3 0.262493 0.129883 0.078335 0.130859
3 0.718339 0.333008 0.093336 0.083984
4 0.196658 0.607422 0.096669 0.101563
4 0.205825 0.655273 0.085002 0.083984
4 0.198325 0.500000 0.080002 0.089844
4 0.221659 0.379883 0.093336 0.130859
4 0.305828 0.366211 0.095003 0.134766
4 0.380830 0.386719 0.095003 0.070313
4 0.434165 0.191406 0.111670 0.132813
4 0.520001 0.061523 0.096669 0.123046
4 0.604170 0.086914 0.091669 0.083984
4 0.644171 0.161133 0.081669 0.076172
4 0.596669 0.229492 0.076669 0.119141
4 0.510000 0.260742 0.086669 0.087891
4 0.800008 0.144531 0.123337 0.128906
4 0.913345 0.074219 0.083336 0.109375
4 0.164157 0.090820 0.081669 0.111328
4 0.231659 0.033203 0.096669 0.066406
4 0.124156 0.107422 0.081669 0.125000
4 0.113323 0.362305 0.090002 0.119141
4 0.081655 0.471680 0.050001 0.103516
4 0.089989 0.665039 0.073335 0.076172
4 0.634170 0.333984 0.091669 0.101563
4 0.685005 0.395508 0.076669 0.095703
4 0.753340 0.347656 0.110003 0.183594
4 0.572502 0.443359 0.115003 0.109375
4 0.826676 0.301758 0.066669 0.091797
4 0.860010 0.331055 0.093336 0.115234
4 0.965846 0.276367 0.065002 0.146484
4 0.940012 0.414063 0.110003 0.105469
4 0.903344 0.571289 0.100003 0.119141
4 0.804175 0.592773 0.081669 0.111328
4 0.568335 0.720703 0.110003 0.109375
4 0.683338 0.772461 0.090002 0.087891
4 0.847510 0.777344 0.101669 0.128906
4 0.969173 0.664063 0.061654 0.097656
4 0.978340 0.791016 0.043320 0.109375
4 0.510000 0.807617 0.096669 0.095703
4 0.353329 0.818359 0.090002 0.093750
4 0.265827 0.870117 0.095003 0.119141
4 0.078322 0.885742 0.040001 0.076172
4 0.088322 0.744141 0.070002 0.062500
4 0.073322 0.261719 0.030001 0.093750
4 0.680005 0.682617 0.076669 0.072266
4 0.586669 0.899414 0.086669 0.060547
4 0.399997 0.911133 0.056668 0.037109
4 0.980847 0.558594 0.031668 0.101563
4 0.229993 0.908203 0.086669 0.050781
4 0.954179 0.025391 0.085002 0.050781
4 0.855010 0.024414 0.100003 0.041016
4 0.065821 0.081055 0.021667 0.115234