4 0.133323 0.238281 0.103336 0.117188
4 0.366663 0.187500 0.106670 0.089844
4 0.112489 0.361328 0.085002 0.117188
4 0.097489 0.100586 0.085002 0.064453
4 0.404164 0.285156 0.101669 0.082031
4 0.257493 0.380859 0.078335 0.144531
4 0.220826 0.521484 0.071669 0.113281
4 0.331662 0.497070 0.083336 0.087891
4 0.381663 0.388672 0.076669 0.089844
4 0.532501 0.285156 0.125003 0.128906
4 0.622503 0.238281 0.085002 0.105469
4 0.744173 0.271484 0.085002 0.089844
4 0.824176 0.171875 0.091669 0.101563
4 0.916678 0.390625 0.076669 0.117188
4 0.959179 0.250977 0.075002 0.107422
4 0.715006 0.367188 0.080002 0.082031
4 0.720006 0.502930 0.090002 0.119141
4 0.501667 0.395508 0.096669 0.095703
4 0.439165 0.480469 0.091669 0.078125
4 0.532501 0.551758 0.105003 0.076172
4 0.189991 0.631836 0.120003 0.083984
4 0.076655 0.621094 0.030001 0.125000
4 0.173324 0.738281 0.083336 0.109375
4 0.519167 0.663086 0.101669 0.103516
4 0.628337 0.692383 0.096669 0.091797
4 0.602503 0.865234 0.085002 0.070313
4 0.479999 0.945313 0.083336 0.082031
4 0.728340 0.977539 0.106670 0.037109
