4 0.689172 0.250000 0.108336 0.125000
4 0.581669 0.299805 0.116670 0.123047
4 0.433331 0.321289 0.096669 0.095703
4 0.259993 0.338867 0.083336 0.138672
4 0.202492 0.221680 0.085002 0.119141
4 0.182491 0.114258 0.095003 0.091797
4 0.109156 0.162109 0.081669 0.121094
4 0.067488 0.249023 0.075002 0.111328
4 0.031654 0.375977 0.053335 0.099609
4 0.105822 0.479492 0.075002 0.087891
4 0.172491 0.383789 0.081669 0.099609
4 0.057488 0.579102 0.105003 0.134766
4 0.136657 0.747070 0.106670 0.119141
4 0.041654 0.937500 0.076669 0.105469
4 0.258327 0.940430 0.123337 0.083984
4 0.401664 0.625977 0.133337 0.123047
4 0.444998 0.489258 0.113336 0.119141
3 0.305828 0.393555 0.058335 0.146484
3 0.482500 0.756836 0.141671 0.072266
3 0.758340 0.945313 0.133337 0.085938
3 0.669171 0.707031 0.075002 0.128906
4 0.917512 0.305664 0.085002 0.111328
4 0.857510 0.439453 0.085002 0.097656
4 0.634170 0.413086 0.085002 0.119141
4 0.801675 0.164063 0.103336 0.101563
4 0.903344 0.528320 0.080002 0.111328
4 0.695005 0.585938 0.083336 0.105469
4 0.560835 0.728516 0.071669 0.121094
4 0.357496 0.736328 0.105003 0.105469
4 0.247493 0.530273 0.105003 0.126953
3 0.387497 0.819336 0.135004 0.080078
4 0.620837 0.906250 0.098336 0.093750
4 0.650004 0.823242 0.090002 0.083984
4 0.597503 0.964844 0.145004 0.070312
