1 0.600003 0.216797 0.120003 0.140625
1 0.561668 0.721680 0.153338 0.166016
1 0.805008 0.811523 0.123337 0.091797
1 0.969173 0.789063 0.061654 0.054688
1 0.977513 0.876953 0.035001 0.050781
1 0.617503 0.312500 0.121670 0.074219
3 0.077488 0.282227 0.048335 0.111328
3 0.089155 0.597656 0.075002 0.156250
3 0.189158 0.468750 0.101669 0.058594
1 0.962513 0.446289 0.071669 0.115234
4 0.389164 0.226563 0.071669 0.093750
1 0.400831 0.365234 0.148337 0.101563
4 0.401664 0.404297 0.096669 0.093750
0 0.433331 0.589844 0.106670 0.121094
4 0.927512 0.685547 0.095003 0.109375
4 0.900844 0.532227 0.101669 0.119141
4 0.671671 0.552734 0.106670 0.136719
4 0.639171 0.635742 0.101669 0.123047
4 0.586669 0.579102 0.106670 0.119141
4 0.515000 0.692383 0.133337 0.162109
4 0.410831 0.723633 0.091669 0.103516
4 0.409998 0.829102 0.070002 0.076172
4 0.347496 0.850586 0.115003 0.095703
4 0.352496 0.919922 0.115003 0.027344
4 0.584169 0.836914 0.101669 0.091797
4 0.637504 0.760742 0.085002 0.083984
4 0.835009 0.312500 0.093336 0.128906
4 0.875010 0.392578 0.100003 0.117188
4 0.954179 0.286133 0.081669 0.107422
4 0.965839 0.160156 0.068321 0.105469
4 0.954172 0.055664 0.091655 0.099609
4 0.730840 0.038086 0.085002 0.068359
4 0.640837 0.068359 0.091669 0.105469
4 0.725006 0.131836 0.093336 0.095703
4 0.559168 0.046875 0.095003 0.093750
4 0.556668 0.158203 0.113336 0.105469
4 0.397497 0.032227 0.105003 0.064453
4 0.317495 0.012695 0.068335 0.025390
4 0.245826 0.082031 0.088336 0.093750
4 0.147490 0.070313 0.095003 0.109375
4 0.072488 0.054688 0.035001 0.101563
4 0.182491 0.203125 0.095003 0.093750
4 0.067488 0.154297 0.025001 0.066406
4 0.189991 0.308594 0.100003 0.089844
4 0.302495 0.286133 0.098336 0.111328
4 0.271660 0.142578 0.086669 0.101563
4 0.675838 0.353516 0.091669 0.105469
4 0.745007 0.413086 0.093336 0.087891
4 0.510000 0.346680 0.103336 0.103516
4 0.529167 0.442383 0.081669 0.087891
4 0.266660 0.401367 0.153338 0.134766
4 0.114156 0.504883 0.118337 0.138672
4 0.159991 0.586914 0.076669 0.095703
4 0.204992 0.715820 0.093336 0.115234
4 0.100822 0.771484 0.098336 0.113281
4 0.097489 0.884766 0.085002 0.093750
4 0.173324 0.882813 0.093336 0.101563
4 0.941679 0.893555 0.100003 0.076172