1 0.120823 0.563477 0.151671 0.138672
1 0.486666 0.811523 0.176672 0.083984
1 0.581669 0.611328 0.146671 0.085938
1 0.875010 0.154297 0.130004 0.105469
4 0.879177 0.887695 0.128337 0.103516
4 0.852510 0.622070 0.091669 0.126953
4 0.275827 0.030273 0.108336 0.056641
4 0.800008 0.058594 0.120003 0.113281
4 0.755007 0.415039 0.090002 0.119141
4 0.946679 0.551758 0.096669 0.134766
4 0.120823 0.096680 0.091669 0.095703
3 0.585836 0.288086 0.118337 0.068359
4 0.092489 0.190430 0.068335 0.126953
4 0.164157 0.281250 0.071669 0.082031
4 0.178324 0.375000 0.086669 0.074219
4 0.299161 0.354492 0.071669 0.119141
4 0.438332 0.437500 0.096669 0.105469
4 0.432498 0.307617 0.095003 0.095703
4 0.659171 0.472656 0.085002 0.105469
4 0.875010 0.402344 0.073335 0.101563
4 0.954179 0.372070 0.081669 0.115234
4 0.718339 0.157227 0.123337 0.119141
4 0.771674 0.229492 0.126670 0.080078
4 0.665005 0.815430 0.093336 0.111328
4 0.652504 0.737305 0.088336 0.060547
4 0.654171 0.662109 0.101669 0.105469
4 0.319162 0.794922 0.108336 0.140625
4 0.247493 0.893555 0.111670 0.060547
4 0.143323 0.751953 0.086669 0.105469
4 0.227492 0.471680 0.068335 0.095703
4 0.308328 0.479492 0.076669 0.107422
4 0.477499 0.560547 0.075002 0.085938
4 0.543335 0.524414 0.093336 0.083984
1 0.366663 0.546875 0.103336 0.074219
4 0.292494 0.672852 0.115003 0.119141
4 0.458332 0.675781 0.093336 0.105469
4 0.352496 0.644531 0.085002 0.101563
4 0.181658 0.644531 0.086669 0.109375
4 0.514167 0.357422 0.101669 0.078125
4 0.075822 0.865234 0.035001 0.105469
4 0.077488 0.747070 0.038334 0.111328
