1 0.763341 0.127930 0.080002 0.126953
1 0.237493 0.129883 0.131670 0.095703
1 0.404164 0.442383 0.098336 0.123047
3 0.519167 0.501953 0.061668 0.152344
3 0.619170 0.787109 0.098336 0.125000
4 0.323328 0.764648 0.146671 0.123047
4 0.095822 0.281250 0.081669 0.121094
4 0.116656 0.141602 0.090002 0.123047
4 0.380830 0.099609 0.091669 0.070313
4 0.571669 0.098633 0.100003 0.064453
4 0.598336 0.213867 0.096669 0.091797
4 0.587502 0.314453 0.111670 0.093750
4 0.389164 0.295898 0.095003 0.111328
4 0.606670 0.413086 0.090002 0.099609
4 0.436665 0.516602 0.090002 0.091797
4 0.437498 0.633789 0.101669 0.111328
4 0.653338 0.562500 0.076669 0.101563
4 0.873344 0.323242 0.100003 0.138672
4 0.846676 0.448242 0.093336 0.103516
4 0.675005 0.109375 0.116670 0.085938
4 0.070821 0.778320 0.028334 0.107422
4 0.071655 0.877930 0.030001 0.099609
4 0.189991 0.961914 0.090002 0.076172
4 0.286661 0.986328 0.080002 0.027344
4 0.349163 0.882813 0.115003 0.109375
4 0.528334 0.767578 0.110003 0.113281
4 0.198325 0.082031 0.086669 0.039063
4 0.612503 0.673828 0.088336 0.125000
4 0.904178 0.531250 0.081669 0.101563
4 0.964179 0.343750 0.065002 0.117188
4 0.958346 0.421875 0.076669 0.160156
4 0.965013 0.596680 0.060002 0.119141
4 0.800842 0.645508 0.098336 0.123047
4 0.737507 0.683594 0.091669 0.109375
4 0.921678 0.717773 0.080002 0.099609
4 0.871677 0.814453 0.080002 0.121094
4 0.956679 0.864258 0.080002 0.103516
4 0.790008 0.844727 0.080002 0.111328
4 0.724173 0.914063 0.105003 0.113281
4 0.588336 0.953125 0.096669 0.082031
4 0.528334 0.875000 0.076669 0.089844
4 0.910011 0.982422 0.093336 0.035156
4 0.115823 0.972656 0.065002 0.054688
4 0.239993 0.463867 0.083336 0.060547
4 0.303328 0.076172 0.083336 0.027344
4 0.115823 0.785156 0.051668 0.042969