1 0.382497 0.635742 0.151671 0.115234
1 0.117489 0.602539 0.071669 0.150391
1 0.467499 0.819336 0.111670 0.166016
1 0.861677 0.852539 0.070002 0.166016
1 0.381663 0.044922 0.090002 0.089844
4 0.338329 0.222656 0.093336 0.113281
4 0.570835 0.463867 0.105003 0.115234
4 0.789175 0.057617 0.115003 0.107422
4 0.691672 0.857422 0.083336 0.125000
4 0.082488 0.161133 0.121670 0.115234
4 0.657504 0.202148 0.098336 0.095703
3 0.089155 0.403320 0.108336 0.119141
3 0.119990 0.490234 0.106670 0.074219
3 0.854176 0.486328 0.125003 0.113281
4 0.573335 0.063477 0.080002 0.083984
4 0.645004 0.088867 0.116670 0.115234
4 0.439998 0.050781 0.066669 0.085938
4 0.092489 0.050781 0.078335 0.082031
4 0.204992 0.170898 0.083336 0.099609
4 0.789175 0.316406 0.075002 0.125000
4 0.775008 0.203125 0.076669 0.093750
4 0.856677 0.157227 0.113336 0.119141
4 0.922512 0.044922 0.051668 0.085938
4 0.841676 0.389648 0.120003 0.119141
4 0.759174 0.452148 0.118337 0.158203
4 0.858343 0.554688 0.133337 0.113281
4 0.644171 0.776367 0.095003 0.111328
4 0.342496 0.709961 0.088336 0.091797
4 0.020820 0.289063 0.038334 0.085938
4 0.021653 0.430664 0.033334 0.142578
4 0.019987 0.664063 0.033334 0.089844
4 0.047488 0.798828 0.088336 0.117188
4 0.436665 0.906250 0.090002 0.062500
