1 0.560002 0.225586 0.150004 0.080078
1 0.637504 0.030273 0.098336 0.060546
1 0.602503 0.038086 0.078335 0.060547
1 0.449165 0.111328 0.121670 0.109375
1 0.177491 0.072266 0.148337 0.078125
1 0.608336 0.773438 0.166671 0.054688
1 0.459166 0.585938 0.128337 0.062500
1 0.307495 0.616211 0.118337 0.060547
1 0.116656 0.679688 0.146671 0.062500
1 0.540834 0.371094 0.131670 0.070313
1 0.838343 0.393555 0.146671 0.099609
1 0.429165 0.231445 0.125003 0.072266
4 0.040821 0.224609 0.068335 0.089844
4 0.882511 0.242188 0.075002 0.078125
4 0.911678 0.116211 0.076669 0.083984
4 0.686672 0.112305 0.080002 0.103516
4 0.695839 0.209961 0.071669 0.076172
4 0.722506 0.249023 0.075002 0.095703
4 0.652504 0.329102 0.088336 0.087891
4 0.344996 0.380859 0.083336 0.136719
4 0.260827 0.329102 0.095003 0.099609
4 0.269160 0.435547 0.081669 0.089844
4 0.157491 0.366211 0.095003 0.091797
4 0.181658 0.487305 0.096669 0.080078
4 0.160824 0.168945 0.105003 0.119141
4 0.065821 0.077148 0.091669 0.099609
4 0.293328 0.068359 0.110003 0.074219
4 0.256660 0.159180 0.076669 0.099609
4 0.324995 0.228516 0.070002 0.125000
4 0.475833 0.297852 0.081669 0.103516
4 0.419164 0.209961 0.061668 0.080078
4 0.827509 0.562500 0.145004 0.125000
4 0.721673 0.591797 0.103336 0.132813
4 0.701672 0.666992 0.106670 0.076172
4 0.643337 0.882813 0.096669 0.093750
4 0.889177 0.802734 0.088336 0.101563
4 0.868344 0.693359 0.066669 0.089844
4 0.434998 0.674805 0.103336 0.107422
4 0.414164 0.516602 0.075002 0.068359
4 0.538334 0.490234 0.106670 0.097656
4 0.584169 0.569336 0.071669 0.087891
4 0.530001 0.649414 0.076669 0.134766
4 0.620003 0.688477 0.070002 0.091797
4 0.283327 0.696289 0.103336 0.095703
4 0.219992 0.791016 0.090002 0.070313
4 0.130823 0.798828 0.091669 0.121094
4 0.049154 0.675781 0.081669 0.097656
4 0.575835 0.099609 0.081669 0.136719
4 0.808342 0.480469 0.093336 0.085938
4 0.735006 0.795898 0.090002 0.107422
4 0.847510 0.898438 0.098336 0.054688
4 0.490000 0.807617 0.103336 0.123047
4 0.370830 0.774414 0.091669 0.087891
4 0.287494 0.839844 0.085002 0.093750
4 0.385830 0.881836 0.105003 0.087891
4 0.206659 0.595703 0.096669 0.093750
