1 0.354409 0.176525 0.111993 0.153420
1 0.132788 0.256007 0.167201 0.060998
4 0.040368 0.538817 0.080735 0.094270
3 0.086256 0.707024 0.130922 0.075786
3 0.210079 0.590573 0.119880 0.083179
1 0.889137 0.808688 0.121457 0.068392
3 0.559467 0.104436 0.115148 0.090573
4 0.294469 0.956562 0.099374 0.086876
4 0.144619 0.966728 0.083601 0.066543
4 0.132000 0.815157 0.096220 0.121996
4 0.235317 0.809612 0.088333 0.107209
4 0.183264 0.672828 0.091487 0.110906
4 0.124902 0.462107 0.104106 0.110906
4 0.191940 0.368762 0.093065 0.134935
4 0.265287 0.323475 0.075714 0.107209
4 0.394632 0.729205 0.104106 0.109057
4 0.605999 0.887246 0.100952 0.092421
4 0.610731 0.956562 0.047321 0.042514
4 0.740864 0.798521 0.102529 0.096118
4 0.730611 0.707024 0.135654 0.083179
4 0.896235 0.717190 0.100952 0.096118
4 0.809480 0.643253 0.113571 0.110906
4 0.588648 0.594270 0.113571 0.123845
4 0.446685 0.648799 0.069404 0.081331
4 0.748751 0.474122 0.134076 0.112754
4 0.239261 0.172828 0.118303 0.146026
4 0.904122 0.209797 0.075714 0.090573
4 0.922262 0.437153 0.055208 0.123845
4 0.877307 0.524954 0.082023 0.103512
4 0.257401 0.538817 0.085178 0.094270
4 0.433277 0.190388 0.105684 0.121996
4 0.395420 0.078558 0.074136 0.027726