1 0.304995 0.195313 0.170005 0.097656
1 0.767507 0.601563 0.138337 0.093750
1 0.748340 0.459961 0.123337 0.064453
1 0.735840 0.419922 0.135004 0.070313
3 0.673338 0.201172 0.126670 0.113281
3 0.531668 0.113281 0.073335 0.093750
3 0.476666 0.263672 0.136670 0.078125
3 0.473333 0.449219 0.136670 0.074219
1 0.295828 0.826172 0.078335 0.140625
4 0.348329 0.625977 0.086669 0.072266
2 0.272494 0.301758 0.095003 0.126953
4 0.902511 0.147461 0.068335 0.080078
4 0.585836 0.488281 0.071669 0.089844
4 0.644171 0.386719 0.098336 0.097656
4 0.704172 0.322266 0.098336 0.074219
4 0.806675 0.321289 0.056668 0.095703
4 0.878344 0.397461 0.036668 0.115234
4 0.846676 0.466797 0.063335 0.093750
4 0.930845 0.592773 0.115003 0.103516
4 0.852510 0.666992 0.065002 0.107422
4 0.883344 0.804688 0.106670 0.101563
4 0.935845 0.752930 0.111670 0.083984
4 0.915011 0.856445 0.120003 0.099609
4 0.657504 0.945313 0.058335 0.097656
4 0.617503 0.917969 0.135004 0.070313
4 0.645004 0.801758 0.083336 0.091797
4 0.585836 0.675781 0.071669 0.101563
4 0.600836 0.751953 0.081669 0.089844
4 0.478333 0.740234 0.126670 0.054688
4 0.441665 0.750977 0.086669 0.099609
4 0.335829 0.750000 0.091669 0.097656
4 0.234159 0.728516 0.091669 0.089844
4 0.180825 0.612305 0.088336 0.107422
4 0.129990 0.499023 0.080002 0.091797
4 0.124156 0.853516 0.098336 0.097656
4 0.215825 0.881836 0.108336 0.068359
1 0.237493 0.974609 0.148337 0.046875
1 0.670838 0.543945 0.078335 0.087891
1 0.446665 0.361328 0.120003 0.105469
4 0.244993 0.135742 0.116670 0.068359
4 0.962506 0.356445 0.074988 0.119141
4 0.917512 0.217773 0.098336 0.068359
4 0.409998 0.927734 0.093336 0.089844
4 0.088322 0.698242 0.086669 0.111328
