1 0.341519 0.423077 0.178173 0.072527
3 0.615344 0.194505 0.136912 0.081319
3 0.238366 0.801099 0.114406 0.068132
3 0.495311 0.962637 0.118157 0.057143
3 0.542199 0.979121 0.080647 0.037363
4 0.091139 0.118681 0.075020 0.105495
4 0.189603 0.123077 0.080647 0.096703
4 0.266499 0.085714 0.095651 0.048352
4 0.322764 0.089011 0.076896 0.046154
4 0.479369 0.082418 0.097527 0.037363
4 0.905110 0.090110 0.093775 0.052747
4 0.936994 0.083516 0.123784 0.043956
4 0.717559 0.101099 0.082522 0.087912
4 0.674422 0.200000 0.082522 0.109890
4 0.298383 0.136264 0.106904 0.092308
4 0.407162 0.161538 0.091900 0.107692
4 0.418415 0.228571 0.080647 0.092308
4 0.277752 0.214286 0.091900 0.107692
4 0.228051 0.218681 0.090024 0.090110
4 0.122085 0.278022 0.110655 0.103297
4 0.154906 0.394505 0.090024 0.085714
4 0.223362 0.467033 0.084398 0.107692
4 0.335893 0.323077 0.106904 0.096703
4 0.564705 0.300000 0.095651 0.107692
4 0.580647 0.341758 0.078771 0.085714
4 0.874164 0.254945 0.076896 0.092308
4 0.923865 0.361538 0.097527 0.103297
4 0.818837 0.342857 0.090024 0.101099
4 0.782264 0.460440 0.106904 0.120879
4 0.747567 0.568132 0.105029 0.103297
4 0.803833 0.665934 0.071269 0.101099
4 0.898546 0.646154 0.114406 0.127473
4 0.967559 0.768132 0.064882 0.094505
4 0.844156 0.858242 0.084398 0.116484
4 0.859160 0.813187 0.103153 0.101099
4 0.921052 0.940659 0.088149 0.105495
4 0.730688 0.820879 0.138788 0.138462
4 0.647228 0.691209 0.084398 0.103297
4 0.566581 0.663736 0.099402 0.114286
4 0.513129 0.523077 0.097527 0.092308
4 0.409038 0.497802 0.103153 0.090110
4 0.394971 0.605495 0.086273 0.098901
4 0.124898 0.574725 0.105029 0.112088
4 0.194292 0.669231 0.101278 0.120879
4 0.301196 0.660440 0.082522 0.107692
4 0.441859 0.703297 0.093775 0.105495
4 0.487809 0.795604 0.091900 0.101099
4 0.428731 0.824176 0.086273 0.096703
4 0.416540 0.925275 0.114406 0.074725
4 0.355586 0.952747 0.078771 0.068132
4 0.279628 0.890110 0.088149 0.087912
4 0.288067 0.942857 0.112531 0.096703
4 0.123960 0.940659 0.080647 0.092308
4 0.513129 0.351648 0.082522 0.114286