1 0.259160 0.665039 0.118337 0.119141
1 0.499167 0.651367 0.085002 0.126953
3 0.599169 0.881836 0.098336 0.103516
3 0.755840 0.826172 0.105003 0.105469
3 0.439165 0.639648 0.115003 0.083984
1 0.132490 0.573242 0.125003 0.099609
4 0.725006 0.153320 0.113336 0.119141
4 0.794175 0.071289 0.091669 0.107422
4 0.972506 0.122070 0.054988 0.119141
4 0.928345 0.267578 0.076669 0.089844
4 0.851676 0.314453 0.093336 0.113281
4 0.706672 0.375977 0.083336 0.107422
4 0.770841 0.446289 0.091669 0.099609
4 0.977506 0.501953 0.044987 0.109375
4 0.876677 0.636719 0.086669 0.089844
4 0.935012 0.694336 0.090002 0.091797
4 0.960846 0.804688 0.061668 0.101563
4 0.857510 0.874023 0.065002 0.107422
4 0.933345 0.877930 0.096669 0.080078
4 0.680005 0.667969 0.113336 0.070313
4 0.735006 0.623047 0.070002 0.058594
4 0.685838 0.736328 0.085002 0.062500
4 0.572502 0.693359 0.068335 0.125000
4 0.451665 0.480469 0.083336 0.105469
4 0.507500 0.332031 0.088336 0.113281
4 0.439998 0.187500 0.080002 0.085938
4 0.409164 0.289063 0.091669 0.097656
4 0.339162 0.117188 0.081669 0.085938
4 0.219992 0.061523 0.090002 0.076172
4 0.120823 0.101563 0.111670 0.082031
4 0.269160 0.203125 0.081669 0.089844
4 0.209159 0.157227 0.071669 0.095703
4 0.093322 0.210938 0.076669 0.058594
4 0.076655 0.324219 0.046668 0.085938
4 0.254993 0.317383 0.063335 0.107422
4 0.111656 0.416992 0.086669 0.115234
4 0.304995 0.361328 0.093336 0.089844
4 0.304995 0.491211 0.070002 0.119141
4 0.099989 0.705078 0.073335 0.097656
4 0.183325 0.868164 0.106670 0.083984
4 0.255827 0.807617 0.111670 0.083984
4 0.332495 0.878906 0.095003 0.085938
4 0.490833 0.562500 0.091669 0.062500
4 0.168324 0.789063 0.110003 0.089844
