1 0.680924 0.286506 0.162469 0.073937
1 0.691966 0.471349 0.089910 0.129390
1 0.032481 0.816081 0.064961 0.046211
3 0.417504 0.591497 0.124612 0.096118
4 0.053775 0.961183 0.107550 0.077634
4 0.010542 0.895564 0.017351 0.053604
4 0.092565 0.712569 0.080446 0.086876
4 0.072848 0.551756 0.100952 0.105360
4 0.078369 0.430684 0.102529 0.107209
4 0.173011 0.388170 0.096220 0.110906
4 0.365450 0.869686 0.108838 0.105360
4 0.429334 0.826248 0.072559 0.114603
4 0.518455 0.832717 0.096220 0.101664
4 0.517667 0.951017 0.094642 0.097966
4 0.408828 0.950092 0.082023 0.088725
4 0.330748 0.985213 0.074136 0.029574
4 0.688811 0.975046 0.093065 0.049908
4 0.826042 0.862292 0.093065 0.101664
4 0.887560 0.951941 0.096220 0.092421
4 0.910432 0.833641 0.082023 0.133087
4 0.852858 0.734750 0.093065 0.072089
4 0.441164 0.497227 0.099374 0.096118
4 0.598901 0.452865 0.099374 0.114603
4 0.539750 0.349353 0.100952 0.114603
4 0.347311 0.139556 0.091487 0.112754
4 0.429334 0.188540 0.097797 0.118299
4 0.724302 0.191312 0.094642 0.097967
4 0.727457 0.102588 0.107261 0.079482
4 0.808691 0.092421 0.089910 0.059150
4 0.905699 0.146950 0.088333 0.112754
4 0.901756 0.328096 0.096220 0.105360
4 0.826042 0.403882 0.093065 0.105360
4 0.846548 0.503697 0.102529 0.083179
4 0.930149 0.495379 0.036279 0.125693
4 0.320495 0.076710 0.110416 0.027726
4 0.448262 0.682994 0.097797 0.123845
4 0.699064 0.801294 0.088333 0.042514