1 0.599169 0.593750 0.071669 0.109375
1 0.880010 0.369141 0.130004 0.117188
1 0.215825 0.564453 0.128337 0.070313
1 0.479999 0.789063 0.056668 0.167969
1 0.688339 0.752930 0.053335 0.107422
4 0.707506 0.499023 0.088336 0.111328
4 0.773341 0.054688 0.116670 0.085938
4 0.129156 0.854492 0.091669 0.095703
4 0.862510 0.492188 0.131670 0.117188
4 0.573335 0.257813 0.083336 0.109375
4 0.503333 0.100586 0.090002 0.099609
4 0.359996 0.180664 0.096669 0.091797
2 0.317495 0.260742 0.081669 0.119141
4 0.263327 0.170898 0.100003 0.091797
4 0.227492 0.052734 0.098336 0.082031
4 0.173324 0.081055 0.110003 0.130859
4 0.100822 0.076172 0.078335 0.105469
4 0.055821 0.111328 0.065002 0.117188
4 0.024987 0.203125 0.046668 0.101563
4 0.045821 0.363281 0.085002 0.140625
4 0.108323 0.397461 0.113336 0.142578
4 0.051654 0.503906 0.100003 0.132813
4 0.191658 0.475586 0.073335 0.107422
4 0.383330 0.414063 0.123337 0.097656
4 0.478333 0.319336 0.090002 0.083984
4 0.368330 0.060547 0.100003 0.113281
4 0.659171 0.087891 0.118337 0.097656
4 0.721673 0.184570 0.126670 0.111328
4 0.856677 0.025391 0.096669 0.042969
4 0.921678 0.061523 0.053335 0.111328
4 0.910845 0.185547 0.065002 0.105469
4 0.870844 0.262695 0.105003 0.142578
4 0.784175 0.270508 0.071669 0.107422
4 0.717506 0.356445 0.088336 0.107422
4 0.719173 0.584961 0.101669 0.107422
4 0.817509 0.585938 0.085002 0.128906
4 0.910845 0.625977 0.075002 0.119141
4 0.846676 0.732422 0.086669 0.117188
4 0.814175 0.768555 0.085002 0.099609
4 0.806675 0.874023 0.086669 0.111328
4 0.569169 0.866211 0.078335 0.107422
4 0.474999 0.896484 0.073335 0.066406
4 0.393330 0.875977 0.070002 0.111328
4 0.238326 0.881836 0.100003 0.103516
4 0.320828 0.774414 0.105003 0.146484
4 0.285827 0.669922 0.118337 0.089844
4 0.106656 0.717773 0.106670 0.150391
4 0.047488 0.738281 0.078335 0.105469
4 0.022487 0.875977 0.038334 0.099609
4 0.211659 0.331055 0.073335 0.103516
4 0.540001 0.410156 0.086669 0.105469
4 0.510834 0.437500 0.095003 0.117188
4 0.531668 0.626953 0.076669 0.128906
4 0.480833 0.528320 0.095003 0.095703
4 0.430831 0.488281 0.095003 0.113281
4 0.455832 0.633789 0.085002 0.103516
4 0.695839 0.895508 0.105003 0.076172
4 0.910845 0.863281 0.075002 0.101563
4 0.915011 0.764648 0.056668 0.107422
