1 0.647504 0.724609 0.101669 0.156250
1 0.233326 0.719727 0.170005 0.064453
1 0.456665 0.198242 0.086669 0.142578
3 0.725840 0.515625 0.115003 0.117188
3 0.293328 0.410156 0.060002 0.156250
2 0.139157 0.530273 0.095003 0.115234
4 0.748340 0.243164 0.113336 0.123047
4 0.844176 0.632813 0.118337 0.121094
4 0.825842 0.512695 0.098336 0.103516
4 0.601669 0.775391 0.110003 0.109375
4 0.764174 0.848633 0.078335 0.087891
4 0.827509 0.931641 0.098336 0.117188
4 0.696672 0.958984 0.080002 0.078125
4 0.676672 0.858398 0.083336 0.087891
4 0.703339 0.629883 0.116670 0.095703
4 0.636670 0.542969 0.083336 0.136719
4 0.582502 0.582031 0.091669 0.125000
4 0.585002 0.436523 0.086669 0.091797
4 0.945846 0.436523 0.078335 0.115234
4 0.951679 0.540039 0.080002 0.103516
4 0.980847 0.347656 0.025001 0.109375
4 0.976680 0.161133 0.040001 0.119141
4 0.865843 0.279297 0.088336 0.089844
4 0.217492 0.114258 0.101669 0.087891
4 0.397497 0.105469 0.098336 0.085938
4 0.289994 0.180664 0.096669 0.107422
4 0.141657 0.225586 0.110003 0.091797
4 0.074988 0.318359 0.043335 0.109375
4 0.242493 0.292969 0.108336 0.117188
4 0.409164 0.383789 0.115003 0.123047
4 0.226659 0.439453 0.100003 0.097656
4 0.334162 0.553711 0.095003 0.111328
4 0.362496 0.601563 0.081669 0.097656
4 0.188325 0.635742 0.106670 0.080078
4 0.079988 0.667969 0.056668 0.105469
4 0.189158 0.817383 0.098336 0.099609
4 0.312495 0.910156 0.081669 0.117188
4 0.446665 0.866211 0.120003 0.138672
4 0.426665 0.732422 0.090002 0.105469
4 0.516667 0.712891 0.110003 0.125000
4 0.201658 0.933594 0.090002 0.113281
4 0.448332 0.972656 0.113336 0.046875
4 0.738340 0.079102 0.076669 0.033203
4 0.806675 0.076172 0.066669 0.027344
4 0.902511 0.079102 0.098336 0.029297
4 0.077488 0.965820 0.038334 0.052734