3 0.078010 0.189011 0.048763 0.145055
3 0.141778 0.137363 0.090024 0.147253
1 0.771949 0.098901 0.131286 0.074725
1 0.906986 0.103297 0.078771 0.052747
1 0.364963 0.584615 0.105029 0.092308
3 0.897608 0.445055 0.101278 0.081319
2 0.771011 0.796703 0.106904 0.120879
4 0.667858 0.373626 0.099402 0.118681
4 0.497187 0.324176 0.080647 0.116484
4 0.508440 0.148352 0.095651 0.081319
4 0.394971 0.083516 0.090024 0.039560
4 0.502813 0.080220 0.080647 0.032967
4 0.918239 0.169231 0.048763 0.096703
4 0.846969 0.195604 0.086273 0.096703
4 0.926678 0.271429 0.039386 0.090110
4 0.775700 0.371429 0.116282 0.127473
4 0.792580 0.527473 0.112531 0.153846
4 0.878853 0.531868 0.090024 0.087912
4 0.910737 0.621978 0.071269 0.096703
4 0.833841 0.656044 0.090024 0.103297
4 0.734439 0.642857 0.093775 0.116484
4 0.905110 0.976923 0.078771 0.032967
4 0.745692 0.949451 0.082522 0.087912
4 0.667858 0.893407 0.080647 0.094505
4 0.480307 0.881319 0.073145 0.083516
4 0.439984 0.787912 0.090024 0.103297
4 0.442797 0.680220 0.088149 0.085714
4 0.463428 0.576923 0.080647 0.094505
4 0.537510 0.514286 0.078771 0.096703
4 0.462490 0.446154 0.090024 0.105495
4 0.377154 0.502198 0.091900 0.085714
4 0.410913 0.301099 0.103153 0.109890
4 0.231802 0.150549 0.093775 0.112088
4 0.018932 0.200000 0.035635 0.127473
4 0.862911 0.081319 0.073145 0.039560
4 0.650979 0.105495 0.076896 0.087912
4 0.296507 0.317582 0.095651 0.112088
4 0.222425 0.419780 0.082522 0.105495
4 0.153968 0.507692 0.091900 0.101099
4 0.092077 0.449451 0.091900 0.120879
4 0.093014 0.602198 0.086273 0.101099
4 0.022683 0.740659 0.043137 0.101099
4 0.048940 0.843956 0.073145 0.101099
4 0.040500 0.949451 0.078771 0.087912
4 0.153031 0.742857 0.090024 0.092308
4 0.020807 0.515385 0.039386 0.098901
4 0.173661 0.869231 0.093775 0.116484
4 0.236491 0.937363 0.125659 0.112088
4 0.306823 0.632967 0.090024 0.096703
4 0.364026 0.724176 0.061892 0.081319
4 0.282441 0.732967 0.090024 0.098901
4 0.277752 0.831868 0.103153 0.103297
4 0.447486 0.965934 0.090024 0.054945
4 0.647228 0.981319 0.091900 0.028571