1 0.249160 0.187500 0.048335 0.179688
1 0.768341 0.838867 0.096669 0.181641
1 0.857510 0.144531 0.125003 0.089844
1 0.941679 0.262695 0.106670 0.130859
1 0.220826 0.642578 0.108336 0.140625
1 0.230826 0.317383 0.038334 0.169922
1 0.204992 0.762695 0.103336 0.123047
4 0.479999 0.258789 0.100003 0.119141
4 0.565002 0.833984 0.090002 0.105469
4 0.115823 0.589844 0.091669 0.113281
4 0.648337 0.660156 0.103336 0.113281
1 0.855843 0.301758 0.091669 0.142578
4 0.364996 0.279297 0.080002 0.101562
4 0.309995 0.493164 0.103336 0.119141
4 0.220826 0.546875 0.081669 0.105469
3 0.258327 0.384766 0.086669 0.136719
3 0.547501 0.666016 0.105003 0.109375
4 0.250826 0.889648 0.065002 0.080078
4 0.080822 0.771484 0.051668 0.125000
4 0.850843 0.821289 0.081669 0.083984
4 0.810009 0.691406 0.120003 0.105469
4 0.737507 0.588867 0.075002 0.119141
4 0.831676 0.575195 0.103336 0.087891
4 0.300981 0.622702 0.072551 0.124081
4 0.628931 0.159697 0.099022 0.101103
4 0.304412 0.098231 0.091179 0.070083
4 0.665206 0.087316 0.126474 0.045956
4 0.783347 0.125230 0.068629 0.080423
4 0.709325 0.160271 0.067649 0.083869
4 0.772562 0.224035 0.064708 0.080423
4 0.695599 0.251034 0.069610 0.081572
4 0.775503 0.352711 0.103924 0.147059
4 0.750993 0.448644 0.096081 0.079274
4 0.701482 0.356733 0.071571 0.095358
4 0.431376 0.965648 0.100003 0.063189
4 0.313726 0.963350 0.096081 0.072381
4 0.751973 0.945542 0.082355 0.105699
4 0.127937 0.829504 0.091179 0.105699
4 0.097544 0.922564 0.081375 0.064338
4 0.193325 0.949219 0.086669 0.089844
4 0.641676 0.311926 0.069610 0.090763
4 0.973538 0.124655 0.052923 0.102252
4 0.897566 0.395221 0.067649 0.103401
4 0.974029 0.362477 0.051942 0.093061
4 0.909821 0.520450 0.103924 0.107996
4 0.922076 0.667509 0.079414 0.105699
4 0.968646 0.606618 0.056864 0.114890
4 0.840211 0.948989 0.090199 0.091912
