4 0.334162 0.776367 0.085002 0.099609
4 0.167491 0.686523 0.098336 0.123047
4 0.325829 0.303711 0.078335 0.115234
4 0.286661 0.194336 0.080002 0.115234
4 0.103322 0.253906 0.093336 0.125000
4 0.890844 0.547852 0.071669 0.099609
4 0.750840 0.679688 0.095003 0.109375
4 0.850010 0.742188 0.076669 0.117188
4 0.940012 0.744141 0.086669 0.085938
4 0.766674 0.572266 0.093336 0.105469
1 0.705006 0.154297 0.143337 0.070313
1 0.634170 0.199219 0.121670 0.089844
1 0.408331 0.583984 0.133337 0.082031
4 0.659171 0.841797 0.101669 0.117188
4 0.390830 0.855469 0.085002 0.097656
4 0.545001 0.935547 0.093336 0.093750
3 0.452499 0.427734 0.118337 0.082031
4 0.716673 0.477539 0.086669 0.115234
4 0.469166 0.636719 0.078335 0.105469
4 0.642504 0.954102 0.095003 0.091796
4 0.464999 0.964844 0.096669 0.058594
4 0.775008 0.362305 0.096669 0.107422
4 0.090822 0.129883 0.071669 0.103516
4 0.083322 0.574219 0.056668 0.101563
4 0.830842 0.868164 0.111670 0.115234
4 0.749174 0.216797 0.115003 0.089844
4 0.698339 0.291992 0.093336 0.095703
4 0.610003 0.330078 0.086669 0.101563
4 0.189991 0.090820 0.096669 0.048828
4 0.775008 0.104492 0.096669 0.080078
4 0.950846 0.200195 0.091669 0.111328
4 0.096656 0.649414 0.080002 0.119141
4 0.085822 0.935547 0.061668 0.105469
4 0.136657 0.974609 0.090002 0.042969
4 0.758340 0.836914 0.096669 0.119141
4 0.905845 0.899414 0.081669 0.087891
4 0.966673 0.843750 0.066654 0.113281
4 0.955846 0.959961 0.078335 0.072266
4 0.982513 0.314453 0.031668 0.125000
