1 0.391664 0.067383 0.143337 0.134766
1 0.798342 0.501953 0.203339 0.125000
1 0.497500 0.480469 0.068335 0.156250
1 0.626670 0.900391 0.176672 0.066406
1 0.629170 0.201172 0.071669 0.148438
1 0.715839 0.222656 0.118337 0.058594
1 0.694172 0.185547 0.115003 0.062500
1 0.109989 0.424805 0.090002 0.158203
1 0.128323 0.226563 0.140004 0.085938
1 0.550001 0.208984 0.090002 0.121094
1 0.497500 0.195313 0.085002 0.101563
1 0.915011 0.254883 0.130004 0.076172
1 0.780841 0.148438 0.088336 0.125000
1 0.760841 0.252930 0.135004 0.076172
4 0.560835 0.117188 0.091669 0.085938
4 0.476666 0.265625 0.090002 0.101563
4 0.530834 0.375977 0.085002 0.099609
4 0.899178 0.486328 0.085002 0.105469
4 0.853343 0.703125 0.076669 0.101563
4 0.737507 0.664063 0.105003 0.089844
4 0.770007 0.786133 0.096669 0.126953
4 0.456665 0.770508 0.100003 0.123047
4 0.379163 0.660156 0.158338 0.128906
4 0.199992 0.645508 0.116670 0.091797
4 0.253327 0.386719 0.076669 0.105469
4 0.580836 0.502930 0.075002 0.123047
4 0.195825 0.062500 0.101669 0.117188
4 0.165824 0.121094 0.061668 0.082031
4 0.094155 0.062500 0.048335 0.109375
4 0.232493 0.289063 0.075002 0.093750
4 0.167491 0.422852 0.051668 0.099609
4 0.118323 0.594727 0.093336 0.095703
4 0.083322 0.696289 0.063335 0.107422
4 0.146657 0.778320 0.120003 0.115234
4 0.295828 0.812500 0.091669 0.144531
4 0.382497 0.802734 0.098336 0.125000
4 0.469999 0.885742 0.106670 0.064453
4 0.196658 0.877930 0.100003 0.087891
4 0.231659 0.758789 0.100003 0.095703
4 0.479166 0.370117 0.111670 0.052734
4 0.713339 0.343750 0.116670 0.097656
4 0.689172 0.425781 0.098336 0.082031
4 0.681672 0.518555 0.080002 0.091797
4 0.690005 0.594727 0.083336 0.080078
4 0.929179 0.560547 0.075002 0.070313
1 0.786675 0.556641 0.100003 0.089844
1 0.957506 0.676758 0.084988 0.068359
4 0.903344 0.827148 0.086669 0.111328
4 0.812509 0.879883 0.091669 0.087891
