1 0.197105 0.037363 0.166920 0.074725
3 0.234615 0.698901 0.121908 0.096703
4 0.270250 0.121978 0.091900 0.107692
4 0.172724 0.097802 0.088149 0.107692
4 0.015181 0.074725 0.028133 0.105495
4 0.758820 0.035165 0.093775 0.061538
4 0.849783 0.047253 0.088149 0.085714
4 0.921990 0.075824 0.052514 0.090110
4 0.926678 0.182418 0.039386 0.096703
4 0.802895 0.303297 0.084398 0.105495
4 0.665045 0.194505 0.090024 0.116484
4 0.580647 0.343956 0.116282 0.151648
4 0.766322 0.425275 0.093775 0.129670
4 0.470930 0.417582 0.084398 0.127473
4 0.370590 0.460440 0.097527 0.094505
4 0.259935 0.502198 0.090024 0.112088
4 0.169910 0.382418 0.112531 0.123077
4 0.568456 0.623077 0.073145 0.129670
4 0.318076 0.620879 0.086273 0.116484
4 0.030565 0.447253 0.061130 0.107692
4 0.075197 0.529670 0.084398 0.105495
4 0.024558 0.556044 0.046888 0.101099
4 0.117396 0.669231 0.097527 0.138462
4 0.047064 0.821978 0.084398 0.065934
4 0.268375 0.882418 0.095651 0.094505
4 0.539386 0.895604 0.097527 0.081319
4 0.454050 0.917582 0.073145 0.028571
4 0.912612 0.869231 0.060016 0.116484
4 0.158657 0.906593 0.090024 0.054945
4 0.079886 0.905495 0.078771 0.048352