3 0.308698 0.175824 0.153792 0.092308
3 0.799144 0.943956 0.095651 0.103297
1 0.801957 0.878022 0.093775 0.112088
1 0.766921 0.831407 0.103831 0.104220
1 0.695991 0.890110 0.163169 0.065934
1 0.433419 0.862637 0.140663 0.107692
1 0.709119 0.145055 0.151916 0.070330
1 0.836654 0.416484 0.118157 0.085714
4 0.846032 0.398901 0.080647 0.094505
3 0.784140 0.100000 0.125659 0.072527
3 0.516880 0.505495 0.135037 0.079121
3 0.618157 0.617582 0.108780 0.083516
2 0.582522 0.163736 0.101278 0.116484
4 0.089263 0.286813 0.105029 0.116484
4 0.098641 0.475824 0.112531 0.116484
4 0.235553 0.271429 0.131286 0.120879
4 0.216798 0.383516 0.101278 0.090110
4 0.411851 0.087912 0.101278 0.048352
4 0.678173 0.116484 0.075020 0.065934
4 0.863849 0.123077 0.086273 0.105495
4 0.926678 0.123077 0.039386 0.092308
4 0.822588 0.230769 0.101278 0.101099
4 0.607842 0.221978 0.080647 0.096703
4 0.677236 0.247253 0.125659 0.107692
4 0.668796 0.315385 0.101278 0.085714
4 0.847907 0.332967 0.084398 0.094505
4 0.744754 0.393407 0.103153 0.118681
4 0.758820 0.514286 0.123784 0.101099
4 0.856347 0.575824 0.078771 0.101099
4 0.796331 0.602198 0.116282 0.070330
4 0.906048 0.660440 0.076896 0.112088
4 0.774762 0.646154 0.095651 0.101099
4 0.805708 0.775824 0.093775 0.105495
4 0.712870 0.725275 0.088149 0.096703
4 0.674422 0.767033 0.071269 0.096703
4 0.603153 0.805495 0.090024 0.103297
4 0.549701 0.782418 0.080647 0.184615
4 0.680049 0.960440 0.082522 0.065934
4 0.488747 0.886813 0.067518 0.116484
4 0.449361 0.913187 0.082522 0.094505
4 0.373403 0.964835 0.110655 0.057143
4 0.250557 0.946154 0.075020 0.090110
4 0.042376 0.964835 0.075020 0.061538
4 0.185852 0.631868 0.091900 0.103297
4 0.187728 0.686813 0.076896 0.112088
4 0.248682 0.518681 0.078771 0.118681
4 0.340582 0.449451 0.086273 0.103297
4 0.351835 0.538462 0.108780 0.109890
4 0.427793 0.582418 0.084398 0.074725
4 0.431544 0.651648 0.095651 0.107692
4 0.335893 0.679121 0.084398 0.105495
4 0.330266 0.828571 0.099402 0.092308
4 0.582522 0.410989 0.097527 0.109890
4 0.487809 0.294505 0.106904 0.123077
4 0.399660 0.368132 0.069394 0.090110