1 0.640004 0.062500 0.110003 0.125000
1 0.636670 0.473633 0.136670 0.095703
1 0.889177 0.765625 0.085002 0.148438
3 0.252493 0.560547 0.115003 0.085938
4 0.722506 0.297852 0.105003 0.095703
4 0.252493 0.743164 0.095003 0.130859
4 0.702506 0.180664 0.095003 0.107422
4 0.958346 0.450195 0.080002 0.126953
4 0.298328 0.183594 0.123337 0.136719
4 0.419998 0.534180 0.116670 0.146484
3 0.975006 0.596680 0.049988 0.123047
3 0.965006 0.690430 0.069988 0.130859
3 0.625837 0.625000 0.101669 0.085938
1 0.802508 0.019531 0.061668 0.031250
4 0.957513 0.027344 0.075002 0.054688
4 0.890844 0.137695 0.111670 0.087891
4 0.757507 0.425781 0.085002 0.105469
4 0.850010 0.507813 0.093336 0.093750
4 0.724173 0.640625 0.098336 0.117188
4 0.830009 0.653320 0.106670 0.099609
4 0.756674 0.802734 0.113336 0.113281
4 0.546668 0.868164 0.103336 0.064453
4 0.570002 0.798828 0.110003 0.062500
4 0.560835 0.737305 0.118337 0.072266
4 0.236659 0.395508 0.136670 0.115234
4 0.117489 0.300781 0.065002 0.113281
4 0.404997 0.121094 0.073335 0.105469
4 0.154990 0.125000 0.080002 0.089844
4 0.201658 0.204102 0.086669 0.119141
4 0.074988 0.153320 0.043335 0.146484
4 0.089989 0.032227 0.073335 0.056641
4 0.195825 0.065430 0.095003 0.123047
4 0.307495 0.036133 0.095003 0.068359
4 0.399997 0.027344 0.103336 0.046875
4 0.469999 0.024414 0.080002 0.044922
1 0.619170 0.248047 0.091669 0.078125
1 0.515000 0.468750 0.120003 0.082031
4 0.388330 0.412109 0.093336 0.078125
4 0.096656 0.733398 0.066669 0.142578
4 0.112489 0.774414 0.105003 0.099609
4 0.352496 0.895508 0.115003 0.076172
4 0.324995 0.463867 0.066669 0.123047
4 0.314162 0.826172 0.091669 0.089844
4 0.171658 0.913086 0.050001 0.041016
4 0.079988 0.865234 0.050001 0.089844
4 0.551668 0.545898 0.083336 0.099609
4 0.643337 0.523438 0.093336 0.082031
4 0.955013 0.842773 0.070002 0.103516
4 0.731673 0.889648 0.136670 0.083984
4 0.845010 0.900391 0.153338 0.046875
4 0.239993 0.906250 0.080002 0.046875
