1 0.816675 0.539063 0.106670 0.140625
1 0.980840 0.857422 0.038320 0.128906
1 0.406664 0.819336 0.126670 0.158203
4 0.792508 0.554688 0.051668 0.121094
4 0.585836 0.055664 0.085002 0.091797
4 0.260827 0.680664 0.095003 0.091797
4 0.857510 0.043945 0.091669 0.087890
4 0.862510 0.810547 0.095003 0.113281
4 0.623337 0.748047 0.073335 0.109375
4 0.511667 0.781250 0.080002 0.109375
4 0.662504 0.884766 0.118337 0.085938
4 0.452499 0.899414 0.088336 0.068359
4 0.388330 0.654297 0.090002 0.113281
4 0.248326 0.080078 0.080002 0.132813
4 0.349163 0.093750 0.095003 0.093750
4 0.127490 0.043945 0.091669 0.083984
4 0.074155 0.084961 0.038334 0.111328
4 0.079988 0.208008 0.050001 0.099609
4 0.503333 0.082031 0.063335 0.093750
4 0.590836 0.169922 0.101669 0.109375
4 0.867510 0.181641 0.071669 0.097656
4 0.941679 0.105469 0.083336 0.105469
4 0.870010 0.286133 0.106670 0.095703
4 0.760841 0.304688 0.095003 0.109375
4 0.830009 0.366211 0.086669 0.115234
4 0.673338 0.409180 0.123337 0.111328
4 0.670005 0.348633 0.060002 0.087891
4 0.598336 0.249023 0.103336 0.076172
4 0.592503 0.341797 0.081669 0.101563
4 0.608336 0.465820 0.090002 0.115234
4 0.710839 0.620117 0.095003 0.091797
4 0.376663 0.331055 0.106670 0.115234
4 0.434165 0.180664 0.088336 0.107422
4 0.259160 0.225586 0.091669 0.111328
4 0.174991 0.147461 0.096669 0.083984
4 0.154157 0.204102 0.085002 0.119141
3 0.116656 0.420898 0.060002 0.138672
4 0.961679 0.204102 0.066669 0.107422
4 0.486666 0.245117 0.096669 0.103516
4 0.863343 0.644531 0.080002 0.085938
4 0.444998 0.467773 0.063335 0.068359
4 0.269994 0.336914 0.100003 0.103516
4 0.199992 0.498047 0.103336 0.121094
4 0.081655 0.552734 0.056668 0.113281
4 0.079988 0.720703 0.056668 0.105469
4 0.137490 0.802734 0.078335 0.093750
4 0.202492 0.893555 0.101669 0.076172
4 0.095822 0.885742 0.081669 0.095703
4 0.344996 0.564453 0.086669 0.074219
4 0.347496 0.440430 0.108336 0.103516
4 0.464999 0.338867 0.076669 0.126953
4 0.344162 0.264648 0.081669 0.107422
4 0.727506 0.492188 0.118337 0.152344
4 0.920845 0.428711 0.098336 0.115234
4 0.974173 0.663086 0.051654 0.103516
