1 0.280565 0.535165 0.165045 0.085714
1 0.067695 0.225275 0.118157 0.059341
1 0.021188 0.180220 0.042376 0.061538
1 0.327453 0.113187 0.045012 0.098901
3 0.893857 0.287912 0.101278 0.083516
3 0.357461 0.731868 0.135037 0.123077
4 0.446548 0.428571 0.110655 0.127473
4 0.515942 0.230769 0.095651 0.096703
4 0.579709 0.154945 0.103153 0.147253
4 0.523444 0.087912 0.088149 0.048352
4 0.741003 0.103297 0.091900 0.083516
4 0.673485 0.220879 0.106904 0.120879
4 0.629410 0.324176 0.067518 0.125275
4 0.440921 0.205495 0.084398 0.103297
4 0.403411 0.110989 0.099402 0.098901
4 0.349959 0.196703 0.078771 0.098901
4 0.278690 0.110989 0.086273 0.112088
4 0.172724 0.157143 0.084398 0.112088
4 0.026434 0.116484 0.050639 0.070330
4 0.097703 0.097802 0.088149 0.068132
4 0.062068 0.313187 0.091900 0.094505
4 0.338706 0.297802 0.105029 0.085714
4 0.154906 0.498901 0.086273 0.114286
4 0.041438 0.628571 0.080647 0.109890
4 0.156782 0.780220 0.086273 0.114286
4 0.288067 0.616484 0.112531 0.068132
4 0.264624 0.702198 0.088149 0.085714
4 0.252433 0.789011 0.097527 0.092308
4 0.209296 0.946154 0.093775 0.103297
4 0.537510 0.891209 0.101278 0.112088
4 0.600340 0.820879 0.076896 0.107692
4 0.672547 0.878022 0.093775 0.125275
4 0.751318 0.957143 0.108780 0.081319
4 0.812272 0.802198 0.069394 0.092308
4 0.769136 0.376923 0.084398 0.112088
4 0.858222 0.425275 0.093775 0.116484
4 0.686613 0.515385 0.061892 0.125275
4 0.563767 0.483516 0.101278 0.079121
4 0.492498 0.545055 0.097527 0.092308
4 0.447486 0.628571 0.090024 0.096703
4 0.626597 0.556044 0.088149 0.114286
4 0.674422 0.654945 0.108780 0.118681
4 0.912612 0.664835 0.060016 0.112088
4 0.933243 0.501099 0.026257 0.087912
4 0.926678 0.374725 0.039386 0.094505
4 0.016119 0.836264 0.022506 0.090110
4 0.018932 0.720879 0.035635 0.061538