1 0.289161 0.850586 0.175005 0.099609
1 0.710006 0.174805 0.186672 0.072266
3 0.161657 0.963867 0.143337 0.072266
3 0.434165 0.170898 0.125003 0.087891
3 0.651671 0.438477 0.120003 0.126953
1 0.809175 0.801758 0.118337 0.103516
1 0.464999 0.584961 0.136670 0.083984
1 0.335829 0.772461 0.071669 0.091797
1 0.276661 0.477539 0.130004 0.123047
1 0.629170 0.338867 0.145004 0.080078
4 0.757507 0.416992 0.135004 0.087891
4 0.691672 0.755859 0.103336 0.101563
4 0.877510 0.556641 0.061668 0.097656
4 0.078322 0.913086 0.103336 0.119141
4 0.020827 0.765625 0.041654 0.121094
4 0.124156 0.642578 0.115003 0.117188
4 0.304995 0.267578 0.086669 0.117188
4 0.251660 0.111328 0.106670 0.078125
4 0.485000 0.862305 0.110003 0.111328
4 0.775008 0.657227 0.103336 0.123047
4 0.827509 0.976563 0.108336 0.046874
4 0.705839 0.921875 0.101669 0.093750
4 0.638337 0.862305 0.096669 0.080078
4 0.607503 0.772461 0.078335 0.091797
4 0.899178 0.828125 0.085002 0.128906
4 0.610003 0.603516 0.086669 0.101563
4 0.469166 0.725586 0.135004 0.083984
1 0.501667 0.440430 0.133337 0.099609
4 0.319162 0.372070 0.121670 0.056641
4 0.067488 0.222656 0.078335 0.117188
4 0.179991 0.355469 0.070002 0.109375
4 0.084989 0.367188 0.106670 0.093750
4 0.209992 0.469727 0.100003 0.099609
4 0.255827 0.402344 0.111670 0.093750
4 0.155824 0.556641 0.075002 0.078125
4 0.188325 0.652344 0.090002 0.089844
4 0.236659 0.707031 0.086669 0.097656
4 0.206659 0.791016 0.146671 0.089844
4 0.101656 0.750977 0.066669 0.099609
4 0.378330 0.890625 0.086669 0.089844
4 0.376663 0.963867 0.136670 0.056641
4 0.287494 0.937500 0.095003 0.113281
4 0.699172 0.557617 0.058335 0.111328
4 0.771674 0.499023 0.086669 0.076172
4 0.845843 0.715820 0.081669 0.099609
4 0.820842 0.556641 0.078335 0.148438
4 0.713339 0.293945 0.103336 0.091797
