3 0.252493 0.146484 0.075002 0.140625
1 0.126656 0.289063 0.053335 0.183594
3 0.469166 0.833008 0.088336 0.111328
3 0.713339 0.806641 0.100003 0.140625
3 0.295828 0.599609 0.081669 0.125000
3 0.210825 0.705078 0.078335 0.136719
3 0.504167 0.914063 0.141671 0.042969
1 0.852510 0.037109 0.095003 0.074218
1 0.935012 0.791016 0.030001 0.152344
4 0.509167 0.325195 0.081669 0.087891
4 0.508334 0.476563 0.096669 0.085938
4 0.419998 0.506836 0.086669 0.107422
4 0.354996 0.367188 0.090002 0.078125
4 0.319162 0.218750 0.101669 0.101563
4 0.364996 0.049805 0.093336 0.087891
4 0.209159 0.050781 0.078335 0.089844
4 0.096656 0.074219 0.073335 0.085938
4 0.018327 0.040039 0.036654 0.060547
4 0.024160 0.200195 0.048320 0.072266
4 0.057488 0.265625 0.068335 0.089844
4 0.144990 0.303711 0.106670 0.076172
4 0.189158 0.217773 0.091669 0.103516
4 0.262493 0.279297 0.058335 0.070313
4 0.460832 0.207031 0.118337 0.160156
4 0.615003 0.271484 0.100003 0.125000
4 0.708339 0.243164 0.093336 0.115234
4 0.760841 0.278320 0.088336 0.111328
4 0.768341 0.371094 0.080002 0.097656
4 0.563335 0.114258 0.093336 0.099609
4 0.589169 0.030273 0.105003 0.056641
4 0.791675 0.061523 0.063335 0.123046
4 0.864177 0.111328 0.098336 0.097656
4 0.903344 0.023438 0.093336 0.046875
4 0.922512 0.183594 0.058335 0.109375
4 0.937512 0.400391 0.025001 0.101563
4 0.890844 0.423828 0.065002 0.101563
4 0.854176 0.471680 0.088336 0.103516
4 0.825842 0.550781 0.081669 0.082031
4 0.884177 0.637695 0.101669 0.107422
4 0.815842 0.759766 0.085002 0.085938
4 0.714173 0.621094 0.101669 0.097656
4 0.713339 0.685547 0.103336 0.105469
4 0.551668 0.645508 0.113336 0.134766
4 0.440832 0.694336 0.091669 0.103516
4 0.419998 0.600586 0.093336 0.111328
4 0.369996 0.604492 0.090002 0.087891
4 0.309995 0.418945 0.083336 0.103516
4 0.261660 0.515625 0.090002 0.117188
4 0.179158 0.556641 0.075002 0.105469
4 0.134990 0.479492 0.100003 0.103516
4 0.104989 0.445313 0.090002 0.109375
4 0.020827 0.363281 0.041654 0.093750
4 0.051654 0.379883 0.063335 0.087891
4 0.270827 0.028320 0.061668 0.048828
4 0.271660 0.715820 0.100003 0.103516
4 0.078322 0.557617 0.076669 0.107422
4 0.129156 0.664063 0.088336 0.132813
4 0.047488 0.694336 0.085002 0.099609
4 0.024160 0.788086 0.048320 0.115234
4 0.039987 0.890625 0.070002 0.082031
4 0.164157 0.785156 0.138337 0.140625
4 0.234159 0.874023 0.108336 0.115234
4 0.396664 0.868164 0.090002 0.107422
4 0.376663 0.767578 0.080002 0.085938
4 0.547501 0.776367 0.095003 0.091797
4 0.562502 0.832031 0.088336 0.093750
4 0.829176 0.857422 0.085002 0.109375
4 0.773341 0.919922 0.086669 0.023438
4 0.919178 0.911133 0.071669 0.044922
4 0.859177 0.919922 0.065002 0.023438