1 0.794175 0.058594 0.128337 0.113281
1 0.806675 0.528320 0.136670 0.111328
1 0.690005 0.176758 0.136670 0.076172
1 0.439165 0.183594 0.131670 0.082031
1 0.292494 0.384766 0.121670 0.097656
1 0.375830 0.695313 0.158338 0.125000
1 0.873344 0.854492 0.146671 0.068359
1 0.372496 0.853516 0.055002 0.152344
1 0.111656 0.884766 0.096669 0.105469
1 0.590002 0.488281 0.070002 0.160156
1 0.415831 0.276367 0.051668 0.138672
1 0.539168 0.330078 0.071669 0.132813
1 0.333329 0.446289 0.056668 0.146484
1 0.474999 0.301758 0.060002 0.150391
1 0.484166 0.625977 0.111670 0.087891
4 0.196658 0.382813 0.103336 0.140625
4 0.109156 0.611328 0.098336 0.128906
4 0.269994 0.637695 0.080002 0.111328
4 0.380830 0.059570 0.091669 0.103516
1 0.670005 0.518555 0.083336 0.119141
3 0.590002 0.108398 0.080002 0.201172
4 0.237493 0.201172 0.091669 0.093750
4 0.794175 0.720703 0.068335 0.125000
4 0.659171 0.459961 0.078335 0.099609
4 0.615003 0.372070 0.100003 0.111328
4 0.761674 0.365234 0.106670 0.070313
4 0.829176 0.292969 0.071669 0.101563
4 0.841676 0.452148 0.080002 0.111328
4 0.769174 0.455078 0.118337 0.078125
4 0.875844 0.118164 0.135004 0.099609
4 0.834176 0.179688 0.111670 0.093750
4 0.893344 0.217773 0.113336 0.087891
4 0.072488 0.190430 0.105003 0.130859
4 0.159157 0.062500 0.128337 0.121094
4 0.051654 0.087891 0.090002 0.097656
4 0.032487 0.469727 0.061668 0.099609
4 0.140823 0.521484 0.101669 0.109375
4 0.218326 0.652344 0.086669 0.148438
4 0.600836 0.711914 0.101669 0.115234
4 0.559168 0.824219 0.088336 0.121094
4 0.582502 0.910156 0.095003 0.042969
4 0.452499 0.861328 0.078335 0.082031
4 0.148324 0.758789 0.070002 0.095703
4 0.399997 0.593750 0.096669 0.101563
4 0.039154 0.771484 0.071669 0.070313
4 0.925012 0.598633 0.060002 0.103516
4 0.910011 0.688477 0.076669 0.107422
4 0.473333 0.110352 0.116670 0.095703
4 0.650837 0.106445 0.101669 0.138672
4 0.344162 0.284180 0.095003 0.119141
4 0.730840 0.761719 0.081669 0.101563
4 0.794175 0.858398 0.075002 0.107422
