1 0.690005 0.488281 0.193339 0.156250
1 0.753340 0.486328 0.116670 0.082031
1 0.736673 0.397461 0.130004 0.080078
1 0.799175 0.367188 0.135004 0.062500
1 0.567502 0.777344 0.088336 0.167969
1 0.778341 0.702148 0.123337 0.091797
1 0.308328 0.416992 0.126670 0.072266
1 0.532501 0.052734 0.091669 0.105468
1 0.202492 0.135742 0.101669 0.142578
3 0.872510 0.164063 0.128337 0.082031
4 0.171658 0.318359 0.100003 0.113281
4 0.631670 0.124023 0.100003 0.123047
4 0.110823 0.042969 0.095003 0.085938
4 0.147490 0.629883 0.101669 0.111328
4 0.478333 0.095703 0.100003 0.093750
4 0.321662 0.162109 0.123337 0.109375
4 0.262493 0.076172 0.101669 0.121094
4 0.363330 0.349609 0.076669 0.089844
4 0.496667 0.205078 0.096669 0.109375
1 0.477499 0.441406 0.118337 0.070313
4 0.696672 0.821289 0.110003 0.064453
1 0.871677 0.527344 0.100003 0.109375
1 0.751674 0.566406 0.096669 0.113281
4 0.653338 0.319336 0.093336 0.087891
4 0.753340 0.233398 0.106670 0.091797
4 0.797508 0.133789 0.111670 0.103516
4 0.857510 0.060547 0.108336 0.113281
4 0.942512 0.092773 0.098336 0.107422
4 0.434998 0.562500 0.103336 0.082031
4 0.397497 0.646484 0.088336 0.085938
4 0.472499 0.846680 0.121670 0.134766
4 0.108323 0.123047 0.106670 0.117188
4 0.206659 0.456055 0.063335 0.123047
4 0.281661 0.497070 0.093336 0.126953
4 0.332495 0.580078 0.111670 0.093750
4 0.507500 0.583984 0.068335 0.093750
4 0.373330 0.499023 0.073335 0.087891
4 0.127490 0.884766 0.091669 0.093750
4 0.782508 0.810547 0.098336 0.105469
4 0.629170 0.788086 0.075002 0.134766
4 0.960846 0.870117 0.075002 0.111328
1 0.747507 0.893555 0.088336 0.076172
4 0.666671 0.889648 0.086669 0.083984
4 0.591669 0.515625 0.100003 0.117188
