1 0.926678 0.437500 0.136670 0.140625
1 0.553335 0.263672 0.116670 0.156250
1 0.725006 0.069336 0.140004 0.099609
1 0.597503 0.681641 0.145004 0.062500
1 0.268327 0.803711 0.123337 0.111328
4 0.351663 0.673828 0.113336 0.144531
4 0.644171 0.471680 0.098336 0.115234
4 0.885844 0.097656 0.111670 0.121094
4 0.369996 0.460938 0.090002 0.121094
1 0.772508 0.797852 0.115003 0.076172
1 0.971673 0.768555 0.056654 0.076172
4 0.141657 0.551758 0.096669 0.111328
4 0.250826 0.282227 0.105003 0.111328
4 0.254993 0.081055 0.090002 0.130859
4 0.490000 0.493164 0.133337 0.099609
4 0.591669 0.176758 0.103336 0.146484
4 0.468332 0.188477 0.103336 0.146484
4 0.364163 0.179688 0.091669 0.156250
4 0.338329 0.078125 0.086669 0.089844
4 0.112489 0.238281 0.078335 0.121094
4 0.343329 0.301758 0.073335 0.087891
4 0.194158 0.144531 0.121670 0.093750
4 0.530834 0.380859 0.091669 0.101563
4 0.495833 0.575195 0.121670 0.080078
4 0.486666 0.638672 0.086669 0.089844
4 0.909178 0.901367 0.065002 0.060547
4 0.275827 0.907227 0.061668 0.048828
4 0.196658 0.903320 0.076669 0.052734
4 0.070821 0.775391 0.035001 0.101563
