4 0.585836 0.485352 0.071669 0.107422
1 0.939179 0.580078 0.118337 0.089844
1 0.885844 0.119141 0.101669 0.113281
1 0.232493 0.557617 0.095003 0.150391
3 0.704172 0.797852 0.121670 0.099609
4 0.715006 0.384766 0.063335 0.097656
4 0.137490 0.176758 0.085002 0.107422
4 0.137490 0.461914 0.075002 0.119141
4 0.413331 0.425781 0.093336 0.093750
4 0.277494 0.115234 0.085002 0.101563
4 0.972513 0.692383 0.045001 0.083984
4 0.152490 0.883789 0.078335 0.091797
4 0.537501 0.554688 0.085002 0.105469
4 0.659171 0.150391 0.068335 0.101563
4 0.690005 0.257813 0.100003 0.105469
4 0.555002 0.166992 0.090002 0.115234
4 0.479166 0.249023 0.088336 0.099609
4 0.344162 0.618164 0.091669 0.099609
4 0.446665 0.593750 0.083336 0.109375
4 0.288327 0.716797 0.106670 0.097656
4 0.149990 0.705078 0.090002 0.105469
4 0.116656 0.806641 0.116670 0.117188
4 0.399997 0.294922 0.070002 0.101563
4 0.272494 0.375000 0.101669 0.097656
4 0.256660 0.459961 0.086669 0.099609
4 0.850843 0.577148 0.061668 0.134766
4 0.955013 0.894531 0.063335 0.117188
4 0.943346 0.788086 0.070002 0.076172
4 0.864177 0.751953 0.078335 0.097656
4 0.852510 0.799805 0.115003 0.087891
4 0.854176 0.880859 0.085002 0.089844
4 0.772508 0.743164 0.085002 0.107422
4 0.784175 0.668945 0.075002 0.095703
4 0.889177 0.395508 0.108336 0.123047
4 0.902511 0.458008 0.075002 0.087891
4 0.843343 0.368164 0.056668 0.076172
4 0.934179 0.159180 0.081669 0.111328
4 0.971673 0.201172 0.056654 0.136719
4 0.626670 0.307617 0.100003 0.138672
4 0.582502 0.662109 0.095003 0.109375
4 0.554168 0.726563 0.085002 0.117188
4 0.500000 0.805664 0.090002 0.111328
4 0.428331 0.814453 0.096669 0.082031
4 0.399997 0.728516 0.080002 0.109375
4 0.299994 0.924805 0.090002 0.091797
4 0.233326 0.957031 0.086669 0.078125
4 0.074988 0.706055 0.040001 0.103516
4 0.089155 0.086914 0.075002 0.041016
4 0.976680 0.399414 0.036668 0.111328
4 0.969180 0.496094 0.051668 0.089844
4 0.703339 0.860352 0.103336 0.099609
4 0.680838 0.973633 0.118337 0.048828
4 0.657504 0.939453 0.095003 0.082031
4 0.798342 0.982422 0.073335 0.031250
4 0.535834 0.908203 0.101669 0.093750
4 0.505833 0.955078 0.111670 0.078125
