1 0.825009 0.896484 0.153338 0.101563
1 0.960846 0.316406 0.068335 0.097656
1 0.436665 0.649414 0.146671 0.099609
3 0.822509 0.572266 0.085002 0.128906
3 0.225826 0.737305 0.128337 0.107422
3 0.319162 0.837891 0.085002 0.179688
3 0.597503 0.180664 0.125003 0.083984
4 0.490000 0.302734 0.090002 0.105469
4 0.436665 0.210938 0.113336 0.136719
4 0.297494 0.177734 0.105003 0.101563
4 0.232493 0.226563 0.085002 0.109375
4 0.134990 0.186523 0.090002 0.150391
4 0.219992 0.115234 0.106670 0.097656
4 0.589169 0.415039 0.088336 0.083984
4 0.473333 0.445313 0.106670 0.089844
4 0.415831 0.509766 0.081669 0.128906
4 0.289994 0.517578 0.080002 0.117188
4 0.177491 0.556641 0.085002 0.101563
4 0.733340 0.628906 0.086669 0.109375
4 0.857510 0.703125 0.075002 0.121094
4 0.741673 0.739258 0.096669 0.083984
4 0.646671 0.786133 0.086669 0.111328
4 0.625837 0.883789 0.081669 0.126953
4 0.522501 0.947266 0.105003 0.082031
4 0.500833 0.809570 0.108336 0.103516
4 0.636670 0.599609 0.110003 0.097656
4 0.612503 0.538086 0.105003 0.103516
4 0.675005 0.419922 0.110003 0.070313
4 0.701672 0.307617 0.096669 0.107422
4 0.832509 0.250000 0.065002 0.230469
4 0.967506 0.191406 0.064988 0.070313
4 0.734173 0.229492 0.088336 0.095703
4 0.385830 0.122070 0.111670 0.103516
4 0.131656 0.332031 0.103336 0.121094
4 0.129990 0.457031 0.070002 0.132813
4 0.146657 0.706055 0.076669 0.095703
4 0.106656 0.748047 0.096669 0.093750
4 0.149990 0.847656 0.110003 0.105469
4 0.266660 0.958984 0.066669 0.070313
4 0.234993 0.877930 0.083336 0.107422
4 0.352496 0.928711 0.095003 0.095703
4 0.398331 0.834961 0.126670 0.095703
4 0.374997 0.723633 0.140004 0.119141
4 0.267494 0.628906 0.068335 0.074219
4 0.855843 0.484375 0.101669 0.058594
4 0.770007 0.519531 0.070002 0.093750
4 0.832509 0.798828 0.111670 0.089844
4 0.805008 0.836914 0.090002 0.068359
4 0.735840 0.903320 0.101669 0.076172
4 0.801675 0.966797 0.123337 0.062500
4 0.979173 0.950195 0.041654 0.076172
4 0.979173 0.656250 0.041654 0.093750
4 0.965006 0.478516 0.069988 0.097656
4 0.878344 0.201172 0.076669 0.101563
4 0.613336 0.241211 0.096669 0.083984
4 0.588336 0.089844 0.103336 0.046875
4 0.548335 0.724609 0.103336 0.093750
