1 0.918345 0.199219 0.143337 0.066406
1 0.724173 0.332031 0.085002 0.121094
1 0.541668 0.264648 0.133337 0.103516
1 0.386664 0.127930 0.113336 0.083984
1 0.361663 0.502930 0.136670 0.091797
1 0.189991 0.693359 0.153338 0.074219
1 0.668338 0.887695 0.160004 0.103516
1 0.688339 0.634766 0.076669 0.156250
1 0.227492 0.182617 0.111670 0.083984
1 0.134157 0.399414 0.118337 0.087891
1 0.099156 0.768555 0.098336 0.111328
1 0.109156 0.760742 0.098336 0.072266
1 0.962513 0.132813 0.055002 0.050781
1 0.489166 0.344727 0.131670 0.068359
4 0.483333 0.693359 0.100003 0.109375
4 0.422498 0.836914 0.098336 0.103516
4 0.928345 0.465820 0.116670 0.162109
4 0.907511 0.624023 0.105003 0.103516
4 0.705006 0.769531 0.100003 0.097656
4 0.610003 0.750977 0.090002 0.111328
4 0.633337 0.290039 0.080002 0.119141
4 0.681672 0.219727 0.106670 0.068359
4 0.532501 0.112305 0.078335 0.091797
4 0.122490 0.094727 0.105003 0.056641
4 0.143323 0.320313 0.100003 0.101563
4 0.249160 0.433594 0.088336 0.078125
4 0.357496 0.322266 0.068335 0.113281
4 0.355829 0.388672 0.121670 0.078125
4 0.397497 0.464844 0.125003 0.082031
4 0.525834 0.416992 0.131670 0.087891
4 0.906678 0.749023 0.110003 0.076172
4 0.257493 0.880859 0.071669 0.089844
4 0.154157 0.970703 0.095003 0.058594
4 0.165824 0.599609 0.091669 0.089844
4 0.805008 0.147461 0.123337 0.126953
4 0.742507 0.109375 0.071669 0.085938
4 0.634170 0.098633 0.115003 0.072266
4 0.854176 0.282227 0.075002 0.130859
4 0.795008 0.345703 0.076669 0.132813
4 0.961679 0.261719 0.070002 0.105469
4 0.855843 0.396484 0.101669 0.125000
4 0.740840 0.516602 0.081669 0.068359
4 0.659171 0.482422 0.088336 0.082031
4 0.969180 0.766602 0.055002 0.142578
4 0.785008 0.930664 0.073335 0.115234
4 0.700839 0.956055 0.085002 0.068359
4 0.421665 0.607422 0.093336 0.082031
4 0.353329 0.711914 0.086669 0.130859
4 0.266660 0.743164 0.083336 0.107422
4 0.272494 0.540039 0.081669 0.111328
4 0.081655 0.525391 0.060002 0.082031
4 0.179158 0.835938 0.088336 0.097656
4 0.421665 0.203125 0.100003 0.070313
