1 0.538172 0.174677 0.078868 0.197782
1 0.619407 0.904806 0.115148 0.064695
3 0.854435 0.067468 0.127767 0.134935
3 0.581550 0.085028 0.102529 0.125693
3 0.263710 0.324399 0.085178 0.109057
3 0.559467 0.587800 0.146695 0.070240
4 0.086256 0.084104 0.086755 0.101664
4 0.042878 0.173752 0.082023 0.121996
4 0.075214 0.296673 0.083601 0.123845
4 0.019862 0.388170 0.039724 0.103512
4 0.009754 0.271719 0.018928 0.077634
4 0.064028 0.718115 0.128056 0.142329
4 0.026171 0.831793 0.052342 0.118299
4 0.146985 0.853974 0.094642 0.107209
4 0.219544 0.684843 0.110416 0.138632
4 0.261344 0.834566 0.089910 0.109057
4 0.393054 0.783734 0.113571 0.110906
4 0.495583 0.726433 0.088333 0.136784
4 0.479021 0.853050 0.083601 0.101664
4 0.620196 0.828096 0.091487 0.099815
4 0.666728 0.730129 0.083601 0.107209
4 0.717992 0.619224 0.104106 0.136784
4 0.673826 0.542514 0.091487 0.101664
4 0.537384 0.500000 0.099374 0.097967
4 0.244782 0.509242 0.094642 0.123845
4 0.350465 0.479667 0.097797 0.109057
4 0.206925 0.382625 0.107261 0.121996
4 0.203770 0.097967 0.110416 0.121996
4 0.276329 0.025878 0.066250 0.048059
4 0.376492 0.054529 0.096220 0.101664
4 0.333903 0.104436 0.118303 0.123845
4 0.301567 0.224584 0.151427 0.131238
4 0.340212 0.317006 0.077291 0.105360
4 0.433277 0.327172 0.096220 0.092421
4 0.477444 0.245841 0.096220 0.092421
4 0.471923 0.144177 0.094642 0.092421
4 0.693543 0.071165 0.093065 0.142329
4 0.760581 0.088725 0.097797 0.110906
4 0.690388 0.197782 0.102529 0.081331
4 0.926205 0.115527 0.044166 0.160813
4 0.889926 0.250462 0.116725 0.138632
4 0.793706 0.305915 0.082023 0.101664
4 0.670671 0.278189 0.151427 0.131238
4 0.656475 0.342884 0.097797 0.090573
4 0.736132 0.426063 0.096220 0.146026
4 0.826042 0.407579 0.083601 0.094270
4 0.863110 0.574861 0.082023 0.107209
4 0.923839 0.371534 0.058363 0.092421
4 0.938824 0.465804 0.025238 0.081331
4 0.803170 0.726433 0.059940 0.099815
4 0.742442 0.882625 0.096220 0.105360
4 0.817367 0.843808 0.088333 0.109057
4 0.925417 0.844732 0.045744 0.114603
4 0.882828 0.914972 0.096220 0.051756
4 0.505048 0.047135 0.157737 0.094270