1 0.570002 0.253906 0.140004 0.125000
1 0.374997 0.053711 0.136670 0.087891
1 0.840843 0.747070 0.121670 0.126953
1 0.429998 0.298828 0.103336 0.078125
1 0.634170 0.658203 0.118337 0.058594
4 0.557502 0.470703 0.115003 0.125000
2 0.723339 0.134766 0.106670 0.113281
4 0.243326 0.203125 0.076669 0.082031
4 0.653338 0.045898 0.136670 0.060547
4 0.066655 0.250000 0.106670 0.082031
1 0.168324 0.322266 0.163338 0.066406
1 0.845010 0.143555 0.063335 0.142578
3 0.645004 0.228516 0.083336 0.125000
4 0.808342 0.543945 0.083336 0.095703
4 0.675005 0.568359 0.100003 0.105469
4 0.610836 0.783203 0.081669 0.105469
4 0.792508 0.833984 0.105003 0.101563
4 0.339162 0.795898 0.111670 0.138672
4 0.337496 0.540039 0.058335 0.134766
4 0.205825 0.414063 0.081669 0.097656
4 0.117489 0.447266 0.105003 0.078125
4 0.089989 0.528320 0.110003 0.080078
4 0.077488 0.632813 0.108336 0.105469
4 0.147490 0.651367 0.115003 0.068359
4 0.078322 0.721680 0.093336 0.087891
4 0.189991 0.762695 0.123337 0.123047
4 0.151657 0.910156 0.116670 0.042969
4 0.251660 0.830078 0.086669 0.101562
4 0.235826 0.539063 0.101669 0.074219
4 0.375830 0.368164 0.078335 0.099609
4 0.822509 0.376953 0.115003 0.085938
4 0.680005 0.282227 0.100003 0.091797
4 0.805008 0.225586 0.090002 0.107422
4 0.900844 0.235352 0.071669 0.123047
4 0.831676 0.036133 0.100003 0.064453
4 0.812509 0.653320 0.135004 0.083984
4 0.725840 0.674805 0.111670 0.107422
4 0.219992 0.255859 0.110003 0.093750
