1 0.750840 0.448242 0.091669 0.193359
1 0.821676 0.114258 0.140004 0.095703
1 0.118323 0.541992 0.066669 0.107422
1 0.608336 0.973633 0.043335 0.048828
1 0.953346 0.458008 0.083336 0.052734
4 0.251660 0.257813 0.110003 0.113281
4 0.659171 0.876953 0.111670 0.128906
4 0.444165 0.465820 0.088336 0.107422
1 0.970013 0.284180 0.050001 0.154297
1 0.974180 0.145508 0.048335 0.103516
3 0.109989 0.371094 0.060002 0.140625
1 0.507500 0.909180 0.128337 0.123047
4 0.219992 0.152344 0.103336 0.078125
4 0.564168 0.394531 0.071669 0.113281
4 0.690839 0.701172 0.075002 0.085938
4 0.817509 0.633789 0.078335 0.099609
4 0.774174 0.256836 0.065002 0.095703
4 0.592503 0.148438 0.111670 0.082031
4 0.654171 0.281250 0.125003 0.066406
4 0.951679 0.571289 0.093336 0.142578
4 0.930012 0.833984 0.106670 0.132813
4 0.968346 0.766602 0.046668 0.115234
4 0.812509 0.955078 0.071669 0.085938
4 0.897511 0.916016 0.081669 0.089844
4 0.416664 0.610352 0.090002 0.134766
4 0.234159 0.478516 0.095003 0.105469
3 0.093322 0.218750 0.076669 0.117188
1 0.152490 0.269531 0.068335 0.148438
1 0.144157 0.737305 0.078335 0.142578
4 0.338329 0.587891 0.056668 0.132813
4 0.305828 0.113281 0.091669 0.093750
4 0.262493 0.601563 0.075002 0.093750
4 0.626670 0.543945 0.093336 0.099609
4 0.477499 0.664063 0.061668 0.113281
4 0.188325 0.082031 0.096669 0.031250
4 0.224992 0.600586 0.090002 0.103516
4 0.072488 0.651367 0.038334 0.123047
4 0.340829 0.947266 0.108336 0.070313
4 0.500833 0.783203 0.091669 0.085938
4 0.417498 0.752930 0.115003 0.119141
4 0.087489 0.976563 0.085002 0.042969
4 0.187491 0.983398 0.075002 0.025391
4 0.283327 0.943359 0.066669 0.113281
4 0.407497 0.884766 0.075002 0.101563
4 0.966680 0.972656 0.056668 0.050781
4 0.459166 0.966797 0.095003 0.050781
