1 0.906678 0.557617 0.086669 0.072266
3 0.466666 0.398438 0.106670 0.085938
4 0.146657 0.124023 0.116670 0.099609
4 0.075822 0.353516 0.108336 0.136719
4 0.363330 0.838867 0.096669 0.154297
4 0.784175 0.627930 0.105003 0.119141
4 0.283327 0.145508 0.066669 0.107422
4 0.372496 0.174805 0.088336 0.119141
4 0.502500 0.166992 0.088336 0.123047
4 0.248326 0.451172 0.076669 0.128906
4 0.146657 0.508789 0.106670 0.107422
4 0.242493 0.557617 0.088336 0.087891
4 0.155824 0.667969 0.081669 0.093750
4 0.058321 0.767578 0.086669 0.097656
4 0.299994 0.734375 0.103336 0.097656
4 0.620003 0.312500 0.080002 0.109375
4 0.535001 0.284180 0.070002 0.103516
4 0.665005 0.224609 0.080002 0.093750
4 0.825842 0.260742 0.078335 0.087891
4 0.827509 0.114258 0.078335 0.080078
4 0.661671 0.117188 0.076669 0.082031
4 0.707506 0.145508 0.075002 0.095703
4 0.744173 0.710938 0.085002 0.105469
4 0.789175 0.908203 0.071669 0.132813
4 0.723339 0.958984 0.106670 0.066406
4 0.887511 0.927734 0.098336 0.121094
4 0.890844 0.813477 0.105003 0.095703
4 0.039154 0.106445 0.071669 0.087891
