2 0.635004 0.284180 0.090002 0.134766
2 0.598336 0.388672 0.120003 0.113281
2 0.857510 0.476563 0.091669 0.136719
1 0.228326 0.579102 0.110003 0.095703
1 0.731673 0.231445 0.143337 0.091797
1 0.190825 0.778320 0.205006 0.119141
1 0.203325 0.625000 0.060002 0.125000
2 0.888344 0.738281 0.083336 0.105469
4 0.678338 0.665039 0.090002 0.111328
4 0.593336 0.595703 0.090002 0.101563
4 0.669171 0.524414 0.068335 0.087891
4 0.607503 0.508789 0.111670 0.091797
4 0.798342 0.375000 0.100003 0.105469
4 0.705006 0.344727 0.093336 0.130859
4 0.677505 0.163086 0.088336 0.123047
4 0.596669 0.171875 0.083336 0.101563
4 0.497500 0.060547 0.101669 0.113281
4 0.431665 0.161133 0.096669 0.111328
4 0.468332 0.309570 0.080002 0.119141
4 0.383330 0.401367 0.090002 0.080078
4 0.364996 0.621094 0.086669 0.093750
4 0.206659 0.410156 0.083336 0.093750
4 0.303328 0.366211 0.083336 0.107422
4 0.352496 0.251953 0.088336 0.109375
4 0.330829 0.219727 0.125003 0.087891
4 0.310828 0.084961 0.085002 0.087891
4 0.192492 0.177734 0.091669 0.125000
4 0.117489 0.249023 0.088336 0.083984
4 0.062488 0.142578 0.091669 0.113281
4 0.119156 0.059570 0.111670 0.091797
4 0.860010 0.070313 0.110003 0.121094
4 0.921678 0.172852 0.050001 0.115234
4 0.917512 0.322266 0.061668 0.121094
1 0.736673 0.540039 0.090002 0.126953
4 0.754174 0.569336 0.061668 0.080078
4 0.825842 0.539063 0.075002 0.128906
4 0.908345 0.609375 0.070002 0.093750
4 0.803342 0.584961 0.070002 0.103516
4 0.311661 0.600586 0.076669 0.123047
4 0.159991 0.500000 0.093336 0.125000
4 0.104989 0.388672 0.096669 0.101563
4 0.065821 0.608398 0.095003 0.099609
4 0.100822 0.816406 0.085002 0.089844
4 0.193325 0.787109 0.080002 0.085938
4 0.149157 0.825195 0.075002 0.091797
4 0.071655 0.875000 0.076669 0.101563
4 0.185825 0.666016 0.085002 0.097656
4 0.404997 0.694336 0.133337 0.123047
4 0.314995 0.779297 0.066669 0.105469
4 0.424165 0.811523 0.105003 0.076172
4 0.371663 0.862305 0.066669 0.119141
4 0.508334 0.875977 0.083336 0.099609
4 0.623337 0.813477 0.073335 0.076172
4 0.725840 0.845703 0.085002 0.089844
4 0.791675 0.780273 0.076669 0.076172
4 0.825842 0.830078 0.085002 0.093750
4 0.600836 0.902344 0.105003 0.062500
4 0.805008 0.905273 0.086669 0.056641
4 0.020820 0.430664 0.035001 0.111328