1 0.314162 0.174805 0.128337 0.091797
1 0.179158 0.405273 0.148337 0.115234
1 0.373330 0.571289 0.126670 0.080078
1 0.882511 0.584961 0.111670 0.126953
1 0.543335 0.666016 0.090002 0.171875
1 0.792508 0.958984 0.145004 0.066406
1 0.514167 0.883789 0.101669 0.119141
3 0.289994 0.910156 0.143337 0.082031
3 0.196658 0.915039 0.076669 0.138672
1 0.363330 0.834961 0.136670 0.068359
1 0.383330 0.720703 0.156671 0.070313
1 0.462499 0.100586 0.145004 0.080078
1 0.920845 0.750977 0.048335 0.134766
1 0.626670 0.490234 0.096669 0.117188
1 0.770841 0.191406 0.118337 0.082031
4 0.299994 0.483398 0.093336 0.126953
4 0.141657 0.145508 0.096669 0.115234
4 0.587502 0.228516 0.095003 0.109375
4 0.481666 0.360352 0.083336 0.095703
4 0.363330 0.285156 0.083336 0.105469
4 0.289994 0.317383 0.083336 0.123047
4 0.202492 0.338867 0.101669 0.126953
4 0.550835 0.557617 0.098336 0.126953
4 0.739173 0.543945 0.081669 0.150391
4 0.910011 0.123047 0.073335 0.109375
4 0.863343 0.333008 0.103336 0.119141
4 0.816675 0.432617 0.090002 0.103516
4 0.702506 0.274414 0.111670 0.095703
4 0.544168 0.293945 0.095003 0.087891
4 0.226659 0.572266 0.070002 0.085938
4 0.152490 0.794922 0.095003 0.105469
4 0.628337 0.873047 0.083336 0.101563
4 0.635837 0.692383 0.091669 0.134766
4 0.492500 0.768555 0.085002 0.076172
4 0.254160 0.696289 0.105003 0.134766
4 0.321662 0.670898 0.100003 0.083984
4 0.398331 0.943359 0.093336 0.078125
4 0.268327 0.823242 0.086669 0.107422
4 0.475833 0.664063 0.085002 0.109375
