1 0.861973 0.709890 0.176298 0.065934
3 0.083637 0.889011 0.120033 0.068132
3 0.329329 0.786813 0.090024 0.118681
3 0.697866 0.756044 0.121908 0.065934
3 0.693177 0.867033 0.071269 0.134066
3 0.043694 0.415385 0.087388 0.074725
3 0.277752 0.078022 0.103153 0.094505
4 0.729750 0.232967 0.084398 0.109890
4 0.681924 0.095604 0.082522 0.081319
4 0.550639 0.058242 0.086273 0.094505
4 0.429668 0.093407 0.080647 0.098901
4 0.108956 0.025275 0.103153 0.046154
4 0.032441 0.031868 0.064882 0.063736
4 0.253370 0.241758 0.088149 0.105495
4 0.028690 0.320879 0.057380 0.105495
4 0.099579 0.364835 0.084398 0.087912
4 0.089263 0.474725 0.075020 0.096703
4 0.017437 0.483516 0.034874 0.074725
4 0.258059 0.381319 0.120033 0.134066
4 0.399660 0.248352 0.091900 0.096703
4 0.486871 0.231868 0.078771 0.085714
4 0.534697 0.309890 0.121908 0.061538
4 0.610655 0.176923 0.075020 0.081319
4 0.621908 0.247253 0.086273 0.094505
4 0.860098 0.046154 0.063767 0.087912
4 0.853534 0.174725 0.084398 0.103297
4 0.920114 0.224176 0.052514 0.114286
4 0.413727 0.358242 0.093775 0.087912
4 0.349959 0.436264 0.116282 0.129670
4 0.200856 0.686813 0.095651 0.134066
4 0.108956 0.728571 0.088149 0.094505
4 0.074259 0.816484 0.101278 0.081319
4 0.279628 0.738462 0.088149 0.118681
4 0.560954 0.506593 0.088149 0.134066
4 0.424980 0.778022 0.071269 0.123077
4 0.575020 0.675824 0.097527 0.107692
4 0.710995 0.551648 0.080647 0.118681
4 0.872289 0.537363 0.140663 0.129670
4 0.807584 0.627473 0.097527 0.085714
4 0.930429 0.775824 0.035635 0.105495
4 0.807584 0.798901 0.120033 0.085714
4 0.860098 0.898901 0.086273 0.061538