1 0.469999 0.390625 0.133337 0.074219
1 0.296661 0.135742 0.100003 0.083984
1 0.929179 0.266602 0.045001 0.068359
4 0.415831 0.630859 0.115003 0.148438
4 0.321662 0.728516 0.073335 0.097656
4 0.626670 0.799805 0.096669 0.103516
4 0.581669 0.526367 0.083336 0.107422
4 0.850843 0.567383 0.091669 0.107422
4 0.217492 0.123047 0.081669 0.109375
4 0.259993 0.786133 0.090002 0.115234
4 0.545835 0.924805 0.095003 0.103516
4 0.792508 0.734375 0.095003 0.101563
4 0.807508 0.958984 0.105003 0.070313
4 0.646671 0.915039 0.086669 0.095703
4 0.464999 0.085938 0.093336 0.042969
4 0.514167 0.177734 0.071669 0.117188
4 0.464166 0.185547 0.051668 0.089844
4 0.376663 0.198242 0.083336 0.119141
4 0.229993 0.246094 0.073335 0.085938
4 0.094155 0.084961 0.081669 0.048828
4 0.035821 0.202148 0.061668 0.142578
4 0.057488 0.278320 0.068335 0.087891
4 0.166657 0.328125 0.073335 0.105469
2 0.101656 0.418945 0.100003 0.111328
4 0.199992 0.449219 0.103336 0.121094
4 0.774174 0.103516 0.088336 0.082031
4 0.762507 0.158203 0.095003 0.089844
4 0.825009 0.121094 0.080002 0.082031
4 0.933345 0.156250 0.033334 0.125000
4 0.840843 0.267578 0.088336 0.105469
4 0.861677 0.197266 0.076669 0.097656
4 0.885011 0.297852 0.076669 0.083984
4 0.911678 0.501953 0.073335 0.121094
4 0.772508 0.516602 0.078335 0.142578
4 0.716673 0.530273 0.066669 0.107422
4 0.355829 0.875977 0.098336 0.111328
4 0.247493 0.895508 0.088336 0.095703
4 0.162491 0.944336 0.088336 0.083984
4 0.029987 0.686523 0.050001 0.083984
2 0.061655 0.549805 0.106670 0.138672
4 0.152490 0.533203 0.088336 0.105469
4 0.116656 0.231445 0.063335 0.158203
4 0.022487 0.407227 0.035001 0.111328
4 0.114989 0.870117 0.063335 0.115234
4 0.024154 0.916992 0.038334 0.134766
4 0.050821 0.950195 0.095003 0.080078
4 0.450832 0.943359 0.081669 0.093750
4 0.719173 0.708984 0.101669 0.125000
4 0.910845 0.740234 0.068335 0.113281
4 0.883344 0.865234 0.086669 0.101563
4 0.715839 0.255859 0.088336 0.121094
4 0.705839 0.309570 0.115003 0.095703
4 0.699172 0.377930 0.121670 0.064453
