1 0.495000 0.070313 0.103336 0.140625
1 0.860010 0.065430 0.173338 0.064453
1 0.270827 0.049805 0.058335 0.095703
1 0.306661 0.137695 0.060002 0.150391
1 0.344996 0.278320 0.113336 0.130859
1 0.239159 0.208008 0.125003 0.130859
1 0.064988 0.266602 0.126670 0.107422
1 0.071655 0.174805 0.103336 0.130859
1 0.209159 0.110352 0.115003 0.119141
1 0.266660 0.281250 0.100003 0.117188
1 0.823342 0.799805 0.096669 0.185547
1 0.905845 0.583008 0.085002 0.083984
1 0.103322 0.814453 0.103336 0.152344
1 0.170824 0.896484 0.085002 0.066406
1 0.208325 0.738281 0.150004 0.101563
3 0.333329 0.385742 0.096669 0.126953
3 0.422498 0.753906 0.138337 0.074219
3 0.749174 0.645508 0.128337 0.064453
3 0.832509 0.677734 0.101669 0.105469
4 0.562502 0.696289 0.101669 0.119141
4 0.055821 0.390625 0.101669 0.109375
3 0.532501 0.402344 0.098336 0.117188
4 0.729173 0.293945 0.065002 0.123047
3 0.085822 0.062500 0.055002 0.117188
4 0.806675 0.512695 0.120003 0.123047
4 0.910845 0.355469 0.071669 0.117188
4 0.798342 0.328125 0.076669 0.097656
4 0.769174 0.091797 0.085002 0.125000
4 0.630004 0.076172 0.093336 0.125000
4 0.662504 0.200195 0.098336 0.123047
4 0.738340 0.151367 0.086669 0.107422
4 0.476666 0.204102 0.113336 0.138672
4 0.540834 0.294922 0.088336 0.121094
4 0.688339 0.392578 0.113336 0.121094
4 0.637504 0.369141 0.091669 0.078125
4 0.710839 0.492188 0.105003 0.117188
4 0.316662 0.600586 0.100003 0.130859
3 0.695005 0.823242 0.113336 0.083984
3 0.927512 0.905273 0.051668 0.056641
4 0.918345 0.667969 0.063335 0.101563
4 0.662504 0.859375 0.138337 0.093750
4 0.408331 0.908203 0.126670 0.054688
4 0.240826 0.816406 0.105003 0.101563
4 0.091655 0.681641 0.083336 0.125000
4 0.036654 0.649414 0.063335 0.091797
4 0.242493 0.398438 0.081669 0.101563
4 0.370830 0.155273 0.078335 0.130859
4 0.354163 0.028320 0.101669 0.048828
4 0.085822 0.877930 0.098336 0.083984
4 0.768341 0.761719 0.076669 0.109375
