1 0.285005 0.073937 0.077291 0.140481
3 0.529497 0.290203 0.105684 0.085028
3 0.197461 0.719039 0.104106 0.092421
3 0.216389 0.857671 0.126190 0.066543
3 0.168279 0.046211 0.052053 0.092421
3 0.146985 0.467652 0.113571 0.085028
4 0.112283 0.036969 0.069404 0.073937
4 0.084679 0.127542 0.061517 0.110906
4 0.146985 0.226433 0.075714 0.090573
4 0.192728 0.139556 0.085178 0.109057
4 0.356775 0.200555 0.091487 0.094270
4 0.381224 0.138632 0.105684 0.107209
4 0.438009 0.042514 0.102529 0.085028
4 0.326016 0.016636 0.083601 0.029575
4 0.579184 0.074861 0.116725 0.142329
4 0.619407 0.121996 0.093065 0.088725
4 0.495583 0.152495 0.097797 0.109057
4 0.720358 0.054529 0.096220 0.109057
4 0.796861 0.130314 0.078868 0.123845
4 0.866265 0.031423 0.094642 0.062846
4 0.986763 0.158965 0.026474 0.107209
4 0.878095 0.229205 0.111993 0.129390
4 0.963103 0.269871 0.073794 0.096118
4 0.770046 0.300370 0.078868 0.105360
4 0.868631 0.362292 0.096220 0.107209
4 0.966257 0.382625 0.067485 0.107209
4 0.926205 0.481516 0.107261 0.109057
4 0.796072 0.470425 0.089910 0.149723
4 0.703007 0.558226 0.115148 0.133087
4 0.806325 0.647874 0.116725 0.120148
4 0.839450 0.822551 0.097797 0.136784
4 0.742442 0.836414 0.096220 0.127542
4 0.982820 0.838262 0.034360 0.116451
4 0.989918 0.709797 0.020164 0.096118
4 0.622562 0.753235 0.089910 0.112754
4 0.594169 0.641405 0.089910 0.110906
4 0.452994 0.905730 0.094642 0.059150
4 0.334692 0.826248 0.104106 0.107209
4 0.304722 0.718115 0.088333 0.112754
4 0.388322 0.724584 0.110416 0.114603
4 0.089411 0.739372 0.074136 0.110906
4 0.119381 0.643253 0.086755 0.118299
4 0.073637 0.553604 0.039434 0.097967
4 0.154872 0.375231 0.129344 0.114603
4 0.272386 0.466728 0.093065 0.109057
4 0.252668 0.591497 0.091487 0.096118
4 0.355197 0.521257 0.088333 0.118299
4 0.414349 0.442699 0.083601 0.112754
4 0.434066 0.599815 0.085178 0.097967
4 0.475078 0.556377 0.100952 0.121996
4 0.486908 0.373383 0.067827 0.133087
4 0.626505 0.368762 0.100952 0.094270
4 0.647799 0.462107 0.105684 0.092421