1 0.497500 0.201172 0.128337 0.062500
1 0.665838 0.598633 0.088336 0.126953
1 0.668338 0.814453 0.163338 0.097656
1 0.064155 0.614258 0.125003 0.076172
1 0.047488 0.941406 0.085002 0.085938
1 0.736673 0.717773 0.096669 0.068359
3 0.246660 0.823242 0.093336 0.091797
3 0.904178 0.458008 0.078335 0.123047
3 0.754174 0.567383 0.081669 0.142578
3 0.273327 0.940430 0.060002 0.107422
3 0.214159 0.094727 0.118337 0.052734
3 0.585002 0.361328 0.126670 0.082031
4 0.238326 0.233398 0.103336 0.107422
4 0.362496 0.398438 0.115003 0.082031
4 0.379997 0.298828 0.100003 0.105469
4 0.375830 0.123047 0.101669 0.105469
4 0.052488 0.305664 0.098336 0.099609
4 0.079155 0.105469 0.088336 0.085938
4 0.755840 0.281250 0.098336 0.128906
4 0.695839 0.202148 0.098336 0.119141
4 0.791675 0.175781 0.086669 0.109375
4 0.879177 0.135742 0.101669 0.099609
4 0.556668 0.123047 0.086669 0.093750
4 0.502500 0.289063 0.085002 0.101563
4 0.193325 0.202148 0.096669 0.091797
4 0.017487 0.158203 0.028334 0.093750
4 0.045821 0.420898 0.075002 0.115234
4 0.053321 0.465820 0.096669 0.103516
4 0.196658 0.545898 0.093336 0.099609
4 0.239993 0.461914 0.096669 0.068359
4 0.297494 0.541992 0.085002 0.123047
4 0.409998 0.661133 0.083336 0.111328
4 0.153324 0.565430 0.086669 0.123047
4 0.204158 0.732422 0.071669 0.105469
4 0.294161 0.666016 0.101669 0.105469
4 0.359996 0.850586 0.103336 0.154297
4 0.055821 0.799805 0.071669 0.091797
4 0.037487 0.875977 0.065002 0.091797
4 0.134157 0.875977 0.108336 0.123047
4 0.195825 0.930664 0.108336 0.119141
4 0.530834 0.911133 0.111670 0.099609
4 0.495000 0.500977 0.080002 0.099609
4 0.463332 0.389648 0.096669 0.072266
4 0.685005 0.354492 0.073335 0.095703
4 0.648337 0.298828 0.073335 0.082031
4 0.605836 0.471680 0.085002 0.103516
4 0.565002 0.448242 0.073335 0.080078
4 0.894178 0.785156 0.121670 0.164063
4 0.902511 0.629883 0.085002 0.099609
4 0.831676 0.432617 0.086669 0.130859
4 0.735840 0.432617 0.081669 0.095703
4 0.505000 0.619141 0.090002 0.101563
4 0.560002 0.679688 0.090002 0.105469
4 0.577502 0.796875 0.095003 0.093750
4 0.678338 0.660156 0.083336 0.054688
4 0.637504 0.739258 0.085002 0.099609
4 0.745840 0.943359 0.081669 0.105469
4 0.842509 0.921875 0.095003 0.097656
4 0.899178 0.952148 0.101669 0.091797
4 0.585002 0.982422 0.090002 0.035156
4 0.864177 0.767578 0.171671 0.164063