3 0.116458 0.346154 0.121908 0.068132
3 0.155844 0.770330 0.076896 0.120879
3 0.123023 0.897802 0.060016 0.076923
3 0.513129 0.906593 0.131286 0.046154
3 0.250557 0.221978 0.067518 0.162637
3 0.485934 0.141758 0.065643 0.186813
3 0.963251 0.850549 0.063767 0.096703
4 0.779451 0.035165 0.112531 0.057143
4 0.261810 0.026374 0.127535 0.043956
4 0.205545 0.084615 0.097527 0.103297
4 0.303071 0.113187 0.086273 0.098901
4 0.139902 0.215385 0.086273 0.105495
4 0.071446 0.293407 0.028133 0.063736
4 0.238366 0.297802 0.080647 0.103297
4 0.213047 0.387912 0.063767 0.125275
4 0.414664 0.187912 0.095651 0.107692
4 0.298383 0.360440 0.080647 0.145055
4 0.126774 0.500000 0.090024 0.103297
4 0.513129 0.313187 0.090024 0.094505
4 0.389345 0.340659 0.078771 0.096703
4 0.609717 0.386813 0.091900 0.145055
4 0.523444 0.408791 0.091900 0.083516
4 0.862911 0.230769 0.084398 0.101099
4 0.973186 0.083516 0.053628 0.092308
4 0.972248 0.191209 0.055504 0.087912
4 0.878853 0.368132 0.086273 0.103297
4 0.597527 0.534066 0.086273 0.096703
4 0.487809 0.517582 0.091900 0.103297
4 0.475618 0.573626 0.105029 0.079121
4 0.557203 0.637363 0.076896 0.118681
4 0.626597 0.667033 0.080647 0.138462
4 0.688489 0.645055 0.125659 0.094505
4 0.760696 0.743956 0.071269 0.081319
4 0.966621 0.589011 0.066757 0.123077
4 0.949185 0.737363 0.084398 0.094505
4 0.861973 0.782418 0.078771 0.131868
4 0.635974 0.818681 0.080647 0.059341
4 0.538448 0.801099 0.103153 0.116484
4 0.461552 0.753846 0.084398 0.096703
4 0.399660 0.689011 0.088149 0.094505
4 0.387469 0.837363 0.067518 0.127473
4 0.350897 0.892308 0.080647 0.070330
4 0.287130 0.812088 0.088149 0.098901
4 0.263686 0.584615 0.075020 0.109890
4 0.193354 0.560440 0.080647 0.101099
4 0.176475 0.654945 0.088149 0.101099
4 0.078010 0.745055 0.041261 0.109890