3 0.963346 0.345703 0.070002 0.136719
3 0.650004 0.474609 0.083336 0.128906
1 0.930845 0.711914 0.135004 0.138672
1 0.813342 0.406250 0.090002 0.113281
1 0.628337 0.114258 0.126670 0.072266
1 0.745840 0.529297 0.145004 0.078125
4 0.297494 0.317383 0.091669 0.103516
4 0.342496 0.402344 0.091669 0.097656
4 0.165824 0.376953 0.091669 0.101563
4 0.185825 0.565430 0.095003 0.123047
4 0.276661 0.625000 0.096669 0.109375
4 0.173324 0.702148 0.100003 0.115234
4 0.239993 0.802734 0.106670 0.089844
4 0.424165 0.830078 0.118337 0.105469
4 0.445832 0.938477 0.115003 0.087891
4 0.550001 0.907227 0.100003 0.138672
4 0.547501 0.944336 0.121670 0.111328
4 0.618337 0.959961 0.100003 0.068359
4 0.722506 0.968750 0.081669 0.042969
4 0.618337 0.836914 0.090002 0.103516
4 0.512500 0.583984 0.098336 0.109375
4 0.561668 0.435547 0.116670 0.132813
4 0.481666 0.201172 0.103336 0.109375
4 0.507500 0.105469 0.121670 0.074219
4 0.729173 0.156250 0.095003 0.093750
4 0.837509 0.091797 0.115003 0.058594
4 0.728340 0.372070 0.070002 0.142578
4 0.712506 0.400391 0.121670 0.085938
4 0.892511 0.473633 0.108336 0.111328
4 0.697505 0.580078 0.101669 0.074219
4 0.814175 0.594727 0.135004 0.154297
4 0.887511 0.646484 0.101669 0.125000
4 0.950012 0.798828 0.086669 0.105469
4 0.069155 0.138672 0.025001 0.105469
4 0.066655 0.384766 0.026667 0.082031
4 0.983340 0.166992 0.033320 0.076172