3 0.302134 0.558242 0.076896 0.140659
3 0.158657 0.234066 0.131286 0.063736
3 0.224300 0.353846 0.142539 0.079121
3 0.427793 0.073626 0.118157 0.094505
3 0.837592 0.390110 0.116282 0.098901
3 0.731625 0.310989 0.050639 0.129670
1 0.744754 0.127473 0.099402 0.127473
1 0.749443 0.640659 0.138788 0.085714
1 0.579709 0.219780 0.133161 0.074725
4 0.346208 0.270330 0.086273 0.114286
4 0.430606 0.351648 0.097527 0.127473
4 0.468116 0.447253 0.090024 0.107692
4 0.530008 0.360440 0.067518 0.114286
4 0.554390 0.091209 0.063767 0.090110
4 0.359337 0.191209 0.108780 0.127473
4 0.271188 0.074725 0.142539 0.127473
4 0.092077 0.057143 0.103153 0.109890
4 0.049878 0.157143 0.086273 0.107692
4 0.056442 0.237363 0.076896 0.123077
4 0.088326 0.349451 0.106904 0.118681
4 0.137089 0.437363 0.091900 0.109890
4 0.227113 0.449451 0.076896 0.098901
4 0.395909 0.548352 0.118157 0.125275
4 0.492498 0.614286 0.097527 0.112088
4 0.355586 0.632967 0.090024 0.109890
4 0.259935 0.690110 0.097527 0.118681
4 0.049878 0.798901 0.097527 0.116484
4 0.668796 0.425275 0.086273 0.094505
4 0.648165 0.312088 0.078771 0.105495
4 0.661294 0.114286 0.108780 0.087912
4 0.651916 0.032967 0.108780 0.061538
4 0.448423 0.015385 0.099402 0.030769
4 0.907923 0.034066 0.084398 0.059341
4 0.872289 0.112088 0.069394 0.109890
4 0.808521 0.196703 0.088149 0.112088
4 0.797268 0.302198 0.061892 0.068132
4 0.899484 0.245055 0.097527 0.098901
4 0.916363 0.473626 0.063767 0.094505
4 0.805708 0.513187 0.101278 0.116484
4 0.742878 0.461538 0.073145 0.087912
4 0.888230 0.582418 0.097527 0.087912
4 0.734439 0.729670 0.097527 0.105495
4 0.668796 0.835165 0.105029 0.131868
4 0.563767 0.862637 0.101278 0.116484
4 0.394971 0.798901 0.090024 0.129670
4 0.356524 0.897802 0.121908 0.059341
4 0.171786 0.917582 0.086273 0.032967
4 0.085512 0.891209 0.101278 0.072527
4 0.012367 0.645055 0.022506 0.081319
4 0.017437 0.539560 0.034874 0.081319
4 0.627535 0.914286 0.078771 0.048352