1 0.974180 0.462891 0.045001 0.152344
4 0.180825 0.484375 0.081669 0.128906
1 0.367496 0.544922 0.061668 0.082031
1 0.959179 0.720703 0.075002 0.058594
1 0.965006 0.670898 0.069988 0.052734
4 0.789175 0.221680 0.105003 0.130859
4 0.690005 0.200195 0.090002 0.083984
4 0.540834 0.259766 0.098336 0.101563
4 0.461666 0.386719 0.090002 0.105469
4 0.344162 0.424805 0.081669 0.111328
4 0.554168 0.506836 0.085002 0.099609
4 0.565002 0.359375 0.106670 0.097656
4 0.711673 0.301758 0.100003 0.103516
4 0.744173 0.397461 0.085002 0.095703
4 0.783341 0.458008 0.046668 0.060547
4 0.908345 0.380859 0.086669 0.109375
4 0.881677 0.417969 0.160004 0.148438
4 0.876677 0.519531 0.113336 0.117187
4 0.890844 0.612305 0.098336 0.099609
4 0.969180 0.591797 0.055002 0.097656
4 0.960846 0.839844 0.071669 0.128906
4 0.900844 0.776367 0.108336 0.095703
4 0.890844 0.891602 0.081669 0.103516
4 0.920012 0.938477 0.090002 0.103516
4 0.805008 0.914063 0.086669 0.117188
4 0.782508 0.777344 0.121670 0.144531
4 0.646671 0.657227 0.093336 0.107422
4 0.516667 0.632813 0.090002 0.105469
4 0.674171 0.788086 0.095003 0.111328
4 0.664171 0.869141 0.105003 0.089844
4 0.615837 0.932617 0.088336 0.107422
4 0.556668 0.859375 0.080002 0.105469
4 0.454999 0.781250 0.130004 0.066406
4 0.461666 0.836914 0.100003 0.087891
4 0.227492 0.211914 0.071669 0.083984
4 0.161657 0.278320 0.100003 0.099609
4 0.112489 0.121094 0.088336 0.125000
4 0.300828 0.093750 0.081669 0.070313
4 0.632504 0.084961 0.095003 0.044922
4 0.863343 0.125000 0.096669 0.101563
4 0.846676 0.089844 0.090002 0.054688
4 0.960846 0.149414 0.068335 0.146484
4 0.236659 0.526367 0.093336 0.138672
4 0.137490 0.409180 0.061668 0.072266
4 0.083322 0.313477 0.053335 0.099609
4 0.079988 0.503906 0.046668 0.117188
4 0.196658 0.819336 0.093336 0.095703
4 0.139157 0.935547 0.085002 0.117188
4 0.429165 0.913086 0.095003 0.107422
4 0.304161 0.755859 0.095003 0.097656
4 0.339162 0.847656 0.105003 0.089844
4 0.339162 0.930664 0.095003 0.103516
4 0.247493 0.916016 0.078335 0.128906
4 0.074155 0.775391 0.035001 0.121094
4 0.327495 0.583984 0.105003 0.132813
4 0.728340 0.102539 0.080002 0.064453
