3 0.711673 0.867188 0.126670 0.089844
3 0.094989 0.797852 0.113336 0.115234
1 0.694172 0.603516 0.125003 0.066406
1 0.671671 0.618164 0.136670 0.091797
3 0.876677 0.108398 0.126670 0.083984
3 0.466666 0.339844 0.110003 0.105469
3 0.511667 0.653320 0.096669 0.115234
1 0.237493 0.794922 0.098336 0.105469
4 0.598336 0.173828 0.110003 0.117188
4 0.387497 0.574219 0.085002 0.101563
4 0.229993 0.157227 0.093336 0.150391
4 0.143323 0.291992 0.106670 0.095703
4 0.063321 0.368164 0.086669 0.107422
4 0.058321 0.207031 0.083336 0.097656
4 0.273327 0.362305 0.073335 0.095703
4 0.200825 0.352539 0.081669 0.111328
4 0.316662 0.436523 0.083336 0.130859
4 0.401664 0.391602 0.096669 0.142578
3 0.545835 0.406250 0.058335 0.156250
4 0.706672 0.252930 0.133337 0.146484
4 0.867510 0.400391 0.075002 0.113281
4 0.733340 0.346680 0.076669 0.091797
4 0.701672 0.400391 0.096669 0.097656
4 0.652504 0.419922 0.095003 0.093750
4 0.742507 0.467773 0.095003 0.083984
4 0.787508 0.527344 0.095003 0.082031
4 0.869177 0.570313 0.085002 0.085938
4 0.912511 0.492188 0.075002 0.070313
4 0.930012 0.377930 0.040001 0.095703
4 0.790841 0.604492 0.108336 0.115234
4 0.907511 0.718750 0.088336 0.097656
4 0.919178 0.639648 0.048335 0.095703
4 0.870844 0.825195 0.088336 0.087891
4 0.815009 0.907227 0.090002 0.083984
4 0.843343 0.977539 0.080002 0.037109
4 0.606670 0.916016 0.086669 0.101563
4 0.605836 0.854492 0.088336 0.060547
4 0.575835 0.778320 0.081669 0.095703
4 0.634170 0.753906 0.101669 0.082031
4 0.597503 0.663086 0.115003 0.111328
4 0.631670 0.565430 0.076669 0.083984
4 0.588336 0.565430 0.096669 0.080078
4 0.580002 0.486328 0.070002 0.066406
4 0.399164 0.638672 0.105003 0.113281
4 0.299994 0.698242 0.090002 0.091797
4 0.338329 0.742188 0.093336 0.093750
4 0.142490 0.523438 0.095003 0.097656
4 0.167491 0.650391 0.095003 0.101563
4 0.078322 0.672852 0.086669 0.103516
4 0.016653 0.573242 0.026667 0.056641
4 0.548335 0.093750 0.100003 0.054688
4 0.605003 0.081055 0.086669 0.025391
4 0.159991 0.099609 0.080002 0.074219
4 0.027487 0.783203 0.045001 0.105469
4 0.032487 0.699219 0.055002 0.078125
4 0.234993 0.886719 0.090002 0.074219
4 0.299994 0.951172 0.110003 0.089844
4 0.137490 0.964844 0.085002 0.070312
4 0.085822 0.919922 0.141671 0.125000
4 0.140823 0.861328 0.091669 0.085938
4 0.815842 0.100586 0.081669 0.068359