3 0.195230 0.312088 0.054390 0.131868
3 0.636912 0.742857 0.138788 0.131868
2 0.963251 0.212088 0.071269 0.125275
4 0.168973 0.173626 0.091900 0.118681
4 0.124898 0.085714 0.097527 0.048352
4 0.254308 0.075824 0.078771 0.028571
4 0.325578 0.105495 0.075020 0.083516
4 0.469054 0.083516 0.091900 0.039560
4 0.336831 0.231868 0.097527 0.090110
4 0.331204 0.350549 0.067518 0.098901
4 0.198981 0.418681 0.110655 0.072527
4 0.638788 0.153846 0.105029 0.118681
4 0.946371 0.108791 0.078771 0.081319
4 0.832903 0.237363 0.076896 0.114286
4 0.891044 0.309890 0.099402 0.105495
4 0.758820 0.314286 0.105029 0.079121
4 0.937932 0.419780 0.088149 0.105495
4 0.981625 0.516484 0.036749 0.114286
4 0.954431 0.576923 0.091138 0.112088
4 0.978812 0.735165 0.042376 0.116484
4 0.874164 0.797802 0.099402 0.114286
4 0.852596 0.689011 0.078771 0.107692
4 0.760696 0.578022 0.101278 0.105495
4 0.797268 0.474725 0.088149 0.087912
4 0.718497 0.424176 0.095651 0.118681
4 0.394971 0.539560 0.168796 0.252747
4 0.216798 0.651648 0.078771 0.094505
4 0.301196 0.619780 0.086273 0.105495
4 0.536572 0.710989 0.099402 0.120879
4 0.685675 0.813187 0.086273 0.096703
4 0.784140 0.954945 0.084398 0.076923
4 0.673485 0.925275 0.084398 0.092308
4 0.371528 0.739560 0.106904 0.129670
4 0.139902 0.892308 0.093775 0.105495
4 0.079886 0.792308 0.045012 0.125275