1 0.516667 0.752930 0.140004 0.095703
1 0.620837 0.340820 0.088336 0.134766
1 0.455832 0.151367 0.061668 0.169922
1 0.319162 0.477539 0.055002 0.154297
1 0.334995 0.650391 0.160004 0.078125
1 0.845010 0.531250 0.123337 0.101563
1 0.515000 0.566406 0.080002 0.132813
4 0.647504 0.250977 0.125003 0.083984
4 0.442498 0.677734 0.061668 0.148438
4 0.230826 0.187500 0.111670 0.117188
4 0.176658 0.490234 0.103336 0.109375
4 0.504167 0.400391 0.108336 0.140625
4 0.846676 0.827148 0.090002 0.103516
4 0.338329 0.581055 0.103336 0.115234
4 0.112489 0.224609 0.065002 0.089844
4 0.150824 0.321289 0.081669 0.099609
4 0.693339 0.100586 0.063335 0.072266
4 0.765007 0.116211 0.070002 0.107422
4 0.831676 0.095703 0.106670 0.054688
4 0.922512 0.159180 0.098336 0.087891
4 0.875844 0.216797 0.108336 0.097656
4 0.237493 0.615234 0.075002 0.089844
4 0.559168 0.487305 0.118337 0.146484
4 0.740840 0.352539 0.091669 0.099609
4 0.911678 0.418945 0.093336 0.072266
4 0.895844 0.346680 0.118337 0.064453
4 0.919178 0.597656 0.115003 0.132813
4 0.776674 0.446289 0.066669 0.123047
4 0.906678 0.510742 0.063335 0.087891
4 0.384163 0.781250 0.111670 0.113281
4 0.514167 0.661133 0.098336 0.107422
4 0.228326 0.784180 0.056668 0.130859
4 0.159991 0.845703 0.090002 0.113281
4 0.118323 0.899414 0.083336 0.107422
4 0.362496 0.884766 0.065002 0.074219
4 0.310828 0.931641 0.121670 0.089844
4 0.206659 0.966797 0.076669 0.062500
4 0.433331 0.962891 0.106670 0.062500
4 0.722506 0.959961 0.075002 0.072266
4 0.965013 0.476563 0.060002 0.089844
4 0.830842 0.392578 0.091669 0.109375
