1 0.565002 0.497070 0.166671 0.115234
1 0.881677 0.408203 0.126670 0.074219
1 0.038321 0.141602 0.070002 0.076172
1 0.638337 0.418945 0.156671 0.064453
3 0.170824 0.777344 0.058335 0.179688
1 0.838343 0.753906 0.133337 0.078125
1 0.739173 0.670898 0.088336 0.103516
3 0.441665 0.376953 0.070002 0.136719
3 0.415831 0.226563 0.101669 0.054688
3 0.274994 0.772461 0.053335 0.130859
4 0.231659 0.093750 0.093336 0.093750
4 0.142490 0.134766 0.091669 0.093750
4 0.733340 0.191406 0.096669 0.113281
4 0.849176 0.851563 0.085002 0.113281
1 0.155824 0.619141 0.115003 0.074219
1 0.188325 0.832031 0.156671 0.082031
4 0.264160 0.328125 0.068335 0.093750
4 0.182491 0.514648 0.118337 0.107422
4 0.288327 0.497070 0.086669 0.080078
4 0.529167 0.114258 0.085002 0.099609
4 0.426665 0.136719 0.110003 0.109375
4 0.754174 0.031250 0.098336 0.062500
4 0.132490 0.026367 0.088336 0.044922
4 0.042487 0.252930 0.081669 0.119141
4 0.014153 0.374023 0.025001 0.111328
4 0.051654 0.507813 0.073335 0.105469
4 0.059988 0.703125 0.056668 0.140625
4 0.064988 0.625977 0.110003 0.111328
4 0.354996 0.760742 0.093336 0.091797
4 0.389997 0.576172 0.116670 0.136719
4 0.574169 0.319336 0.065002 0.107422
1 0.399997 0.433594 0.103336 0.097656
3 0.703339 0.600586 0.086669 0.103516
4 0.528334 0.734375 0.063335 0.132813
3 0.901678 0.216797 0.090002 0.128906
4 0.841676 0.073242 0.136670 0.064453
4 0.853343 0.646484 0.113336 0.101563
1 0.907511 0.529297 0.081669 0.085938
4 0.662504 0.740234 0.055002 0.113281
4 0.491666 0.650391 0.093336 0.105469
4 0.424998 0.800781 0.103336 0.066406
4 0.046654 0.847656 0.090002 0.125000
4 0.736673 0.914063 0.100003 0.035156
4 0.257493 0.915039 0.088336 0.033203
4 0.485000 0.899414 0.103336 0.076172
4 0.603336 0.688477 0.076669 0.111328
4 0.615837 0.580078 0.098336 0.128906
4 0.509167 0.356445 0.085002 0.103516
4 0.816675 0.338867 0.090002 0.119141
4 0.830009 0.213867 0.063335 0.099609
4 0.746673 0.756836 0.083336 0.068359
4 0.545001 0.794922 0.086669 0.089844
