1 0.747507 0.756836 0.175005 0.064453
1 0.906678 0.334961 0.093336 0.158203
1 0.179991 0.475586 0.130004 0.134766
1 0.603336 0.226563 0.106670 0.132813
1 0.081655 0.384766 0.056668 0.105469
1 0.230826 0.131836 0.108336 0.119141
1 0.499167 0.971680 0.065002 0.044922
1 0.909178 0.110352 0.121670 0.087891
1 0.775008 0.113281 0.123337 0.082031
4 0.721673 0.357422 0.103336 0.113281
1 0.896678 0.763672 0.140004 0.070313
4 0.234993 0.774414 0.096669 0.123047
4 0.795008 0.442383 0.096669 0.087891
4 0.367496 0.200195 0.061668 0.076172
4 0.740007 0.929688 0.066669 0.132813
4 0.462499 0.736328 0.098336 0.117188
4 0.368330 0.760742 0.103336 0.123047
4 0.244160 0.352539 0.115003 0.126953
1 0.208325 0.181641 0.093336 0.105469
4 0.240826 0.247070 0.088336 0.123047
4 0.412498 0.140625 0.105003 0.097656
4 0.660838 0.428711 0.111670 0.115234
4 0.764174 0.570313 0.105003 0.132813
4 0.834176 0.644531 0.088336 0.109375
4 0.919178 0.676758 0.088336 0.099609
4 0.876677 0.862305 0.090002 0.099609
4 0.929179 0.941406 0.115003 0.097656
4 0.517500 0.115234 0.108336 0.093750
4 0.430831 0.247070 0.065002 0.111328
4 0.513334 0.294922 0.086669 0.089844
4 0.318328 0.103516 0.076669 0.074219
4 0.498333 0.179688 0.100003 0.117188
4 0.680838 0.961914 0.065002 0.064453
