1 0.180825 0.233398 0.168338 0.072266
1 0.782508 0.287109 0.215006 0.046875
1 0.790841 0.350586 0.151671 0.107422
1 0.900844 0.177734 0.101669 0.121094
1 0.441665 0.155273 0.143337 0.064453
1 0.561668 0.446289 0.076669 0.185547
1 0.169158 0.381836 0.151671 0.154297
1 0.882511 0.411133 0.085002 0.154297
1 0.228326 0.826172 0.066669 0.140625
1 0.489166 0.880859 0.055002 0.113281
1 0.327495 0.479492 0.105003 0.111328
1 0.488333 0.478516 0.116670 0.082031
1 0.923345 0.592773 0.046668 0.083984
1 0.829176 0.597656 0.151671 0.074219
3 0.214992 0.226563 0.063335 0.144531
3 0.864177 0.433594 0.148337 0.093750
3 0.439998 0.197266 0.130004 0.074219
3 0.302495 0.180664 0.095003 0.107422
4 0.348329 0.120117 0.083336 0.123047
4 0.670838 0.062500 0.118337 0.117188
4 0.474999 0.072266 0.083336 0.066406
4 0.665005 0.190430 0.070002 0.080078
4 0.620003 0.241211 0.060002 0.119141
4 0.485833 0.293945 0.111670 0.107422
4 0.615003 0.128906 0.130004 0.093750
4 0.564168 0.044922 0.091669 0.078125
4 0.873344 0.093750 0.083336 0.121094
4 0.756674 0.238281 0.110003 0.097656
4 0.697505 0.354492 0.158338 0.126953
4 0.681672 0.513672 0.076669 0.070313
4 0.656671 0.744141 0.163338 0.164063
4 0.767507 0.826172 0.105003 0.097656
4 0.610836 0.884766 0.138337 0.074219
4 0.530001 0.771484 0.100003 0.101563
4 0.389164 0.848633 0.121670 0.119141
4 0.329162 0.651367 0.071669 0.107422
4 0.400831 0.549805 0.081669 0.103516
4 0.312495 0.295898 0.118337 0.126953
4 0.029154 0.615234 0.051668 0.140625
4 0.115823 0.550781 0.091669 0.093750
4 0.153324 0.665039 0.156671 0.115234
4 0.084155 0.849609 0.098336 0.121094
4 0.150824 0.782227 0.085002 0.146484
4 0.846676 0.811523 0.073335 0.107422
4 0.247493 0.442383 0.108336 0.087891
4 0.226659 0.384766 0.113336 0.078125
