3 0.805536 0.720887 0.083601 0.121996
4 0.681713 0.964880 0.091487 0.066543
4 0.453783 0.957486 0.096220 0.085028
4 0.293680 0.984288 0.078868 0.024030
4 0.367816 0.984288 0.066250 0.031423
4 0.831563 0.927911 0.094642 0.099815
4 0.736921 0.902957 0.094642 0.142329
4 0.826831 0.880776 0.104106 0.109057
4 0.796072 0.993530 0.089910 0.012939
4 0.943556 0.814233 0.082023 0.109057
4 0.985186 0.772643 0.029628 0.103512
4 0.906488 0.698706 0.096220 0.151571
4 0.792917 0.609057 0.130922 0.105360
4 0.853646 0.579482 0.091487 0.090573
4 0.944963 0.357671 0.110074 0.205176
4 0.964680 0.454713 0.070640 0.073937
4 0.658052 0.510166 0.088333 0.110906
4 0.103607 0.945471 0.077291 0.109057
4 0.205347 0.948244 0.116725 0.077634
4 0.263710 0.920518 0.082023 0.085028
4 0.304722 0.833641 0.069404 0.129390
4 0.366239 0.904806 0.085178 0.101664
4 0.419081 0.843808 0.124612 0.101664
4 0.432489 0.754159 0.085178 0.110906
4 0.123324 0.826248 0.094642 0.103512
4 0.274752 0.654344 0.078868 0.162662
4 0.199038 0.708872 0.085178 0.101664
4 0.153294 0.670980 0.072559 0.085028
4 0.102030 0.583179 0.093065 0.116451
4 0.193517 0.584104 0.086755 0.110906
4 0.146985 0.443623 0.104106 0.096118
4 0.240838 0.368762 0.093065 0.097967
4 0.250302 0.252311 0.086755 0.094270
4 0.262133 0.173752 0.072559 0.088725
4 0.169857 0.143253 0.086755 0.097967
4 0.240838 0.085028 0.080446 0.044362
4 0.318918 0.074861 0.078868 0.024030
4 0.146985 0.075786 0.088333 0.025878
4 0.381224 0.312384 0.080446 0.088725
4 0.357564 0.441774 0.083601 0.092421
4 0.400152 0.421442 0.061517 0.096118
4 0.366239 0.537893 0.085178 0.118299
4 0.438798 0.512939 0.056785 0.127542
4 0.486908 0.550832 0.064672 0.133087
4 0.516089 0.469501 0.075714 0.110906
4 0.571297 0.503697 0.063095 0.083179
4 0.531074 0.313309 0.102529 0.120148
4 0.600478 0.095194 0.099374 0.068392
4 0.706162 0.231978 0.074136 0.097967
4 0.737710 0.420518 0.121457 0.097967
4 0.783453 0.508318 0.118303 0.099815
4 0.870997 0.423290 0.107261 0.151571
4 0.783453 0.346580 0.061517 0.083179
4 0.845759 0.298521 0.078868 0.101664
4 0.751906 0.265250 0.083601 0.105360
4 0.754272 0.163586 0.097797 0.094270
4 0.810269 0.145102 0.105684 0.131238
4 0.927783 0.163586 0.107261 0.127542
4 0.975892 0.335490 0.045744 0.134935
4 0.941979 0.305915 0.066250 0.086876
4 0.944345 0.086876 0.080446 0.048059
4 0.093354 0.332717 0.078868 0.184843
4 0.084679 0.164510 0.061517 0.070240
4 0.082313 0.106285 0.056785 0.031423
4 0.940402 0.533272 0.110416 0.131238