1 0.599169 0.245117 0.228340 0.052734
1 0.786675 0.357422 0.080002 0.187500
1 0.758340 0.661133 0.090002 0.146484
1 0.887511 0.792969 0.125003 0.082031
1 0.512500 0.825195 0.075002 0.177734
1 0.419998 0.674805 0.090002 0.134766
1 0.184158 0.499023 0.168338 0.083984
1 0.079155 0.533203 0.145004 0.097656
1 0.337496 0.880859 0.135004 0.082031
1 0.613336 0.099609 0.086669 0.070313
2 0.112489 0.235352 0.095003 0.134766
4 0.157491 0.694336 0.078335 0.091797
4 0.900844 0.673828 0.071669 0.109375
4 0.906678 0.453125 0.086669 0.160156
4 0.830842 0.378906 0.068335 0.082031
4 0.903344 0.112305 0.066669 0.095703
4 0.784175 0.082031 0.085002 0.039063
4 0.685005 0.115234 0.090002 0.085938
4 0.760841 0.163086 0.071669 0.072266
4 0.745840 0.239258 0.058335 0.087891
4 0.632504 0.203125 0.108336 0.074219
4 0.701672 0.328125 0.096669 0.113281
4 0.582502 0.326172 0.105003 0.117188
4 0.551668 0.460938 0.096669 0.117188
4 0.596669 0.613281 0.086669 0.152344
4 0.704172 0.519531 0.085002 0.097656
4 0.805008 0.526367 0.083336 0.103516
4 0.852510 0.587891 0.108336 0.109375
4 0.703339 0.745117 0.083336 0.103516
4 0.735006 0.859375 0.096669 0.117188
4 0.806675 0.842773 0.083336 0.119141
4 0.922512 0.909180 0.065002 0.087891
4 0.444998 0.112305 0.093336 0.111328
4 0.513334 0.177734 0.106670 0.117188
4 0.266660 0.093750 0.096669 0.066406
4 0.260827 0.171875 0.121670 0.097656
4 0.273327 0.242188 0.096669 0.089844
4 0.242493 0.289063 0.085002 0.105469
4 0.304161 0.372070 0.051668 0.095703
4 0.357496 0.446289 0.105003 0.091797
4 0.392497 0.358398 0.075002 0.111328
4 0.208325 0.418945 0.076669 0.083984
4 0.142490 0.382813 0.058335 0.078125
4 0.219159 0.610352 0.118337 0.064453
4 0.247493 0.719727 0.098336 0.080078
4 0.254160 0.860352 0.061668 0.107422
4 0.158324 0.875000 0.056668 0.113281
4 0.084155 0.858398 0.075002 0.095703
4 0.034161 0.689453 0.068321 0.082031
4 0.590002 0.837891 0.090002 0.101563
4 0.385830 0.793945 0.051668 0.095703
4 0.640837 0.967773 0.071669 0.056641
4 0.486666 0.296875 0.066669 0.105469
