3 0.199158 0.121094 0.101669 0.117188
3 0.724173 0.106445 0.098336 0.080078
3 0.668338 0.265625 0.123337 0.078125
3 0.628337 0.388672 0.090002 0.132813
3 0.070821 0.410156 0.035001 0.078125
1 0.752507 0.795898 0.055002 0.134766
1 0.402497 0.929688 0.118337 0.117188
3 0.464999 0.800781 0.086669 0.093750
4 0.126656 0.150391 0.100003 0.109375
4 0.083322 0.225586 0.056668 0.119141
4 0.116656 0.354492 0.080002 0.107422
4 0.196658 0.486328 0.100003 0.101563
4 0.222492 0.608398 0.095003 0.107422
4 0.239159 0.718750 0.085002 0.093750
4 0.109156 0.797852 0.075002 0.123047
4 0.184158 0.836914 0.058335 0.095703
4 0.484166 0.267578 0.118337 0.105469
4 0.284994 0.091797 0.096669 0.050781
4 0.394997 0.090820 0.066669 0.056641
4 0.491666 0.106445 0.100003 0.080078
4 0.818342 0.138672 0.096669 0.093750
4 0.611670 0.113281 0.083336 0.089844
4 0.677505 0.182617 0.081669 0.087891
4 0.871677 0.214844 0.103336 0.093750
4 0.955846 0.344727 0.081669 0.115234
4 0.905845 0.409180 0.078335 0.107422
4 0.952512 0.493164 0.088336 0.103516
4 0.977506 0.733398 0.044987 0.111328
4 0.912511 0.768555 0.088336 0.111328
4 0.940012 0.821289 0.076669 0.099609
4 0.801675 0.900391 0.120003 0.093750
4 0.825009 0.792969 0.113336 0.136719
4 0.795008 0.648438 0.070002 0.093750
4 0.703339 0.477539 0.096669 0.107422
4 0.540834 0.399414 0.095003 0.123047
4 0.574169 0.578125 0.105003 0.089844
4 0.556668 0.730469 0.090002 0.128906
4 0.619170 0.750000 0.098336 0.089844
4 0.717506 0.728516 0.088336 0.128906
4 0.702506 0.821289 0.098336 0.076172
4 0.521667 0.859375 0.110003 0.117188
4 0.349996 0.848633 0.130004 0.083984
4 0.334995 0.925781 0.096669 0.085937
4 0.254993 0.967773 0.086669 0.064453
4 0.210825 0.988281 0.075002 0.023438
4 0.982513 0.671875 0.028334 0.082031