1 0.346522 0.483364 0.178243 0.101664
1 0.679347 0.703327 0.067827 0.171904
1 0.212446 0.736599 0.096220 0.175601
3 0.407251 0.175601 0.160892 0.059150
3 0.140675 0.238447 0.145118 0.085028
3 0.867054 0.451017 0.153005 0.059150
2 0.422236 0.789279 0.108838 0.121996
3 0.514512 0.419593 0.110416 0.114603
3 0.089411 0.487985 0.067827 0.133087
4 0.108339 0.895564 0.070982 0.079482
4 0.152505 0.879852 0.102529 0.088725
4 0.291314 0.905730 0.074136 0.059150
4 0.501104 0.895564 0.096220 0.075786
4 0.686445 0.839187 0.082023 0.110906
4 0.744019 0.841959 0.074136 0.116451
4 0.793706 0.858595 0.078868 0.090573
4 0.957582 0.871534 0.084836 0.109057
4 0.382013 0.683919 0.091487 0.103512
3 0.148562 0.792052 0.100952 0.079482
4 0.081524 0.694085 0.058363 0.083179
4 0.105973 0.597043 0.104106 0.099815
4 0.227431 0.284658 0.091487 0.107209
4 0.319707 0.427911 0.080446 0.112754
4 0.382013 0.536044 0.078868 0.088725
4 0.473500 0.546211 0.104106 0.142329
4 0.579184 0.650647 0.082023 0.170055
4 0.558678 0.705176 0.069404 0.105360
4 0.641490 0.603512 0.067827 0.086876
4 0.732189 0.525878 0.091487 0.105360
4 0.935669 0.549908 0.088333 0.105360
4 0.146985 0.166359 0.085178 0.118299
4 0.111494 0.041590 0.074136 0.083179
4 0.292891 0.034196 0.086755 0.068392
4 0.367028 0.036969 0.083601 0.073937
4 0.552369 0.143253 0.082023 0.086876
4 0.294469 0.146950 0.074136 0.079482
4 0.287371 0.214418 0.097797 0.062847
4 0.373337 0.280037 0.074136 0.123845
4 0.468768 0.264325 0.091487 0.099815
4 0.485330 0.168207 0.070982 0.107209
4 0.557101 0.308688 0.094642 0.085028
4 0.569720 0.236599 0.082023 0.092421
4 0.654898 0.328096 0.082023 0.109057
4 0.747962 0.388170 0.132499 0.155268
4 0.930937 0.423290 0.085178 0.088725
4 0.826831 0.432532 0.091487 0.151571
4 0.987552 0.656192 0.024896 0.099815
4 0.906488 0.253235 0.093065 0.088725
4 0.729823 0.248614 0.089910 0.086876
4 0.815789 0.279113 0.075714 0.085028
4 0.789763 0.186691 0.077291 0.110906
4 0.710106 0.140481 0.113571 0.114603
4 0.694332 0.035120 0.110416 0.070240
4 0.830774 0.099815 0.096220 0.118299
4 0.948288 0.072089 0.088333 0.121996
4 0.930149 0.167283 0.074136 0.094270
4 0.985186 0.195009 0.029628 0.097967
4 0.446685 0.012939 0.082023 0.025878
4 0.787397 0.019409 0.107261 0.038817
4 0.983779 0.481516 0.029970 0.127542
4 0.623350 0.792976 0.069404 0.096118
4 0.154872 0.743993 0.069404 0.101664
4 0.114649 0.128466 0.102529 0.109057