4 0.266660 0.068359 0.086669 0.109375
4 0.560835 0.471680 0.121670 0.130859
1 0.662504 0.168945 0.085002 0.095703
4 0.708339 0.192383 0.080002 0.107422
4 0.288327 0.394531 0.073335 0.085938
4 0.254993 0.415039 0.073335 0.095703
4 0.322495 0.474609 0.081669 0.109375
4 0.902511 0.099609 0.075002 0.125000
4 0.944179 0.076172 0.071669 0.113281
4 0.800008 0.034180 0.073335 0.060547
4 0.830842 0.098633 0.088336 0.095703
4 0.818342 0.194336 0.123337 0.134766
4 0.885011 0.336914 0.066669 0.083984
4 0.878344 0.394531 0.073335 0.085938
4 0.797508 0.399414 0.095003 0.087891
4 0.931679 0.567383 0.096669 0.119141
4 0.779174 0.575195 0.081669 0.126953
4 0.712506 0.677734 0.108336 0.128906
4 0.852510 0.695313 0.085002 0.085938
4 0.830009 0.576172 0.070002 0.089844
4 0.855010 0.768555 0.080002 0.076172
4 0.791675 0.833008 0.080002 0.091797
4 0.622503 0.844727 0.125003 0.091797
4 0.604170 0.754883 0.098336 0.095703
4 0.567502 0.655273 0.111670 0.099609
4 0.488333 0.230469 0.086669 0.105469
3 0.404164 0.632813 0.111670 0.058594
4 0.249160 0.230469 0.091669 0.121094
4 0.184158 0.140625 0.121670 0.101563
4 0.719173 0.290039 0.098336 0.076172
4 0.966680 0.329102 0.056668 0.087891
4 0.965013 0.437500 0.060002 0.101563
4 0.947512 0.770508 0.085002 0.087891
4 0.382497 0.719727 0.095003 0.095703
4 0.580002 0.110352 0.073335 0.142578
3 0.559168 0.249023 0.048335 0.138672
4 0.577502 0.307617 0.085002 0.103516
4 0.645004 0.402344 0.080002 0.101563
4 0.600836 0.377930 0.101669 0.126953
4 0.666671 0.533203 0.096669 0.117188
4 0.435832 0.497070 0.095003 0.119141
4 0.396664 0.465820 0.053335 0.076172
4 0.349996 0.165039 0.096669 0.095703
4 0.412498 0.072266 0.058335 0.125000
4 0.370830 0.090820 0.078335 0.080078
4 0.480833 0.128906 0.078335 0.097656
4 0.508334 0.027344 0.103336 0.046875
4 0.675005 0.025391 0.100003 0.050781
4 0.304995 0.617188 0.083336 0.097656
4 0.134157 0.323242 0.088336 0.107422
4 0.126656 0.040039 0.083336 0.072266
4 0.100822 0.146484 0.078335 0.121094
4 0.102489 0.389648 0.051668 0.064453
4 0.087489 0.331055 0.058335 0.111328
4 0.130823 0.568359 0.088336 0.113281
4 0.235826 0.776367 0.088336 0.099609
4 0.336662 0.895508 0.100003 0.083984
4 0.740007 0.851563 0.083336 0.078125
4 0.107489 0.862305 0.095003 0.111328
4 0.111656 0.799805 0.076669 0.099609
4 0.128323 0.750977 0.096669 0.107422
4 0.214159 0.649414 0.091669 0.119141
4 0.093322 0.471680 0.073335 0.064453
4 0.474999 0.886719 0.086669 0.089844
4 0.151657 0.883789 0.126670 0.083984
4 0.969173 0.868164 0.061654 0.123047
4 0.863343 0.913086 0.073335 0.048828