1 0.639124 0.294824 0.138809 0.094270
4 0.226642 0.913124 0.099374 0.044362
3 0.659630 0.628466 0.066250 0.136784
3 0.104396 0.865989 0.104106 0.064695
3 0.091777 0.800370 0.078868 0.051756
4 0.154083 0.725508 0.108838 0.123845
3 0.169857 0.618299 0.108838 0.160813
4 0.075214 0.685767 0.039434 0.121996
4 0.085467 0.466728 0.063095 0.123845
4 0.094931 0.351201 0.085178 0.088725
4 0.069694 0.260628 0.034702 0.081331
4 0.071271 0.167283 0.037857 0.090573
4 0.180109 0.201479 0.072559 0.092421
4 0.257401 0.301294 0.119880 0.114603
4 0.191940 0.030499 0.099374 0.057301
4 0.290525 0.042514 0.094642 0.085028
4 0.236895 0.113678 0.104106 0.101664
4 0.385956 0.212569 0.102529 0.121996
4 0.281850 0.229205 0.080446 0.110906
4 0.527919 0.023105 0.089910 0.046210
4 0.598112 0.189464 0.082023 0.109057
4 0.686445 0.225508 0.088333 0.103512
4 0.489274 0.370610 0.091487 0.109057
4 0.384379 0.418669 0.099374 0.112754
4 0.415926 0.520333 0.096220 0.090573
4 0.514512 0.558226 0.097797 0.133087
4 0.580761 0.609057 0.116725 0.146026
4 0.307088 0.838262 0.093065 0.112754
4 0.301567 0.654344 0.094642 0.133087
4 0.353620 0.735675 0.097797 0.147874
4 0.413560 0.618299 0.104106 0.090573
4 0.473500 0.887246 0.072559 0.092421
4 0.380435 0.637708 0.113571 0.129390
4 0.527131 0.806839 0.097797 0.131238
4 0.523187 0.684843 0.077291 0.083179
4 0.695121 0.919593 0.102529 0.042514
4 0.967835 0.838262 0.064330 0.112754
4 0.922262 0.536969 0.111993 0.101664
4 0.788974 0.583179 0.107261 0.097967
4 0.620984 0.471349 0.089910 0.092421
4 0.726668 0.426063 0.111993 0.116451
4 0.603633 0.371534 0.108838 0.092421
4 0.635969 0.061922 0.094642 0.123844
4 0.787397 0.119224 0.107261 0.116451
4 0.774778 0.318854 0.097797 0.123845
4 0.898601 0.085952 0.099374 0.105360
4 0.881250 0.293900 0.089910 0.129390
4 0.939442 0.363216 0.121116 0.112754
4 0.963273 0.440850 0.070982 0.090573
4 0.866265 0.016636 0.075714 0.033272
4 0.949077 0.036969 0.086755 0.066543
4 0.949077 0.175601 0.089910 0.162662