4 0.760841 0.347656 0.101669 0.125000
4 0.182491 0.488281 0.098336 0.125000
4 0.094155 0.647461 0.105003 0.107422
4 0.242493 0.700195 0.111670 0.091797
4 0.776674 0.521484 0.093336 0.121094
4 0.816675 0.874023 0.100003 0.123047
4 0.608336 0.682617 0.106670 0.142578
4 0.404164 0.324219 0.088336 0.101563
4 0.414164 0.682617 0.085002 0.103516
4 0.150824 0.801758 0.081669 0.123047
4 0.128323 0.930664 0.083336 0.103516
4 0.033320 0.318359 0.063335 0.121094
4 0.319162 0.802734 0.075002 0.148438
4 0.659171 0.375000 0.085002 0.097656
4 0.582502 0.420898 0.071669 0.107422
3 0.454999 0.194336 0.106670 0.111328
3 0.745840 0.748047 0.125003 0.093750
3 0.491666 0.661133 0.070002 0.166016
3 0.274994 0.094727 0.056668 0.068359
4 0.303328 0.568359 0.086669 0.136719
4 0.063321 0.757813 0.093336 0.113281
4 0.018327 0.845703 0.036654 0.097656
4 0.484166 0.865234 0.105003 0.136719
4 0.482500 0.971680 0.088336 0.052734
4 0.578335 0.961914 0.073335 0.064453
4 0.715006 0.835938 0.083336 0.101563
4 0.643337 0.806641 0.096669 0.140625
4 0.554168 0.815430 0.101669 0.134766
4 0.419164 0.769531 0.125003 0.125000
4 0.469999 0.500000 0.096669 0.070313
4 0.671671 0.141602 0.080002 0.076172
4 0.688339 0.594727 0.080002 0.087891
4 0.389164 0.466797 0.095003 0.117188
4 0.672505 0.953125 0.105003 0.078125
4 0.408331 0.089844 0.083336 0.054688
4 0.205825 0.112305 0.098336 0.091797
4 0.104156 0.102539 0.105003 0.076172
4 0.014153 0.205078 0.025001 0.089844
4 0.230826 0.976563 0.088336 0.039063
