1 0.463332 0.683594 0.096669 0.140625
1 0.769174 0.662109 0.148337 0.089844
1 0.810842 0.563477 0.118337 0.091797
1 0.109156 0.309570 0.131670 0.060547
4 0.810842 0.408203 0.095003 0.105469
4 0.703339 0.401367 0.113336 0.068359
4 0.638337 0.256836 0.076669 0.095703
4 0.632504 0.156250 0.095003 0.117188
4 0.677505 0.094727 0.088336 0.111328
4 0.810842 0.050781 0.111670 0.082031
4 0.965013 0.056641 0.063335 0.082031
4 0.925012 0.244141 0.120003 0.105469
4 0.950846 0.347656 0.071669 0.078125
4 0.961679 0.457031 0.060002 0.062500
4 0.882511 0.714844 0.085002 0.113281
4 0.816675 0.781250 0.093336 0.093750
4 0.762507 0.862305 0.085002 0.111328
4 0.530834 0.859375 0.121670 0.105469
4 0.333329 0.787109 0.086669 0.113281
4 0.318328 0.189453 0.113336 0.101563
4 0.199158 0.223633 0.068335 0.123047
4 0.297494 0.320313 0.085002 0.093750
4 0.200825 0.383789 0.141671 0.138672
4 0.076655 0.150391 0.033334 0.117188
4 0.136657 0.035156 0.163338 0.066406
4 0.164991 0.586914 0.090002 0.091797
4 0.257493 0.551758 0.081669 0.115234
4 0.129990 0.665039 0.116670 0.068359
4 0.085822 0.787109 0.085002 0.074219
4 0.100822 0.884766 0.091669 0.089844
4 0.359996 0.634766 0.080002 0.113281
4 0.400831 0.563477 0.111670 0.091797
4 0.438332 0.490234 0.106670 0.093750
4 0.502500 0.455078 0.108336 0.070313
4 0.500833 0.335938 0.088336 0.101563
4 0.543335 0.230469 0.103336 0.085938
4 0.566669 0.548828 0.083336 0.128906
4 0.620003 0.570313 0.083336 0.113281
4 0.587502 0.695313 0.115003 0.082031
4 0.502500 0.613281 0.088336 0.105469
4 0.563335 0.758789 0.116670 0.048828
4 0.710839 0.587891 0.118337 0.113281
4 0.702506 0.700195 0.098336 0.091797
4 0.725006 0.054688 0.120003 0.101563
