3 0.317495 0.206055 0.065002 0.134766
3 0.845010 0.216797 0.096669 0.121094
1 0.074988 0.708984 0.140004 0.070313
4 0.210825 0.084961 0.108336 0.126953
3 0.694172 0.032227 0.128337 0.064453
4 0.500000 0.158203 0.103336 0.121094
4 0.669171 0.124023 0.085002 0.095703
4 0.804175 0.084961 0.128337 0.123047
4 0.580002 0.076172 0.096669 0.117188
4 0.513334 0.024414 0.106670 0.044922
4 0.129990 0.142578 0.106670 0.128906
4 0.210825 0.227539 0.075002 0.111328
4 0.257493 0.262695 0.091669 0.119141
4 0.387497 0.319336 0.098336 0.099609
4 0.396664 0.202148 0.110003 0.099609
4 0.930012 0.364258 0.043335 0.123047
4 0.848343 0.441406 0.090002 0.097656
4 0.902511 0.540039 0.095003 0.115234
4 0.717506 0.398438 0.091669 0.093750
4 0.720006 0.513672 0.096669 0.101563
4 0.779174 0.643555 0.085002 0.095703
4 0.791675 0.796875 0.096669 0.105469
4 0.841676 0.896484 0.090002 0.070313
4 0.655838 0.858398 0.088336 0.087891
4 0.690005 0.676758 0.090002 0.111328
4 0.635004 0.755859 0.100003 0.097656
4 0.564168 0.652344 0.095003 0.105469
4 0.520834 0.501953 0.091669 0.105469
4 0.155824 0.345703 0.115003 0.128906
4 0.086655 0.258789 0.120003 0.119141
4 0.129156 0.331055 0.135004 0.111328
4 0.036654 0.404297 0.070002 0.085938
4 0.094155 0.474609 0.088336 0.105469
4 0.172491 0.501953 0.101669 0.101563
4 0.267494 0.389648 0.101669 0.111328
4 0.337496 0.467773 0.088336 0.115234
4 0.287494 0.552734 0.111670 0.113281
4 0.249993 0.648438 0.090002 0.113281
4 0.021660 0.546875 0.043320 0.097656
4 0.326662 0.676758 0.090002 0.099609
4 0.384163 0.766602 0.075002 0.095703
4 0.495833 0.743164 0.085002 0.115234
4 0.144990 0.754883 0.120003 0.142578
4 0.029154 0.785156 0.055002 0.109375
4 0.045821 0.890625 0.078335 0.085938
4 0.228326 0.865234 0.056668 0.089844
4 0.302495 0.882813 0.128337 0.101563
4 0.453332 0.911133 0.076669 0.052734
4 0.542501 0.911133 0.081669 0.041016