3 0.620837 0.889648 0.175005 0.068359
3 0.488333 0.679688 0.143337 0.078125
4 0.915845 0.491211 0.071669 0.154297
1 0.079155 0.726563 0.045001 0.058594
4 0.234993 0.511719 0.106670 0.125000
4 0.181658 0.805664 0.110003 0.103516
4 0.840009 0.622070 0.096669 0.123047
4 0.822509 0.361328 0.078335 0.121094
4 0.584169 0.359375 0.085002 0.101563
4 0.462499 0.375977 0.088336 0.099609
4 0.516667 0.386719 0.080002 0.203125
4 0.590002 0.754883 0.106670 0.091797
4 0.327495 0.666016 0.095003 0.085938
4 0.156657 0.577148 0.070002 0.091797
4 0.276661 0.301758 0.110003 0.083984
4 0.188325 0.222656 0.106670 0.136719
4 0.377497 0.054688 0.118337 0.105469
4 0.764174 0.025391 0.115003 0.046875
4 0.948346 0.013672 0.086669 0.027344
4 0.935845 0.093750 0.098336 0.085938
4 0.772508 0.093750 0.075002 0.089844
4 0.786675 0.184570 0.063335 0.091797
4 0.714173 0.197266 0.075002 0.085938
4 0.968339 0.293945 0.063321 0.103516
4 0.670005 0.800781 0.080002 0.093750
4 0.370830 0.889648 0.101669 0.091797
4 0.920845 0.736328 0.065002 0.082031
4 0.175824 0.894531 0.141671 0.066406
4 0.972506 0.421875 0.054988 0.105469
4 0.925845 0.631836 0.075002 0.123047
4 0.973346 0.672852 0.046668 0.091797
4 0.941679 0.814453 0.093336 0.089844
4 0.768341 0.902344 0.103336 0.054688
