1 0.630004 0.169922 0.120003 0.093750
1 0.969173 0.093750 0.061654 0.152344
1 0.339996 0.492188 0.180005 0.046875
1 0.350829 0.322266 0.148337 0.058594
1 0.093322 0.533203 0.083336 0.046875
1 0.074155 0.491211 0.041668 0.025391
1 0.239993 0.762695 0.130004 0.142578
1 0.954179 0.797852 0.081669 0.048828
1 0.940012 0.849609 0.110003 0.058594
1 0.189158 0.261719 0.091669 0.105469
4 0.715839 0.603516 0.088336 0.109375
4 0.720839 0.412109 0.088336 0.109375
1 0.417498 0.847656 0.125003 0.066406
1 0.821676 0.826172 0.133337 0.066406
4 0.535834 0.577148 0.088336 0.119141
4 0.925845 0.570313 0.115003 0.078125
4 0.580002 0.712891 0.060002 0.113281
4 0.139157 0.679688 0.058335 0.128906
1 0.203325 0.565430 0.143337 0.056641
1 0.116656 0.384766 0.083336 0.121094
4 0.464166 0.103516 0.148337 0.121094
4 0.953346 0.292969 0.073335 0.093750
4 0.823342 0.098633 0.066669 0.083984
4 0.905011 0.097656 0.060002 0.105469
4 0.675838 0.080078 0.115003 0.125000
4 0.769174 0.048828 0.081669 0.097656
4 0.838343 0.756836 0.093336 0.080078
4 0.673338 0.868164 0.080002 0.072266
4 0.605836 0.904297 0.078335 0.062500
4 0.424165 0.911133 0.128337 0.052734
4 0.317495 0.836914 0.065002 0.103516
4 0.238326 0.878906 0.096669 0.105469
4 0.239159 0.656250 0.118337 0.105469
4 0.424165 0.546875 0.061668 0.093750
1 0.665005 0.356445 0.100003 0.123047
4 0.599169 0.468750 0.111670 0.078125
1 0.526667 0.301758 0.093336 0.123047
4 0.234993 0.040039 0.093336 0.080078
4 0.288327 0.401367 0.093336 0.103516
4 0.386664 0.391602 0.083336 0.076172
4 0.491666 0.441406 0.100003 0.121094
4 0.280827 0.262695 0.105003 0.123047
4 0.322495 0.035156 0.088336 0.070312
4 0.493333 0.056641 0.103336 0.101563
4 0.411664 0.029297 0.076669 0.058594
4 0.519167 0.216797 0.098336 0.089844
4 0.463332 0.305664 0.083336 0.130859
4 0.249160 0.461914 0.098336 0.091797
4 0.844176 0.895508 0.108336 0.083984
4 0.376663 0.443359 0.113336 0.070313
