1 0.556668 0.208008 0.113336 0.111328
1 0.262493 0.197266 0.071669 0.164063
1 0.757507 0.737305 0.121670 0.107422
1 0.133323 0.665039 0.120003 0.107422
1 0.627504 0.616211 0.071669 0.134766
3 0.465832 0.442383 0.075002 0.154297
3 0.335829 0.666016 0.145004 0.093750
3 0.194158 0.288086 0.111670 0.068359
3 0.679172 0.563477 0.061668 0.150391
3 0.840843 0.890625 0.135004 0.062500
4 0.325829 0.297852 0.078335 0.126953
4 0.109989 0.317383 0.093336 0.111328
4 0.116656 0.418945 0.126670 0.107422
4 0.035821 0.169922 0.065002 0.097656
4 0.144990 0.091797 0.096669 0.050781
4 0.575835 0.124023 0.108336 0.111328
4 0.686672 0.130859 0.086669 0.089844
4 0.794175 0.113281 0.071669 0.089844
4 0.914178 0.232422 0.071669 0.113281
4 0.751674 0.241211 0.073335 0.087891
4 0.740840 0.348633 0.105003 0.099609
4 0.647504 0.382813 0.081669 0.117188
4 0.554168 0.414063 0.091669 0.128906
4 0.769174 0.463867 0.101669 0.123047
4 0.835843 0.618164 0.095003 0.099609
4 0.521667 0.607422 0.066669 0.105469
4 0.417498 0.627930 0.081669 0.080078
4 0.331662 0.567383 0.086669 0.107422
4 0.248326 0.586914 0.073335 0.111328
4 0.159991 0.557617 0.103336 0.103516
4 0.114156 0.782227 0.098336 0.115234
4 0.036654 0.875977 0.066669 0.115234
4 0.185825 0.945313 0.105003 0.078125
4 0.105822 0.976563 0.075002 0.046874
4 0.256660 0.851563 0.093336 0.125000
4 0.375830 0.932617 0.101669 0.115234
4 0.473333 0.786133 0.100003 0.076172
4 0.934179 0.130859 0.021667 0.074219
4 0.571669 0.837891 0.096669 0.109375
4 0.457499 0.853516 0.108336 0.089844
4 0.485833 0.957031 0.081669 0.078125
4 0.580002 0.953125 0.083336 0.078125
4 0.672505 0.977539 0.108336 0.037109
4 0.848343 0.804688 0.113336 0.089844
4 0.785841 0.812500 0.111670 0.097656
4 0.766674 0.917969 0.076669 0.093750
4 0.638337 0.291016 0.106670 0.039063
4 0.800842 0.987305 0.091669 0.021484