1 0.687551 0.226374 0.161294 0.074725
3 0.594713 0.152747 0.114406 0.059341
3 0.759758 0.542857 0.103153 0.127473
3 0.845094 0.597802 0.105029 0.118681
3 0.168973 0.345055 0.129410 0.083516
3 0.380905 0.801099 0.114406 0.076923
4 0.092077 0.025275 0.069394 0.041758
4 0.335893 0.060440 0.091900 0.112088
4 0.511253 0.037363 0.075020 0.070330
4 0.790704 0.091209 0.105029 0.107692
4 0.872289 0.175824 0.080647 0.109890
4 0.927616 0.043956 0.086273 0.079121
4 0.849783 0.369231 0.110655 0.101099
4 0.610655 0.304396 0.090024 0.098901
4 0.644414 0.401099 0.105029 0.107692
4 0.692240 0.512088 0.091900 0.109890
4 0.904172 0.539560 0.073145 0.063736
4 0.967940 0.531868 0.058141 0.118681
4 0.965126 0.647253 0.063767 0.098901
4 0.869475 0.778022 0.097527 0.118681
4 0.921052 0.871429 0.088149 0.090110
4 0.779451 0.732967 0.082522 0.112088
4 0.742878 0.908791 0.099402 0.037363
4 0.502813 0.770330 0.091900 0.120879
4 0.606904 0.760440 0.097527 0.074725
4 0.655667 0.701099 0.082522 0.109890
4 0.594713 0.579121 0.073145 0.112088
4 0.485934 0.504396 0.076896 0.120879
4 0.420291 0.428571 0.084398 0.105495
4 0.105205 0.247253 0.088149 0.120879
4 0.097703 0.442857 0.080647 0.107692
4 0.241180 0.382418 0.105029 0.087912
4 0.226176 0.497802 0.138788 0.107692
4 0.213047 0.617582 0.108780 0.105495
4 0.102392 0.592308 0.090024 0.120879
4 0.070508 0.886813 0.026257 0.094505
4 0.149280 0.920879 0.075020 0.017582