1 0.789175 0.549805 0.158338 0.123047
1 0.793341 0.719727 0.083336 0.138672
1 0.895844 0.654297 0.105003 0.089844
1 0.104156 0.299805 0.125003 0.076172
4 0.701672 0.136719 0.110003 0.121094
4 0.065821 0.876953 0.095003 0.121094
4 0.375830 0.352539 0.098336 0.103516
4 0.798342 0.439453 0.106670 0.117188
4 0.641671 0.254883 0.160004 0.107422
1 0.324995 0.834961 0.146671 0.099609
4 0.219159 0.423828 0.105003 0.121094
3 0.538334 0.121094 0.110003 0.089844
4 0.680838 0.576172 0.071669 0.082031
4 0.690839 0.435547 0.098336 0.109375
4 0.588336 0.322266 0.076669 0.089844
3 0.221659 0.115234 0.113336 0.101563
4 0.114156 0.112305 0.098336 0.072266
4 0.224992 0.201172 0.160004 0.121094
4 0.159991 0.230469 0.100003 0.093750
4 0.289161 0.317383 0.071669 0.103516
4 0.213325 0.309570 0.086669 0.087891
4 0.035821 0.355469 0.065002 0.097656
4 0.028320 0.260742 0.043335 0.095703
4 0.149990 0.467773 0.080002 0.099609
4 0.162491 0.559570 0.071669 0.087891
4 0.015827 0.600586 0.031654 0.123047
4 0.439998 0.756836 0.110003 0.083984
4 0.615837 0.761719 0.111670 0.097656
4 0.599169 0.507813 0.101669 0.113281
4 0.620837 0.618164 0.071669 0.095703
4 0.847510 0.299805 0.108336 0.080078
4 0.856677 0.415039 0.086669 0.123047
4 0.742507 0.613281 0.048335 0.078125
1 0.808342 0.578125 0.076669 0.160156
3 0.894178 0.759766 0.091669 0.125000
4 0.848343 0.880859 0.073335 0.105469
4 0.278327 0.085938 0.066669 0.042969
4 0.211659 0.928711 0.093336 0.087891
4 0.142490 0.947266 0.081669 0.097656
4 0.908345 0.956055 0.073335 0.076172
4 0.821676 0.955078 0.090002 0.082031
4 0.020820 0.431641 0.035001 0.058594
4 0.597503 0.389648 0.125003 0.111328
