3 0.103322 0.315430 0.096669 0.091797
1 0.244160 0.247070 0.098336 0.115234
1 0.658338 0.208984 0.140004 0.074219
1 0.484166 0.567383 0.118337 0.080078
4 0.384997 0.182617 0.126670 0.126953
4 0.218326 0.149414 0.096669 0.095703
4 0.074155 0.217773 0.048335 0.115234
4 0.685005 0.123047 0.100003 0.105469
4 0.619170 0.068359 0.091669 0.093750
4 0.702506 0.025391 0.088336 0.042969
4 0.925845 0.162109 0.098336 0.109375
4 0.834176 0.253906 0.121670 0.113281
4 0.967513 0.300781 0.055002 0.136719
4 0.927512 0.375977 0.091669 0.107422
4 0.948346 0.520508 0.096669 0.107422
4 0.910011 0.612305 0.100003 0.099609
4 0.740840 0.583008 0.121670 0.130859
4 0.555002 0.249023 0.100003 0.126953
4 0.723339 0.292969 0.096669 0.109375
4 0.450832 0.280273 0.101669 0.095703
4 0.396664 0.397461 0.093336 0.107422
4 0.501667 0.408203 0.086669 0.097656
4 0.227492 0.345703 0.101669 0.105469
4 0.299161 0.551758 0.098336 0.083984
4 0.204992 0.512695 0.100003 0.138672
4 0.259993 0.621094 0.100003 0.105469
4 0.329995 0.720703 0.083336 0.105469
4 0.164991 0.847656 0.100003 0.117188
4 0.105822 0.878906 0.108336 0.113281
4 0.279994 0.861328 0.093336 0.093750
4 0.670005 0.859375 0.100003 0.101563
4 0.535834 0.655273 0.115003 0.123047