3 0.559467 0.571165 0.134076 0.088725
4 0.727457 0.925139 0.075714 0.083179
4 0.591803 0.901109 0.082023 0.094270
4 0.465613 0.890018 0.082023 0.097967
4 0.327593 0.900185 0.134076 0.118299
4 0.068905 0.838262 0.118303 0.090573
4 0.242416 0.771719 0.105684 0.097967
4 0.571297 0.794824 0.107261 0.081331
4 0.419081 0.793900 0.093065 0.097967
4 0.538172 0.701479 0.085178 0.109057
4 0.440375 0.685767 0.088333 0.110906
4 0.323650 0.683919 0.085178 0.096118
4 0.298412 0.623845 0.088333 0.105360
4 0.182475 0.658041 0.111993 0.110906
4 0.087045 0.680222 0.069404 0.099815
4 0.028682 0.753235 0.047321 0.123845
4 0.792129 0.853050 0.085178 0.116451
4 0.910432 0.718115 0.075714 0.153420
4 0.759793 0.605360 0.124612 0.086876
4 0.665151 0.517560 0.070982 0.096118
4 0.666728 0.433457 0.105684 0.079482
4 0.895447 0.547135 0.093065 0.107209
4 0.898601 0.425139 0.108838 0.107209
4 0.899390 0.293900 0.100952 0.121996
4 0.806325 0.288355 0.078868 0.110906
4 0.913586 0.176525 0.082023 0.083179
4 0.248725 0.471349 0.102529 0.118299
4 0.376492 0.500000 0.096220 0.101664
4 0.541327 0.416821 0.119880 0.134935
4 0.394632 0.378004 0.097797 0.112754
4 0.214023 0.356747 0.093065 0.092421
4 0.260555 0.318854 0.050476 0.072089
4 0.054709 0.349353 0.102529 0.103512
4 0.163547 0.216266 0.096220 0.140481
4 0.281061 0.200555 0.110416 0.083179
4 0.191151 0.149723 0.100952 0.081331
4 0.036569 0.263401 0.072559 0.072089
4 0.487696 0.180222 0.104106 0.116451
4 0.505836 0.085028 0.077291 0.044362
4 0.592592 0.102588 0.077291 0.086876
4 0.811846 0.137708 0.096220 0.090573
4 0.617041 0.210721 0.091487 0.081331
4 0.691177 0.171904 0.082023 0.085028
4 0.764525 0.219039 0.064672 0.101664
4 0.675403 0.277264 0.148273 0.088725
4 0.038935 0.513863 0.077291 0.085028
4 0.721147 0.088725 0.075714 0.044362
4 0.883616 0.645102 0.088333 0.114603
4 0.382013 0.757856 0.059940 0.077634
4 0.331537 0.793900 0.059940 0.120148
4 0.034847 0.980591 0.069694 0.035120
4 0.266865 0.981516 0.082023 0.033272
4 0.359930 0.980591 0.085178 0.027726
4 0.492429 0.584104 0.100952 0.125693
4 0.862322 0.097967 0.083601 0.059150
1 0.030259 0.195933 0.050476 0.051756