3 0.620984 0.078558 0.159314 0.068392
3 0.634392 0.268022 0.116725 0.110906
1 0.341001 0.129390 0.094642 0.151571
1 0.339424 0.836414 0.094642 0.149723
4 0.219544 0.886322 0.132499 0.094270
4 0.049832 0.844732 0.099664 0.103512
4 0.028537 0.914048 0.057074 0.046211
4 0.045244 0.725508 0.083601 0.097967
4 0.165124 0.669131 0.064672 0.107209
4 0.184053 0.539741 0.102529 0.092421
4 0.044456 0.482440 0.078868 0.114603
4 0.069694 0.354898 0.091487 0.110906
4 0.024594 0.068392 0.049188 0.103512
4 0.089411 0.119224 0.080446 0.097967
4 0.165913 0.239372 0.091487 0.105360
4 0.133577 0.443623 0.099374 0.110906
4 0.252668 0.374307 0.104106 0.097967
4 0.403307 0.400185 0.096220 0.097967
4 0.450628 0.244917 0.111993 0.138632
4 0.321284 0.711645 0.096220 0.099815
4 0.427756 0.725508 0.097797 0.075786
4 0.446685 0.884473 0.091487 0.101664
4 0.563410 0.573013 0.107261 0.125693
4 0.513723 0.668207 0.111993 0.090573
4 0.527919 0.759704 0.093065 0.114603
4 0.701430 0.633087 0.156160 0.164510
4 0.730611 0.744917 0.107261 0.121996
4 0.691966 0.909427 0.083601 0.051756
4 0.596535 0.925139 0.091487 0.020333
4 0.792917 0.907579 0.096220 0.055453
4 0.904911 0.853050 0.089910 0.164510
4 0.815789 0.681146 0.075714 0.120148
4 0.911220 0.656192 0.080446 0.099815
4 0.772412 0.530499 0.102529 0.107209
4 0.793706 0.428835 0.097797 0.096118
4 0.609943 0.413124 0.108838 0.116451
4 0.589437 0.318854 0.089910 0.097967
4 0.675403 0.358595 0.088333 0.092421
4 0.266076 0.178373 0.080446 0.127542
4 0.303144 0.106285 0.078868 0.090573
4 0.352043 0.027726 0.119880 0.055452
4 0.562622 0.156192 0.089910 0.101664
4 0.663573 0.172828 0.102529 0.060998
4 0.746385 0.263401 0.091487 0.105360
4 0.909643 0.426063 0.093065 0.105360
4 0.933303 0.324399 0.052053 0.097967
4 0.889137 0.111830 0.118303 0.109057
4 0.788974 0.045287 0.088333 0.090573
4 0.699064 0.043438 0.091487 0.083179
4 0.874941 0.018484 0.061517 0.036968
4 0.441164 0.797597 0.070982 0.064695
4 0.523187 0.009242 0.093065 0.018484
1 0.405673 0.658965 0.176665 0.083179