1 0.965469 0.808688 0.069062 0.094270
1 0.819733 0.303142 0.108838 0.110906
1 0.375703 0.560998 0.059940 0.175601
3 0.143041 0.581331 0.140386 0.068392
4 0.342578 0.898336 0.100952 0.073937
4 0.236106 0.873383 0.074136 0.109057
4 0.178532 0.780037 0.088333 0.110906
4 0.074426 0.740296 0.044166 0.109057
4 0.295257 0.745841 0.075714 0.109057
4 0.463247 0.834566 0.089910 0.109057
4 0.563410 0.721811 0.088333 0.097967
4 0.878884 0.750462 0.072559 0.107209
4 0.882039 0.633087 0.082023 0.101664
4 0.973356 0.689464 0.053288 0.110906
4 0.967835 0.595194 0.064330 0.059150
4 0.614675 0.585028 0.099374 0.101664
3 0.449051 0.537893 0.096220 0.073937
4 0.318129 0.605360 0.055208 0.149723
4 0.072060 0.479667 0.039434 0.131238
4 0.138309 0.476895 0.070982 0.103512
4 0.182475 0.390943 0.086755 0.109057
4 0.264499 0.421442 0.108838 0.073937
4 0.385167 0.372458 0.075714 0.131238
4 0.473500 0.365989 0.113571 0.107209
4 0.594958 0.361368 0.059940 0.094270
4 0.606788 0.470425 0.096220 0.090573
4 0.712472 0.337338 0.099374 0.072089
4 0.072060 0.356747 0.048898 0.085028
4 0.254246 0.326248 0.107261 0.090573
4 0.315763 0.306839 0.088333 0.088725
4 0.560255 0.266174 0.088333 0.092421
4 0.938035 0.394640 0.111993 0.097967
4 0.965469 0.271719 0.069062 0.129390
4 0.870209 0.228281 0.083601 0.120148
4 0.867054 0.101664 0.089910 0.110906
4 0.535806 0.119224 0.118303 0.097967
4 0.386745 0.162662 0.082023 0.114603
4 0.401730 0.046211 0.070982 0.070240
4 0.335480 0.095194 0.108838 0.109057
4 0.236106 0.050832 0.102529 0.101664
4 0.981413 0.887246 0.028393 0.077634
4 0.313397 0.207024 0.108838 0.096118
4 0.198249 0.550832 0.111993 0.088725