3 0.488747 0.813187 0.146290 0.065934
1 0.275877 0.891209 0.136912 0.098901
1 0.176475 0.264835 0.148165 0.098901
1 0.130525 0.481319 0.176298 0.087912
1 0.480307 0.018681 0.159418 0.032967
4 0.159595 0.365934 0.091900 0.085714
4 0.061131 0.328571 0.075020 0.098901
4 0.125836 0.057143 0.091900 0.101099
4 0.210234 0.120879 0.088149 0.105495
4 0.250557 0.221978 0.086273 0.092308
4 0.315262 0.138462 0.088149 0.105495
4 0.378092 0.052747 0.101278 0.101099
4 0.441859 0.078022 0.086273 0.085714
4 0.610655 0.089011 0.082522 0.081319
4 0.682862 0.023077 0.084398 0.037363
4 0.771011 0.082418 0.080647 0.068132
4 0.603153 0.139560 0.071269 0.076923
4 0.509378 0.193407 0.082522 0.096703
4 0.404349 0.240659 0.093775 0.098901
4 0.462490 0.325275 0.090024 0.092308
4 0.556265 0.287912 0.082522 0.105495
4 0.661294 0.245055 0.093775 0.129670
4 0.767260 0.229670 0.091900 0.134066
4 0.855409 0.236264 0.084398 0.090110
4 0.905110 0.309890 0.090024 0.096703
4 0.843218 0.431868 0.101278 0.098901
4 0.727874 0.361538 0.088149 0.081319
4 0.786015 0.468132 0.080647 0.127473
4 0.783202 0.537363 0.090024 0.090110
4 0.849783 0.554945 0.084398 0.112088
4 0.874164 0.653846 0.091900 0.112088
4 0.873226 0.904396 0.101278 0.059341
4 0.714746 0.749451 0.091900 0.109890
4 0.638788 0.607692 0.075020 0.112088
4 0.425917 0.441758 0.118157 0.127473
4 0.354648 0.518681 0.080647 0.105495
4 0.445610 0.565934 0.090024 0.094505
4 0.358399 0.629670 0.095651 0.094505
4 0.427793 0.686813 0.080647 0.098901
4 0.492498 0.697802 0.082522 0.103297
4 0.539386 0.885714 0.097527 0.101099
4 0.629410 0.887912 0.090024 0.092308
4 0.727874 0.915385 0.091900 0.037363
4 0.231802 0.627473 0.071269 0.098901
4 0.103330 0.564835 0.114406 0.092308
4 0.177412 0.600000 0.063767 0.101099
4 0.153968 0.653846 0.080647 0.098901
4 0.132400 0.679121 0.112531 0.101099
4 0.233678 0.731868 0.086273 0.123077
4 0.141778 0.787912 0.112531 0.116484
4 0.198043 0.867033 0.090024 0.120879