3 0.684738 0.663736 0.129410 0.079121
3 0.778513 0.225275 0.103153 0.098901
3 0.891044 0.026374 0.069394 0.048352
3 0.132400 0.331868 0.135037 0.061538
1 0.971310 0.385714 0.057380 0.112088
4 0.489685 0.524176 0.091900 0.103297
4 0.629410 0.894505 0.116282 0.074725
4 0.772887 0.616484 0.080647 0.094505
4 0.633161 0.259341 0.101278 0.087912
4 0.563767 0.267033 0.056265 0.129670
4 0.544074 0.147253 0.106904 0.074725
4 0.665045 0.071429 0.090024 0.120879
4 0.758820 0.046154 0.078771 0.087912
4 0.820712 0.106593 0.093775 0.098901
4 0.729750 0.149451 0.065643 0.123077
4 0.628472 0.206593 0.073145 0.096703
4 0.323702 0.025275 0.086273 0.050549
4 0.266499 0.068132 0.080647 0.079121
4 0.132400 0.030769 0.101278 0.061538
4 0.106143 0.127473 0.075020 0.101099
4 0.195230 0.152747 0.076896 0.085714
4 0.113645 0.247253 0.101278 0.094505
4 0.256184 0.287912 0.086273 0.083516
4 0.357461 0.273626 0.097527 0.076923
4 0.258997 0.379121 0.121908 0.085714
4 0.147404 0.430769 0.078771 0.087912
4 0.103330 0.531868 0.076896 0.118681
4 0.272126 0.473626 0.091900 0.072527
4 0.282441 0.559341 0.093775 0.068132
4 0.079886 0.731868 0.045012 0.087912
4 0.348084 0.660440 0.105029 0.094505
4 0.296507 0.705495 0.065643 0.136264
4 0.257122 0.784615 0.080647 0.101099
4 0.372465 0.753846 0.090024 0.087912
4 0.466241 0.683516 0.097527 0.092308
4 0.977317 0.328571 0.031884 0.120879
4 0.941683 0.386813 0.103153 0.123077
4 0.955749 0.479121 0.082522 0.087912
4 0.935118 0.579121 0.090024 0.103297
4 0.923865 0.703297 0.101278 0.118681
4 0.846032 0.781319 0.106904 0.094505
4 0.834778 0.887912 0.095651 0.096703
4 0.447486 0.909890 0.097527 0.048352
4 0.364963 0.898901 0.093775 0.061538
4 0.272126 0.910989 0.046888 0.037363