1 0.521667 0.291016 0.153338 0.156250
1 0.702506 0.499023 0.071669 0.185547
1 0.885844 0.641602 0.125003 0.111328
1 0.144990 0.244141 0.143337 0.085938
1 0.077488 0.851563 0.105003 0.125000
1 0.599169 0.571289 0.065002 0.123047
1 0.633337 0.336914 0.066669 0.138672
1 0.668338 0.670898 0.130004 0.076172
3 0.297494 0.428711 0.135004 0.107422
3 0.516667 0.512695 0.060002 0.134766
3 0.752507 0.316406 0.088336 0.117188
3 0.033320 0.721680 0.063335 0.130859
4 0.650837 0.825195 0.065002 0.095703
4 0.490833 0.765625 0.071669 0.109375
4 0.284994 0.764648 0.120003 0.111328
4 0.191658 0.672852 0.056668 0.107422
4 0.141657 0.492188 0.083336 0.082031
4 0.053321 0.434570 0.076669 0.080078
4 0.144990 0.342773 0.063335 0.076172
4 0.341662 0.242188 0.106670 0.113281
4 0.307495 0.325195 0.111670 0.103516
4 0.230826 0.379883 0.088336 0.095703
4 0.687505 0.229492 0.085002 0.123047
4 0.860010 0.225586 0.120003 0.123047
4 0.555002 0.416016 0.100003 0.117188
4 0.637504 0.464844 0.115003 0.125000
4 0.335829 0.522461 0.105003 0.115234
4 0.106656 0.649414 0.086669 0.095703
4 0.060821 0.925781 0.095003 0.093750
4 0.830842 0.873047 0.091669 0.093750
4 0.781674 0.785156 0.086669 0.074219
4 0.860010 0.740234 0.080002 0.089844
4 0.750007 0.688477 0.050001 0.134766
4 0.598336 0.182617 0.086669 0.091797
4 0.441665 0.253906 0.070002 0.128906
4 0.538334 0.126953 0.090002 0.113281
