1 0.786675 0.274414 0.176672 0.130859
3 0.565835 0.237305 0.055002 0.158203
3 0.701672 0.274414 0.093336 0.099609
1 0.465832 0.263672 0.115003 0.121094
4 0.423331 0.237305 0.083336 0.083984
4 0.368330 0.285156 0.063335 0.117188
4 0.399164 0.363281 0.111670 0.070313
4 0.403331 0.100586 0.100003 0.103516
4 0.464166 0.125977 0.078335 0.095703
4 0.491666 0.178711 0.093336 0.087891
4 0.570002 0.080078 0.093336 0.113281
4 0.635004 0.092773 0.086669 0.095703
4 0.734173 0.059570 0.105003 0.115234
4 0.703339 0.193359 0.093336 0.117188
4 0.634170 0.221680 0.055002 0.123047
4 0.600003 0.161133 0.080002 0.080078
4 0.446665 0.025391 0.090002 0.046875
4 0.361663 0.024414 0.073335 0.041016
4 0.302495 0.057617 0.095003 0.111328
4 0.253327 0.139648 0.133337 0.095703
4 0.279994 0.232422 0.080002 0.105469
4 0.186658 0.303711 0.080002 0.095703
4 0.102489 0.384766 0.061668 0.101563
4 0.199158 0.375977 0.105003 0.095703
4 0.207492 0.462891 0.081669 0.093750
4 0.096656 0.511719 0.080002 0.093750
4 0.363330 0.590820 0.110003 0.103516
4 0.449999 0.445313 0.076669 0.105469
4 0.419164 0.482422 0.075002 0.101563
4 0.535001 0.470703 0.080002 0.066406
4 0.649171 0.421875 0.095003 0.097656
4 0.914178 0.187500 0.078335 0.093750
4 0.885844 0.019531 0.101669 0.039062
4 0.880844 0.293945 0.108336 0.103516
4 0.895011 0.358398 0.073335 0.111328
4 0.552501 0.539063 0.071669 0.097656
4 0.513334 0.576172 0.043335 0.078125
4 0.492500 0.577148 0.081669 0.087891
4 0.288327 0.787109 0.086669 0.113281
4 0.206659 0.800781 0.060002 0.082031
4 0.134990 0.820313 0.090002 0.097656
4 0.437498 0.738281 0.101669 0.175781
4 0.507500 0.678711 0.081669 0.103516
4 0.583336 0.676758 0.096669 0.099609
4 0.545001 0.762695 0.120003 0.087891
4 0.651671 0.777344 0.090002 0.097656
4 0.411664 0.888672 0.086669 0.082031
4 0.505833 0.875977 0.071669 0.115234
4 0.603336 0.884766 0.086669 0.085938
4 0.644171 0.892578 0.095003 0.078125
4 0.768341 0.907227 0.100003 0.048828
4 0.966680 0.823242 0.060002 0.111328
4 0.953346 0.881836 0.080002 0.087891
4 0.970846 0.604492 0.055002 0.107422
4 0.980840 0.568359 0.038320 0.097656
4 0.950839 0.474609 0.098322 0.082031
4 0.985840 0.416016 0.028320 0.050781
4 0.983347 0.743164 0.026667 0.060547
4 0.068321 0.905273 0.030001 0.056641
4 0.065821 0.274414 0.021667 0.095703