1 0.956004 0.819778 0.087991 0.057301
1 0.477444 0.859519 0.146695 0.081331
4 0.273963 0.957486 0.083601 0.085028
4 0.330748 0.829945 0.093065 0.114603
4 0.624928 0.961183 0.100952 0.077634
4 0.726668 0.940850 0.108838 0.107209
4 0.958370 0.900185 0.083259 0.088725
4 0.893869 0.743068 0.099374 0.103512
4 0.536595 0.742144 0.104106 0.127542
4 0.439587 0.782810 0.093065 0.112754
4 0.445108 0.670980 0.116725 0.096118
4 0.148562 0.617375 0.107261 0.118299
4 0.078369 0.545287 0.048898 0.121996
4 0.094143 0.426063 0.080446 0.105360
4 0.161181 0.313309 0.110416 0.086876
4 0.286582 0.323475 0.093065 0.114603
4 0.223487 0.201479 0.089910 0.114603
4 0.155660 0.098891 0.096220 0.072089
4 0.629660 0.549908 0.085178 0.101664
4 0.814212 0.646026 0.104106 0.120148
4 0.880461 0.558226 0.097797 0.118299
4 0.905699 0.394640 0.097797 0.116451
4 0.625716 0.344732 0.089910 0.112754
4 0.503470 0.375231 0.107261 0.110906
4 0.511357 0.256007 0.116725 0.120148
4 0.390688 0.182070 0.093065 0.105360
4 0.350465 0.116451 0.123035 0.110906
4 0.470345 0.097043 0.078868 0.075786
4 0.547637 0.147874 0.107261 0.125693
4 0.594958 0.226433 0.088333 0.105360
4 0.782665 0.304991 0.091487 0.092421
4 0.809480 0.217190 0.097797 0.090573
4 0.852858 0.090573 0.093065 0.062847
4 0.983608 0.078558 0.032783 0.031423
1 0.558678 0.836414 0.110416 0.138632