3 0.661671 0.730469 0.106670 0.109375
3 0.199992 0.275391 0.090002 0.105469
4 0.588336 0.798828 0.120003 0.066406
4 0.530001 0.830078 0.106670 0.097656
1 0.477499 0.187500 0.115003 0.089844
4 0.478333 0.153320 0.070002 0.064453
4 0.413331 0.490234 0.070002 0.109375
4 0.719173 0.141602 0.115003 0.126953
4 0.878344 0.149414 0.086669 0.107422
4 0.805008 0.303711 0.083336 0.107422
4 0.903344 0.337891 0.086669 0.132813
4 0.847510 0.478516 0.098336 0.117188
4 0.180825 0.119141 0.081669 0.105469
4 0.275827 0.107422 0.088336 0.062500
4 0.344996 0.072266 0.073335 0.031250
4 0.470833 0.111328 0.141671 0.093750
4 0.569169 0.315430 0.085002 0.107422
4 0.580836 0.411133 0.105003 0.123047
4 0.618337 0.500977 0.086669 0.138672
4 0.661671 0.598633 0.093336 0.111328
4 0.773341 0.516602 0.076669 0.123047
4 0.385830 0.220703 0.081669 0.121094
4 0.454999 0.275391 0.096669 0.109375
4 0.266660 0.207031 0.110003 0.085938
4 0.313328 0.252930 0.086669 0.087891
4 0.312495 0.353516 0.088336 0.089844
4 0.234159 0.428711 0.118337 0.126953
4 0.193325 0.437500 0.083336 0.093750
4 0.186658 0.498047 0.093336 0.125000
4 0.280827 0.541016 0.101669 0.101563
4 0.058321 0.359375 0.100003 0.097656
4 0.048321 0.572266 0.086669 0.082031
4 0.049988 0.514648 0.086669 0.060547
4 0.094155 0.476563 0.058335 0.058594
4 0.069988 0.436523 0.056668 0.060547
4 0.464999 0.425781 0.093336 0.117188
4 0.406664 0.583984 0.083336 0.093750
4 0.538334 0.727539 0.110003 0.099609
4 0.039154 0.675781 0.075002 0.085938
4 0.024987 0.736328 0.043335 0.105469
4 0.125823 0.722656 0.088336 0.101563
4 0.045828 0.921875 0.091655 0.125000
4 0.216659 0.941406 0.103336 0.117188
4 0.469999 0.913086 0.093336 0.099609
4 0.551668 0.961914 0.130004 0.076172
4 0.681672 0.968750 0.120003 0.054688
4 0.725006 0.863281 0.096669 0.101563
4 0.772508 0.954102 0.091669 0.083984
4 0.867510 0.942383 0.091669 0.107422
4 0.910845 0.978516 0.068335 0.027344
4 0.920845 0.850586 0.051668 0.099609