1 0.292494 0.521484 0.168338 0.121094
1 0.790841 0.190430 0.111670 0.123047
3 0.392497 0.446289 0.135004 0.072266
4 0.722506 0.276367 0.105003 0.150391
4 0.882511 0.259766 0.091669 0.113281
4 0.758340 0.404297 0.070002 0.082031
4 0.510834 0.122070 0.091669 0.119141
4 0.495833 0.209961 0.091669 0.099609
4 0.518334 0.316406 0.096669 0.140625
4 0.216659 0.220703 0.080002 0.101563
4 0.094989 0.142578 0.080002 0.136719
4 0.263327 0.105469 0.086669 0.085938
4 0.309995 0.270508 0.100003 0.150391
4 0.389164 0.265625 0.081669 0.109375
4 0.258327 0.342773 0.106670 0.087891
4 0.297494 0.458008 0.105003 0.123047
4 0.546668 0.619141 0.090002 0.117188
4 0.392497 0.615234 0.105003 0.132813
4 0.259160 0.603516 0.091669 0.105469
4 0.449999 0.691406 0.083336 0.105469
4 0.870844 0.625000 0.101669 0.113281
4 0.945846 0.510742 0.091669 0.126953
4 0.936679 0.360352 0.066669 0.095703
4 0.807508 0.307617 0.078335 0.099609
4 0.852510 0.386719 0.065002 0.105469
4 0.585002 0.117188 0.083336 0.085938
4 0.715839 0.798828 0.108336 0.125000
4 0.833343 0.902344 0.086669 0.085938
4 0.960013 0.733398 0.050001 0.119141
4 0.722506 0.924805 0.085002 0.107422
4 0.882511 0.965820 0.085002 0.060547
