1 0.292494 0.402344 0.175005 0.089844
1 0.886677 0.375977 0.190005 0.083984
1 0.715839 0.874023 0.095003 0.123047
3 0.931679 0.030273 0.096669 0.060546
3 0.950846 0.869141 0.095003 0.101563
3 0.802508 0.474609 0.088336 0.117187
4 0.445832 0.775391 0.171671 0.167969
4 0.401664 0.524414 0.090002 0.111328
4 0.508334 0.585938 0.093336 0.113281
4 0.594169 0.430664 0.085002 0.103516
4 0.699172 0.408203 0.085002 0.089844
4 0.755840 0.316406 0.091669 0.105469
4 0.735006 0.651367 0.083336 0.130859
4 0.645837 0.695313 0.098336 0.109375
4 0.845843 0.631836 0.111670 0.123047
4 0.849176 0.732422 0.125003 0.140625
4 0.821676 0.829102 0.090002 0.111328
4 0.978340 0.499023 0.043320 0.119141
4 0.865843 0.297852 0.111670 0.099609
4 0.905011 0.213867 0.096669 0.103516
4 0.984180 0.153320 0.025001 0.103516
4 0.965006 0.279297 0.069988 0.128906
4 0.701672 0.178711 0.090002 0.126953
4 0.610003 0.213867 0.076669 0.099609
4 0.535001 0.272461 0.086669 0.103516
4 0.429165 0.269531 0.088336 0.097656
4 0.561668 0.122070 0.070002 0.083984
4 0.419998 0.049805 0.103336 0.091797
4 0.289161 0.037109 0.085002 0.062500
4 0.193325 0.021484 0.083336 0.039063
4 0.121656 0.056641 0.103336 0.066406
4 0.189158 0.114258 0.098336 0.111328
4 0.298328 0.149414 0.093336 0.111328
4 0.073322 0.281250 0.033334 0.117188
4 0.925012 0.827148 0.106670 0.048828