1 0.478333 0.165039 0.066669 0.154297
1 0.589169 0.461914 0.131670 0.138672
4 0.614170 0.417969 0.091669 0.085938
4 0.709172 0.295898 0.065002 0.091797
4 0.820842 0.185547 0.091669 0.078125
4 0.749174 0.107422 0.101669 0.113281
4 0.561668 0.155273 0.083336 0.107422
4 0.148324 0.046875 0.096669 0.093750
4 0.189158 0.161133 0.088336 0.123047
4 0.073322 0.222656 0.086669 0.105469
4 0.150824 0.303711 0.071669 0.119141
4 0.298328 0.366211 0.103336 0.087891
4 0.353329 0.105469 0.096669 0.082031
4 0.393330 0.154297 0.076669 0.062500
4 0.424998 0.058594 0.083336 0.097656
4 0.527501 0.285156 0.105003 0.066406
4 0.408331 0.249023 0.106670 0.091797
4 0.414998 0.334961 0.093336 0.095703
4 0.462499 0.385742 0.128337 0.115234
4 0.476666 0.481445 0.100003 0.107422
4 0.412498 0.569336 0.091669 0.103516
4 0.338329 0.482422 0.100003 0.136719
4 0.121656 0.568359 0.076669 0.109375
4 0.217492 0.620117 0.085002 0.119141
4 0.115823 0.684570 0.101669 0.080078
4 0.270827 0.835938 0.091669 0.101563
4 0.342496 0.709961 0.098336 0.083984
4 0.089989 0.866211 0.080002 0.095703
4 0.101656 0.747070 0.056668 0.087891
4 0.429998 0.831055 0.060002 0.095703
3 0.522501 0.772461 0.095003 0.119141
4 0.655838 0.680664 0.101669 0.115234
4 0.728340 0.480469 0.096669 0.093750
4 0.752507 0.379883 0.095003 0.103516
4 0.856677 0.537109 0.096669 0.085938
4 0.828342 0.644531 0.113336 0.105469
4 0.721673 0.590820 0.080002 0.095703
4 0.771674 0.699219 0.093336 0.089844
4 0.794175 0.831055 0.091669 0.115234
4 0.909178 0.836914 0.068335 0.119141
4 0.637504 0.823242 0.085002 0.099609
4 0.915845 0.283203 0.051668 0.093750
4 0.915011 0.582031 0.063335 0.093750
4 0.026654 0.114258 0.046668 0.111328
4 0.675005 0.031250 0.100003 0.054688
4 0.566669 0.028320 0.086669 0.048828
