1 0.485833 0.375000 0.195005 0.046875
1 0.790841 0.855469 0.135004 0.082031
1 0.476666 0.530273 0.126670 0.076172
1 0.107489 0.544922 0.108336 0.058594
1 0.388330 0.442383 0.063335 0.134766
4 0.398331 0.495117 0.080002 0.099609
4 0.163324 0.824219 0.100003 0.117188
4 0.119156 0.757813 0.088336 0.125000
4 0.924178 0.795898 0.091669 0.091797
4 0.971673 0.740234 0.056654 0.089844
4 0.858343 0.544922 0.100003 0.082031
4 0.820009 0.494141 0.103336 0.089844
4 0.741673 0.418945 0.076669 0.111328
4 0.725006 0.275391 0.086669 0.117188
4 0.389164 0.251953 0.098336 0.136719
4 0.472499 0.278320 0.085002 0.107422
4 0.680005 0.114258 0.083336 0.072266
4 0.708339 0.092773 0.086669 0.072266
4 0.970839 0.144531 0.058321 0.085938
4 0.933345 0.191406 0.093336 0.117188
4 0.933345 0.261719 0.093336 0.093750
4 0.963346 0.363281 0.070002 0.101563
4 0.185825 0.261719 0.088336 0.121094
4 0.130823 0.241211 0.085002 0.103516
4 0.205825 0.218750 0.095003 0.085938
4 0.082488 0.304688 0.061668 0.121094
4 0.154157 0.377930 0.081669 0.095703
4 0.245826 0.346680 0.085002 0.099609
4 0.246660 0.409180 0.106670 0.072266
4 0.292494 0.569336 0.095003 0.119141
4 0.275827 0.519531 0.078335 0.082031
4 0.074988 0.666016 0.046668 0.109375
4 0.140823 0.612305 0.098336 0.115234
4 0.222492 0.687500 0.115003 0.140625
4 0.181658 0.653320 0.076669 0.095703
4 0.424998 0.700195 0.110003 0.095703
4 0.436665 0.779297 0.116670 0.085938
4 0.400831 0.600586 0.105003 0.119141
4 0.620003 0.461914 0.093336 0.107422
4 0.500833 0.586914 0.085002 0.099609
4 0.563335 0.358398 0.100003 0.111328
4 0.629170 0.356445 0.111670 0.103516
4 0.528334 0.138672 0.090002 0.113281
4 0.424998 0.102539 0.086669 0.083984
4 0.142490 0.094727 0.088336 0.052734
4 0.693339 0.541992 0.080002 0.087891
4 0.611670 0.697266 0.086669 0.113281
4 0.703339 0.715820 0.080002 0.099609
4 0.529167 0.834961 0.081669 0.115234
4 0.547501 0.906250 0.091669 0.121094
4 0.762507 0.955078 0.081669 0.082031
4 0.853343 0.963867 0.100003 0.072266
4 0.924178 0.887695 0.095003 0.115234
4 0.812509 0.217773 0.085002 0.111328
4 0.234159 0.973633 0.095003 0.041016
4 0.357496 0.348633 0.095003 0.099609
4 0.703339 0.569336 0.090002 0.091797