1 0.582502 0.208984 0.108336 0.144531
1 0.045821 0.192383 0.088336 0.130859
3 0.073322 0.267578 0.133337 0.093750
3 0.870844 0.468750 0.118337 0.054688
3 0.805842 0.530273 0.098336 0.056641
3 0.847510 0.399414 0.128337 0.099609
3 0.336662 0.286133 0.130004 0.083984
1 0.311661 0.716797 0.160004 0.105469
1 0.592503 0.832031 0.105003 0.171875
3 0.631670 0.645508 0.113336 0.099609
4 0.686672 0.743164 0.103336 0.107422
4 0.851676 0.852539 0.100003 0.123047
4 0.600836 0.472656 0.085002 0.117188
4 0.800842 0.174805 0.085002 0.099609
4 0.701672 0.113281 0.100003 0.101563
4 0.584169 0.112305 0.098336 0.091797
4 0.395830 0.102539 0.085002 0.076172
4 0.202492 0.087891 0.118337 0.042969
4 0.149157 0.156250 0.101669 0.105469
4 0.170824 0.318359 0.095003 0.125000
4 0.139157 0.524414 0.108336 0.111328
4 0.211659 0.442383 0.120003 0.107422
4 0.331662 0.419922 0.120003 0.128906
4 0.303328 0.203125 0.103336 0.093750
4 0.437498 0.300781 0.098336 0.078125
4 0.524167 0.332031 0.078335 0.105469
4 0.462499 0.412109 0.088336 0.074219
4 0.505000 0.506836 0.096669 0.091797
4 0.733340 0.469727 0.043335 0.091797
4 0.925012 0.162109 0.043335 0.156250
4 0.871677 0.213867 0.110003 0.080078
4 0.875844 0.312500 0.075002 0.078125
4 0.923345 0.355469 0.040001 0.117188
4 0.735006 0.246094 0.123337 0.113281
3 0.650004 0.285156 0.110003 0.093750
4 0.683338 0.342773 0.100003 0.095703
4 0.770007 0.362305 0.086669 0.095703
4 0.642504 0.587891 0.061668 0.089844
1 0.144990 0.978516 0.086669 0.031250
4 0.385830 0.622070 0.068335 0.095703
4 0.304161 0.670898 0.095003 0.087891
4 0.217492 0.608398 0.081669 0.103516
4 0.080822 0.618164 0.095003 0.111328
4 0.153324 0.708984 0.080002 0.097656
4 0.184991 0.753906 0.076669 0.089844
4 0.070821 0.754883 0.098336 0.107422
4 0.028320 0.838867 0.050001 0.095703
4 0.060821 0.919922 0.085002 0.105469
4 0.246660 0.881836 0.113336 0.115234
4 0.538334 0.702148 0.080002 0.083984
4 0.440832 0.910156 0.078335 0.085938
4 0.490000 0.925781 0.083336 0.085938
4 0.905845 0.952148 0.075002 0.076172
4 0.533334 0.875977 0.090002 0.103516
4 0.801675 0.975586 0.090002 0.037109
4 0.419998 0.976563 0.086669 0.035156