1 0.076647 0.791128 0.153294 0.085028
1 0.491640 0.709797 0.067827 0.151571
3 0.806325 0.414972 0.082023 0.138632
2 0.705373 0.560074 0.123035 0.136784
4 0.297623 0.580407 0.111993 0.118299
3 0.057075 0.306839 0.107261 0.073937
3 0.672249 0.415896 0.066250 0.118299
4 0.039579 0.106285 0.079158 0.090573
4 0.174589 0.170055 0.093065 0.140481
4 0.273174 0.198706 0.078868 0.112754
4 0.076003 0.194085 0.072559 0.088725
4 0.399364 0.196858 0.110416 0.101664
4 0.475078 0.100739 0.072559 0.079482
4 0.384379 0.107209 0.083601 0.088725
4 0.568142 0.306839 0.097797 0.133087
4 0.749540 0.305915 0.094642 0.120148
4 0.848914 0.261553 0.100952 0.142329
4 0.919896 0.289279 0.059940 0.101664
4 0.026316 0.487985 0.052053 0.103512
4 0.026171 0.610906 0.052342 0.109057
4 0.108339 0.615527 0.077291 0.114603
4 0.254246 0.446396 0.100952 0.116451
4 0.344945 0.439926 0.093065 0.099815
4 0.474289 0.451017 0.099374 0.110906
4 0.579973 0.869686 0.102529 0.094270
4 0.294469 0.869686 0.121457 0.123845
4 0.110705 0.915896 0.097797 0.112754
4 0.249514 0.816081 0.078868 0.116451
4 0.200615 0.682070 0.141963 0.077634
4 0.048399 0.713494 0.083601 0.103512
4 0.169857 0.773567 0.096220 0.116451
4 0.280272 0.966728 0.077291 0.062847
4 0.009754 0.963031 0.018928 0.073937
4 0.541327 0.961183 0.100952 0.066543
4 0.614675 0.978743 0.070982 0.042514
4 0.676981 0.929760 0.097797 0.129390
4 0.652532 0.827172 0.099374 0.120148
4 0.534229 0.632163 0.083601 0.103512
4 0.395420 0.547135 0.086755 0.110906
4 0.245570 0.623845 0.086755 0.072089
3 0.581550 0.435305 0.093065 0.149723
4 0.632814 0.627542 0.063095 0.075786
4 0.754272 0.694085 0.059940 0.049908
4 0.818155 0.616451 0.099374 0.120148
4 0.914375 0.588725 0.070982 0.101664
4 0.919896 0.737523 0.063095 0.110906
4 0.906488 0.849353 0.083601 0.101664
4 0.837873 0.950092 0.157737 0.096118