3 0.160533 0.462637 0.146290 0.068132
3 0.467179 0.753846 0.140663 0.074725
3 0.130525 0.881319 0.086273 0.083516
3 0.837592 0.664835 0.135037 0.090110
3 0.861036 0.856044 0.118157 0.076923
1 0.853534 0.298901 0.140663 0.065934
1 0.763509 0.568132 0.136912 0.103297
1 0.397785 0.841758 0.121908 0.096703
1 0.088326 0.657143 0.133161 0.065934
3 0.158657 0.726374 0.123784 0.085714
4 0.818837 0.280220 0.078771 0.085714
4 0.789766 0.165934 0.200680 0.191209
4 0.918239 0.220879 0.063767 0.120879
4 0.689426 0.257143 0.097527 0.101099
4 0.566581 0.090110 0.095651 0.043956
4 0.200856 0.085714 0.106904 0.043956
4 0.214923 0.156044 0.108780 0.079121
4 0.575958 0.157143 0.110655 0.085714
4 0.592838 0.247253 0.091900 0.094505
4 0.653792 0.341758 0.071269 0.112088
4 0.739127 0.357143 0.069394 0.098901
4 0.823525 0.395604 0.091900 0.101099
4 0.907923 0.398901 0.088149 0.098901
4 0.929492 0.591209 0.045012 0.105495
4 0.662232 0.579121 0.084398 0.098901
4 0.725061 0.663736 0.142539 0.096703
4 0.735376 0.751648 0.095651 0.083516
4 0.615344 0.729670 0.091900 0.105495
4 0.445610 0.237363 0.112531 0.101099
4 0.447486 0.339560 0.112531 0.085714
4 0.349959 0.323077 0.078771 0.087912
4 0.184914 0.229670 0.120033 0.081319
4 0.267437 0.270330 0.131286 0.123077
4 0.168035 0.302198 0.108780 0.094505
4 0.053629 0.350549 0.105029 0.085714
4 0.067695 0.443956 0.110655 0.109890
4 0.171786 0.395604 0.093775 0.079121
4 0.226176 0.459341 0.078771 0.123077
4 0.344333 0.447253 0.108780 0.134066
4 0.448423 0.492308 0.088149 0.096703
4 0.386532 0.574725 0.084398 0.098901
4 0.456863 0.646154 0.112531 0.114286
4 0.281503 0.702198 0.091900 0.107692
4 0.097703 0.564835 0.084398 0.096703
4 0.108018 0.754945 0.093775 0.081319
4 0.039562 0.859341 0.076896 0.092308
4 0.120209 0.820879 0.121908 0.081319
4 0.125836 0.978022 0.080647 0.035165
4 0.470930 0.836264 0.129410 0.090110
4 0.495311 0.936264 0.103153 0.096703