3 0.650004 0.254883 0.123337 0.130859
3 0.857510 0.436523 0.088336 0.134766
3 0.760007 0.924805 0.080002 0.142578
3 0.655838 0.143555 0.081669 0.150391
3 0.730840 0.623047 0.101669 0.136719
3 0.247493 0.357422 0.065002 0.183594
4 0.511667 0.305664 0.133337 0.115234
4 0.421665 0.655273 0.103336 0.099609
4 0.304161 0.609375 0.091669 0.117188
4 0.187491 0.697266 0.108336 0.089844
4 0.244993 0.717773 0.090002 0.115234
4 0.274160 0.850586 0.081669 0.123047
4 0.349163 0.915039 0.068335 0.123047
4 0.410831 0.822266 0.081669 0.148438
4 0.456665 0.754883 0.086669 0.107422
4 0.391664 0.383789 0.083336 0.119141
4 0.382497 0.228516 0.128337 0.078125
4 0.359163 0.097656 0.081669 0.058594
4 0.294994 0.131836 0.073335 0.091797
4 0.247493 0.158203 0.115003 0.113281
4 0.206659 0.272461 0.086669 0.103516
4 0.069988 0.103516 0.123337 0.082031
4 0.109156 0.208984 0.091669 0.121094
4 0.135823 0.298828 0.048335 0.144531
4 0.164157 0.575195 0.091669 0.083984
4 0.076655 0.544922 0.076669 0.089844
4 0.168324 0.463867 0.083336 0.099609
4 0.242493 0.477539 0.085002 0.099609
4 0.772508 0.186523 0.088336 0.083984
4 0.859177 0.106445 0.055002 0.080078
4 0.904178 0.167969 0.081669 0.097656
4 0.810009 0.333984 0.100003 0.136719
4 0.685838 0.357422 0.111670 0.089844
4 0.717506 0.482422 0.115003 0.101563
4 0.667505 0.575195 0.085002 0.103516
4 0.848343 0.664063 0.100003 0.093750
4 0.890844 0.539063 0.071669 0.097656
4 0.911678 0.801758 0.073335 0.107422
4 0.889177 0.929688 0.101669 0.117188
4 0.833343 0.816406 0.086669 0.089844
4 0.794175 0.707031 0.085002 0.097656
4 0.697505 0.695313 0.105003 0.105469
4 0.690005 0.853516 0.090002 0.121094
4 0.602503 0.950195 0.075002 0.099609
4 0.259993 0.943359 0.080002 0.101563
4 0.188325 0.917969 0.076669 0.121094
4 0.118323 0.845703 0.123337 0.101563
4 0.045828 0.311523 0.091655 0.091797
4 0.039154 0.411133 0.068335 0.087891
4 0.533334 0.177734 0.066669 0.125000
4 0.457499 0.111328 0.085002 0.082031
4 0.924178 0.328125 0.048335 0.089844
