1 0.369163 0.202148 0.165005 0.087891
1 0.555835 0.802734 0.155004 0.046875
3 0.159991 0.321289 0.133337 0.072266
4 0.666671 0.465820 0.093336 0.115234
4 0.149990 0.103516 0.086669 0.113281
4 0.042487 0.311523 0.071669 0.107422
4 0.143323 0.228516 0.080002 0.097656
4 0.226659 0.199219 0.093336 0.109375
4 0.227492 0.301758 0.095003 0.091797
4 0.349163 0.121094 0.108336 0.117188
4 0.414164 0.035156 0.118337 0.070312
4 0.460832 0.131836 0.065002 0.091797
4 0.530834 0.130859 0.078335 0.089844
4 0.594169 0.158203 0.055002 0.093750
4 0.627504 0.061523 0.095003 0.115234
4 0.680005 0.020508 0.083336 0.041016
3 0.764174 0.084961 0.095003 0.123047
4 0.690005 0.102539 0.096669 0.134766
4 0.675838 0.212891 0.091669 0.113281
4 0.803342 0.254883 0.086669 0.111328
4 0.902511 0.209961 0.091669 0.154297
4 0.895011 0.020508 0.083336 0.041016
4 0.925012 0.413086 0.043335 0.091797
4 0.901678 0.599609 0.090002 0.152344
4 0.915845 0.694336 0.068335 0.123047
4 0.931679 0.526367 0.030001 0.052734
4 0.424998 0.528320 0.096669 0.126953
4 0.562502 0.567383 0.121670 0.130859
3 0.795008 0.654297 0.053335 0.121094
3 0.284161 0.870117 0.111670 0.076172
4 0.472499 0.300781 0.088336 0.113281
4 0.162491 0.458008 0.091669 0.099609
4 0.064988 0.427734 0.120003 0.128906
4 0.057488 0.558594 0.101669 0.113281
4 0.023320 0.625977 0.036668 0.080078
4 0.031654 0.551758 0.060002 0.080078
4 0.334162 0.371094 0.075002 0.093750
4 0.324162 0.252930 0.085002 0.103516
4 0.769174 0.432617 0.098336 0.115234
4 0.696672 0.560547 0.090002 0.093750
4 0.715006 0.706055 0.086669 0.107422
4 0.850843 0.823242 0.091669 0.099609
4 0.920012 0.861328 0.053335 0.117188
4 0.314995 0.606445 0.120003 0.119141
4 0.596669 0.666992 0.090002 0.076172
4 0.354996 0.661133 0.100003 0.126953
4 0.421665 0.667969 0.110003 0.066406
4 0.686672 0.865234 0.130004 0.105469
4 0.814175 0.903320 0.075002 0.064453
4 0.456665 0.879883 0.083336 0.103516
4 0.234993 0.773438 0.123337 0.136719
4 0.276661 0.816406 0.110003 0.097656
4 0.129990 0.854492 0.083336 0.095703
4 0.102489 0.813477 0.088336 0.091797
4 0.023320 0.772461 0.040001 0.111328
4 0.017487 0.865234 0.021667 0.085938
4 0.133323 0.916992 0.073335 0.037109
4 0.029987 0.916992 0.050001 0.037109
4 0.288327 0.913086 0.103336 0.048828