1 0.094155 0.051758 0.091669 0.087891
1 0.087489 0.155273 0.081669 0.072266
1 0.266660 0.366211 0.073335 0.111328
1 0.334162 0.558594 0.081669 0.101563
1 0.934179 0.591797 0.121670 0.066406
1 0.364163 0.123047 0.081669 0.101563
3 0.476666 0.880859 0.060002 0.101563
3 0.981673 0.885742 0.036654 0.087891
3 0.419164 0.843750 0.108336 0.113281
3 0.111656 0.675781 0.076669 0.125000
4 0.210825 0.043945 0.091669 0.080078
4 0.270827 0.036133 0.075002 0.060547
4 0.791675 0.050781 0.093336 0.101562
4 0.692505 0.214844 0.088336 0.113281
4 0.600003 0.203125 0.076669 0.093750
4 0.443332 0.256836 0.076669 0.119141
4 0.300828 0.158203 0.098336 0.113281
4 0.141657 0.183594 0.080002 0.093750
4 0.392497 0.347656 0.088336 0.109375
4 0.437498 0.410156 0.088336 0.093750
4 0.542501 0.441406 0.091669 0.089844
4 0.768341 0.457031 0.090002 0.113281
4 0.879177 0.504883 0.095003 0.099609
4 0.955839 0.366211 0.088322 0.134766
4 0.980013 0.065430 0.033334 0.115234
4 0.462499 0.567383 0.101669 0.119141
4 0.404164 0.688477 0.091669 0.111328
4 0.287494 0.739258 0.065002 0.087891
4 0.196658 0.819336 0.123337 0.095703
4 0.254160 0.876953 0.095003 0.097656
4 0.338329 0.855469 0.073335 0.101563
4 0.466666 0.777344 0.103336 0.093750
4 0.764174 0.729492 0.115003 0.150391
4 0.848343 0.647461 0.093336 0.126953
4 0.868344 0.731445 0.120003 0.080078
4 0.079988 0.463867 0.050001 0.126953
4 0.824176 0.837891 0.101669 0.101563
4 0.950846 0.804688 0.085002 0.125000
4 0.872510 0.918945 0.095003 0.025391