3 0.148324 0.611328 0.100003 0.144531
3 0.285827 0.547852 0.088336 0.126953
3 0.501667 0.806641 0.086669 0.117188
3 0.194158 0.325195 0.091669 0.130859
3 0.116656 0.109375 0.126670 0.082031
1 0.873344 0.162109 0.100003 0.082031
1 0.910011 0.096680 0.080002 0.076172
1 0.034987 0.855469 0.066669 0.136719
4 0.061655 0.732422 0.120003 0.101563
4 0.476666 0.390625 0.080002 0.105469
4 0.428331 0.113281 0.096669 0.117188
4 0.234993 0.233398 0.130004 0.080078
4 0.034987 0.065430 0.066669 0.126953
4 0.104989 0.431641 0.086669 0.113281
4 0.195825 0.439453 0.081669 0.117188
4 0.272494 0.400391 0.081669 0.136719
4 0.044154 0.618164 0.078335 0.103516
4 0.333329 0.827148 0.130004 0.099609
4 0.340829 0.912109 0.108336 0.050781
4 0.596669 0.054688 0.110003 0.109375
4 0.632504 0.140625 0.085002 0.101563
4 0.661671 0.250977 0.090002 0.115234
4 0.759174 0.218750 0.118337 0.117188
4 0.755007 0.108398 0.090002 0.083984
4 0.713339 0.080078 0.066669 0.089844
4 0.904178 0.548828 0.088336 0.132813
4 0.824176 0.893555 0.091669 0.080078
4 0.607503 0.922852 0.088336 0.025391
4 0.905011 0.256836 0.086669 0.111328
4 0.909178 0.027344 0.085002 0.054688
4 0.915011 0.365234 0.070002 0.097656