3 0.385830 0.645508 0.091669 0.146484
1 0.900844 0.524414 0.155004 0.107422
1 0.495000 0.480469 0.133337 0.070313
1 0.263327 0.423828 0.123337 0.136719
1 0.351663 0.352539 0.126670 0.103516
1 0.310828 0.712891 0.051668 0.175781
3 0.464999 0.738281 0.123337 0.101563
3 0.743340 0.581055 0.076669 0.146484
4 0.745007 0.453125 0.110003 0.113281
4 0.860843 0.760742 0.138337 0.107422
4 0.897511 0.892578 0.105003 0.097656
4 0.660838 0.918945 0.111670 0.107422
4 0.502500 0.842773 0.118337 0.095703
4 0.325829 0.844727 0.075002 0.103516
4 0.244993 0.175781 0.090002 0.062500
4 0.164991 0.381836 0.080002 0.146484
4 0.066655 0.590820 0.036668 0.091797
4 0.082488 0.689453 0.055002 0.074219
1 0.066655 0.886719 0.033334 0.148437
4 0.161657 0.912109 0.156671 0.082031
4 0.424998 0.263672 0.086669 0.109375
4 0.517500 0.104492 0.095003 0.072266
4 0.415831 0.095703 0.091669 0.046875
4 0.379163 0.183594 0.061668 0.136719
4 0.323328 0.243164 0.116670 0.119141
4 0.082488 0.117188 0.065002 0.097656
4 0.804175 0.610352 0.075002 0.119141
4 0.653338 0.695313 0.093336 0.093750
4 0.778341 0.867188 0.093336 0.089844
4 0.546668 0.727539 0.116670 0.134766
4 0.550001 0.614258 0.090002 0.111328
4 0.496667 0.560547 0.106670 0.089844
4 0.236659 0.628906 0.096669 0.148438
4 0.243326 0.717773 0.086669 0.103516
4 0.334995 0.550781 0.090002 0.089844
4 0.965013 0.647461 0.050001 0.115234
4 0.957506 0.554688 0.084988 0.128906
