1 0.654171 0.122070 0.135004 0.119141
4 0.640004 0.084961 0.083336 0.052734
1 0.683338 0.161133 0.126670 0.111328
1 0.391664 0.394531 0.100003 0.132813
1 0.329995 0.374023 0.066669 0.154297
1 0.181658 0.362305 0.070002 0.162109
1 0.138323 0.341797 0.080002 0.148438
1 0.954179 0.819336 0.061668 0.138672
1 0.232493 0.116211 0.081669 0.107422
4 0.496667 0.496094 0.070002 0.093750
4 0.720006 0.291016 0.103336 0.117188
4 0.951679 0.105469 0.090002 0.074219
4 0.670838 0.877930 0.098336 0.126953
4 0.263327 0.907227 0.093336 0.119141
4 0.822509 0.879883 0.081669 0.169922
4 0.402497 0.483398 0.081669 0.080078
4 0.459166 0.296875 0.081669 0.093750
4 0.578335 0.333008 0.106670 0.107422
4 0.211659 0.499023 0.136670 0.130859
4 0.124156 0.838867 0.101669 0.130859
4 0.172491 0.916992 0.071669 0.099609
4 0.753340 0.842773 0.070002 0.091797
4 0.865843 0.889648 0.118337 0.142578
4 0.761674 0.957031 0.106670 0.074219
4 0.947512 0.954102 0.098336 0.072266
4 0.392497 0.253906 0.141671 0.136719
4 0.457499 0.099609 0.108336 0.058594
4 0.345829 0.087891 0.078335 0.039063
4 0.162491 0.172852 0.068335 0.134766
4 0.101656 0.493164 0.093336 0.123047
4 0.086655 0.083008 0.063335 0.041016
4 0.074155 0.375000 0.031668 0.105469
4 0.253327 0.376953 0.093336 0.089844
4 0.590836 0.240234 0.158338 0.105469
