1 0.073322 0.898901 0.046888 0.052747
1 0.937932 0.201099 0.114406 0.063736
3 0.639725 0.109890 0.099402 0.092308
1 0.953873 0.314286 0.075020 0.136264
4 0.372465 0.374725 0.112531 0.138462
4 0.321827 0.207692 0.090024 0.120879
4 0.227113 0.116484 0.099402 0.105495
4 0.102392 0.528571 0.082522 0.112088
4 0.099579 0.798901 0.073145 0.112088
4 0.349021 0.500000 0.095651 0.098901
4 0.424042 0.570330 0.091900 0.116484
4 0.351835 0.771429 0.071269 0.092308
4 0.255246 0.883516 0.091900 0.114286
4 0.161471 0.932967 0.084398 0.076923
4 0.573145 0.651648 0.086273 0.090110
4 0.632223 0.694505 0.069394 0.114286
4 0.593775 0.553846 0.105029 0.087912
4 0.610655 0.458242 0.097527 0.090110
4 0.672547 0.382418 0.105029 0.070330
4 0.710995 0.464835 0.091900 0.068132
4 0.706306 0.529670 0.120033 0.105495
4 0.680987 0.292308 0.095651 0.087912
4 0.752256 0.225275 0.114406 0.112088
4 0.718497 0.106593 0.095651 0.090110
4 0.828214 0.086813 0.101278 0.037363
4 0.836654 0.173626 0.084398 0.109890
4 0.977317 0.113187 0.039386 0.090110
4 0.817899 0.294505 0.099402 0.118681
4 0.891044 0.307692 0.084398 0.131868
4 0.768198 0.386813 0.097527 0.105495
4 0.884479 0.434066 0.101278 0.120879
4 0.743816 0.641758 0.112531 0.074725
4 0.887293 0.643956 0.099402 0.105495
4 0.968877 0.718681 0.048763 0.096703
4 0.962313 0.837363 0.058141 0.123077
4 0.802895 0.903297 0.069394 0.079121
4 0.681924 0.901099 0.101278 0.079121
4 0.631286 0.980220 0.090024 0.039560
4 0.503751 0.975824 0.071269 0.048352