1 0.302495 0.416992 0.165005 0.056641
1 0.572502 0.788086 0.085002 0.142578
1 0.619170 0.546875 0.081669 0.113281
1 0.362496 0.199219 0.121670 0.085938
3 0.334995 0.848633 0.103336 0.087891
1 0.129990 0.414063 0.140004 0.117188
3 0.135823 0.940430 0.101669 0.107422
4 0.940846 0.824219 0.101669 0.093750
4 0.930012 0.381836 0.093336 0.099609
4 0.566669 0.279297 0.096669 0.105469
4 0.265827 0.146484 0.101669 0.105469
4 0.142490 0.654297 0.105003 0.105469
4 0.171658 0.785156 0.096669 0.101563
4 0.270827 0.958984 0.118337 0.070313
4 0.709172 0.937500 0.101669 0.109375
4 0.700839 0.816406 0.101669 0.101563
4 0.977506 0.522461 0.044987 0.111328
4 0.440832 0.267578 0.111670 0.117188
4 0.261660 0.499023 0.093336 0.107422
4 0.917512 0.941406 0.095003 0.109375
4 0.862510 0.466797 0.095003 0.117188
4 0.764174 0.497070 0.068335 0.095703
4 0.719173 0.295898 0.068335 0.080078
4 0.895011 0.210938 0.110003 0.078125
4 0.974180 0.295898 0.041668 0.130859
4 0.888344 0.110352 0.096669 0.095703
4 0.362496 0.118164 0.078335 0.099609
1 0.096656 0.085938 0.080002 0.039063
4 0.474166 0.577148 0.081669 0.119141
4 0.547501 0.395508 0.095003 0.099609
4 0.635837 0.449219 0.075002 0.074219
4 0.489166 0.719727 0.081669 0.119141
4 0.404997 0.487305 0.093336 0.103516
4 0.066655 0.566406 0.026667 0.105469
