1 0.828408 0.305915 0.126190 0.094270
1 0.745596 0.555453 0.055208 0.179298
3 0.158815 0.493530 0.118303 0.085028
4 0.818155 0.912200 0.093065 0.042514
4 0.687234 0.904806 0.093065 0.057301
4 0.536595 0.907579 0.100952 0.055453
4 0.273963 0.897412 0.083601 0.075786
4 0.432489 0.885397 0.078868 0.099815
4 0.165124 0.895564 0.077291 0.083179
4 0.071271 0.841035 0.069404 0.103512
4 0.016707 0.829020 0.033414 0.097967
4 0.124902 0.685767 0.104106 0.103512
4 0.015130 0.698706 0.030259 0.103512
4 0.013552 0.616451 0.027104 0.053604
4 0.275540 0.680222 0.080446 0.096118
4 0.490063 0.688540 0.064672 0.079482
4 0.413560 0.640481 0.085178 0.105360
4 0.583916 0.671904 0.082023 0.109057
4 0.517667 0.849353 0.069404 0.094270
4 0.601267 0.844732 0.088333 0.092421
4 0.744808 0.829945 0.094642 0.085028
4 0.012764 0.282810 0.025527 0.125693
4 0.039724 0.128466 0.075714 0.105360
4 0.223487 0.442699 0.077291 0.112754
4 0.320495 0.493530 0.091487 0.092421
4 0.365450 0.560998 0.102529 0.083179
4 0.651743 0.533272 0.063095 0.142329
3 0.866265 0.582255 0.126190 0.085028
4 0.182475 0.332717 0.089910 0.092421
4 0.577607 0.444547 0.091487 0.123845
4 0.660418 0.745841 0.083601 0.090573
4 0.811057 0.759704 0.066250 0.110906
4 0.893869 0.856747 0.108838 0.120148
4 0.901756 0.721811 0.070982 0.105360
4 0.923050 0.758780 0.050476 0.072089
4 0.740076 0.597043 0.088333 0.088725
4 0.684868 0.398336 0.085178 0.086876
4 0.863110 0.397412 0.107261 0.140481
4 0.818944 0.485213 0.075714 0.090573
4 0.926205 0.274492 0.044166 0.164510
4 0.737710 0.316081 0.083601 0.092421
4 0.616252 0.311460 0.093065 0.120148
4 0.498738 0.255083 0.088333 0.118299
4 0.262921 0.288355 0.093065 0.096118
4 0.374126 0.195009 0.100952 0.116451
4 0.705373 0.076710 0.094642 0.109057
4 0.768468 0.175601 0.107261 0.107209
4 0.132788 0.244917 0.066250 0.060998
4 0.161970 0.158965 0.093065 0.099815
4 0.307088 0.098891 0.067827 0.105360
4 0.401730 0.093346 0.093065 0.075786
4 0.357564 0.035120 0.086755 0.070240
4 0.270808 0.036044 0.086755 0.072088
4 0.172223 0.059150 0.100952 0.096118
4 0.034058 0.027726 0.068116 0.055452
4 0.440375 0.452865 0.138809 0.144177
4 0.914375 0.508318 0.058363 0.121996
4 0.650166 0.863216 0.047321 0.077634
4 0.037358 0.897412 0.074136 0.064695