3 0.290828 0.222656 0.118337 0.105469
3 0.061661 0.457031 0.123322 0.082031
3 0.167491 0.621094 0.125003 0.070313
3 0.333329 0.373047 0.086669 0.113281
3 0.507500 0.086914 0.091669 0.044922
3 0.640837 0.705078 0.105003 0.097656
3 0.739173 0.891602 0.151671 0.072266
2 0.041654 0.351563 0.073335 0.117188
2 0.926678 0.802734 0.043335 0.132813
4 0.530834 0.249023 0.111670 0.134766
4 0.688339 0.333008 0.096669 0.154297
4 0.524167 0.411133 0.095003 0.119141
4 0.394997 0.773438 0.096669 0.128906
4 0.535001 0.654297 0.096669 0.101563
4 0.439165 0.583984 0.095003 0.113281
4 0.054154 0.937500 0.098336 0.117188
4 0.885844 0.435547 0.098336 0.125000
4 0.034154 0.168945 0.065002 0.123047
4 0.076655 0.100586 0.090002 0.083984
4 0.199992 0.110352 0.093336 0.083984
4 0.266660 0.155273 0.110003 0.123047
4 0.189991 0.221680 0.103336 0.107422
4 0.419998 0.145508 0.066669 0.107422
4 0.363330 0.115234 0.066669 0.089844
4 0.887511 0.126953 0.101669 0.117188
4 0.212492 0.382813 0.108336 0.113281
4 0.256660 0.338867 0.100003 0.107422
4 0.243326 0.511719 0.116670 0.144531
4 0.161657 0.703125 0.120003 0.105469
4 0.397497 0.907227 0.108336 0.130859
4 0.511667 0.948242 0.113336 0.091797
4 0.589169 0.786133 0.095003 0.087891
4 0.789175 0.359375 0.095003 0.109375
4 0.418331 0.439453 0.090002 0.097656
4 0.825009 0.579102 0.083336 0.107422
4 0.911678 0.628906 0.080002 0.109375
4 0.762507 0.791016 0.101669 0.105469
4 0.839176 0.940430 0.085002 0.087891