1 0.621670 0.732422 0.063335 0.210938
1 0.384997 0.704102 0.140004 0.146484
1 0.490833 0.213867 0.058335 0.154297
1 0.309161 0.604492 0.128337 0.087891
1 0.954172 0.637695 0.091655 0.111328
4 0.152490 0.505859 0.105003 0.121094
4 0.747507 0.281250 0.105003 0.136719
4 0.935845 0.374023 0.091669 0.119141
4 0.702506 0.719727 0.095003 0.111328
4 0.924178 0.100586 0.091669 0.134766
4 0.101656 0.078125 0.080002 0.113281
4 0.625837 0.412109 0.098336 0.117188
4 0.337496 0.444336 0.068335 0.126953
4 0.459999 0.532227 0.070002 0.142578
4 0.610003 0.583984 0.110003 0.089844
4 0.563335 0.458984 0.153338 0.148438
4 0.412498 0.239258 0.078335 0.126953
4 0.305828 0.271484 0.091669 0.121094
4 0.176658 0.207031 0.066669 0.089844
4 0.103322 0.286133 0.086669 0.095703
4 0.191658 0.083008 0.073335 0.087891
4 0.082488 0.651367 0.055002 0.115234
4 0.187491 0.748047 0.085002 0.097656
4 0.159157 0.810547 0.101669 0.148438
4 0.686672 0.844727 0.103336 0.162109
4 0.510000 0.714844 0.100003 0.113281
4 0.413331 0.435547 0.066669 0.101563
4 0.371663 0.309570 0.096669 0.099609
4 0.304995 0.034180 0.083336 0.064453
4 0.439998 0.112305 0.110003 0.115234
4 0.219159 0.265625 0.081669 0.113281
4 0.264994 0.355469 0.086669 0.125000
4 0.313328 0.401367 0.103336 0.115234
4 0.852510 0.411133 0.075002 0.091797
4 0.260827 0.737305 0.095003 0.138672
4 0.357496 0.785156 0.098336 0.121094
4 0.286661 0.871094 0.116670 0.109375
4 0.090822 0.810547 0.071669 0.187500
4 0.600003 0.863281 0.093336 0.109375
4 0.967506 0.883789 0.064988 0.091797
4 0.977513 0.717773 0.035001 0.103516
4 0.965006 0.508789 0.069988 0.154297
4 0.439998 0.030273 0.100003 0.052734
4 0.103322 0.144531 0.096669 0.140625
