3 0.619170 0.371094 0.088336 0.089844
1 0.775841 0.138672 0.095003 0.128906
1 0.882511 0.428711 0.041668 0.111328
1 0.035827 0.555664 0.071654 0.154297
1 0.120823 0.034180 0.125003 0.060547
1 0.168324 0.806641 0.130004 0.117188
4 0.329995 0.302734 0.090002 0.093750
4 0.330829 0.049805 0.088336 0.083984
4 0.180825 0.244141 0.091669 0.105469
4 0.238326 0.334961 0.080002 0.111328
4 0.106656 0.129883 0.086669 0.099609
4 0.114156 0.185547 0.081669 0.082031
4 0.041661 0.399414 0.083322 0.123047
4 0.020820 0.270508 0.035001 0.123047
3 0.570835 0.057617 0.115003 0.064453
4 0.413331 0.034180 0.080002 0.068359
4 0.545001 0.114258 0.086669 0.083984
4 0.531668 0.188477 0.110003 0.111328
4 0.503333 0.279297 0.090002 0.093750
4 0.481666 0.318359 0.090002 0.078125
4 0.381663 0.293945 0.076669 0.123047
4 0.325829 0.382813 0.105003 0.101563
4 0.354996 0.437500 0.066669 0.093750
4 0.429998 0.466797 0.073335 0.093750
4 0.599169 0.332031 0.095003 0.093750
4 0.704172 0.295898 0.085002 0.099609
4 0.700006 0.050781 0.086669 0.082031
4 0.805842 0.029297 0.108336 0.058594
4 0.890011 0.113281 0.106670 0.101563
4 0.881677 0.305664 0.086669 0.099609
4 0.804175 0.413086 0.081669 0.107422
4 0.768341 0.444336 0.080002 0.099609
4 0.688339 0.461914 0.070002 0.103516
4 0.602503 0.495117 0.095003 0.126953
4 0.641671 0.544922 0.090002 0.105469
4 0.555835 0.493164 0.085002 0.115234
4 0.480833 0.536133 0.085002 0.095703
4 0.268327 0.585938 0.103336 0.125000
4 0.243326 0.473633 0.090002 0.107422
4 0.214159 0.444336 0.095003 0.099609
4 0.059988 0.548828 0.083336 0.105469
4 0.104989 0.636719 0.080002 0.132813
4 0.019994 0.664063 0.039987 0.121094
4 0.019153 0.790039 0.031668 0.119141
4 0.150824 0.703125 0.115003 0.113281
4 0.380830 0.764648 0.091669 0.107422
4 0.204158 0.856445 0.085002 0.087891
4 0.310828 0.821289 0.095003 0.091797
4 0.464999 0.709961 0.083336 0.087891
4 0.520834 0.673828 0.105003 0.105469
4 0.574169 0.795898 0.081669 0.107422
4 0.510000 0.808594 0.100003 0.109375
4 0.365830 0.883789 0.105003 0.095703
4 0.683338 0.844727 0.063335 0.095703
4 0.789175 0.848633 0.101669 0.095703
4 0.474166 0.903320 0.095003 0.052734
4 0.579169 0.906250 0.101669 0.050781
4 0.846676 0.723633 0.086669 0.115234
4 0.918345 0.746094 0.063335 0.121094
4 0.901678 0.623047 0.086669 0.101563
4 0.911678 0.563477 0.096669 0.080078
4 0.925012 0.426758 0.053335 0.095703
4 0.234993 0.922852 0.073335 0.025391
4 0.849176 0.780273 0.048335 0.052734