1 0.390830 0.247070 0.141671 0.138672
1 0.635837 0.366211 0.161671 0.087891
1 0.431665 0.449219 0.096669 0.160156
1 0.597503 0.516602 0.135004 0.091797
1 0.171658 0.095703 0.163338 0.089844
1 0.098322 0.068359 0.086669 0.085938
1 0.932512 0.077148 0.128337 0.095703
1 0.194992 0.591797 0.223339 0.070313
1 0.469999 0.670898 0.140004 0.150391
1 0.529167 0.564453 0.151671 0.078125
1 0.950006 0.687500 0.099988 0.062500
1 0.137490 0.782227 0.125003 0.099609
1 0.395830 0.726563 0.118337 0.093750
3 0.635837 0.606445 0.108336 0.076172
3 0.847510 0.169922 0.068335 0.144531
1 0.099989 0.181641 0.066669 0.152344
4 0.665005 0.134766 0.080002 0.105469
4 0.620837 0.246094 0.111670 0.132813
4 0.705006 0.296875 0.080002 0.093750
4 0.472499 0.208008 0.095003 0.146484
4 0.334995 0.154297 0.130004 0.109375
4 0.262493 0.060547 0.085002 0.105469
4 0.179991 0.346680 0.086669 0.142578
4 0.089989 0.369141 0.070002 0.097656
4 0.292494 0.374023 0.095003 0.095703
4 0.492500 0.420898 0.095003 0.115234
4 0.330829 0.463867 0.081669 0.091797
4 0.127490 0.507813 0.098336 0.125000
4 0.840843 0.678711 0.121670 0.138672
4 0.938345 0.584961 0.096669 0.126953
4 0.917512 0.278320 0.118337 0.111328
4 0.961673 0.187500 0.076654 0.093750
3 0.733340 0.026367 0.136670 0.052734
3 0.395830 0.847656 0.108336 0.093750
3 0.454999 0.834961 0.080002 0.138672
4 0.605003 0.809570 0.083336 0.130859
4 0.280827 0.697266 0.061668 0.117188
4 0.696672 0.856445 0.096669 0.111328
4 0.540834 0.870117 0.118337 0.099609
4 0.324162 0.578125 0.098336 0.109375
4 0.097489 0.871094 0.065002 0.078125
4 0.211659 0.886719 0.123337 0.074219
4 0.958346 0.798828 0.063335 0.089844
