1 0.205825 0.779297 0.161671 0.140625
1 0.873344 0.148438 0.090002 0.117188
1 0.427498 0.456055 0.105003 0.169922
1 0.689172 0.657227 0.071669 0.166016
1 0.314162 0.757813 0.118337 0.082031
1 0.199158 0.700195 0.115003 0.107422
1 0.159991 0.457031 0.086669 0.121094
4 0.853343 0.775391 0.093336 0.105469
4 0.630004 0.303711 0.100003 0.111328
4 0.579169 0.893555 0.095003 0.095703
1 0.272494 0.564453 0.111670 0.070313
4 0.795842 0.908203 0.108336 0.074219
1 0.670838 0.967773 0.128337 0.048828
4 0.736673 0.552734 0.073335 0.128906
4 0.453332 0.223633 0.110003 0.060547
4 0.465832 0.323242 0.098336 0.103516
4 0.707506 0.820313 0.095003 0.109375
4 0.810009 0.450195 0.100003 0.138672
4 0.889177 0.488281 0.091669 0.109375
4 0.940846 0.570313 0.091669 0.093750
4 0.978347 0.489258 0.036668 0.095703
4 0.717506 0.118164 0.085002 0.076172
4 0.477499 0.132813 0.105003 0.109375
4 0.430831 0.106445 0.091669 0.083984
4 0.263327 0.106445 0.076669 0.083984
4 0.347496 0.217773 0.081669 0.130859
4 0.254993 0.343750 0.110003 0.113281
4 0.145824 0.353516 0.095003 0.093750
4 0.101656 0.184570 0.063335 0.091797
4 0.133323 0.223633 0.090002 0.138672
4 0.212492 0.239258 0.145004 0.134766
4 0.276661 0.307617 0.096669 0.119141
4 0.364996 0.411133 0.093336 0.115234
4 0.520001 0.491211 0.090002 0.087891
4 0.612503 0.660156 0.095003 0.113281
4 0.431665 0.701172 0.086669 0.085938
4 0.150824 0.572266 0.111670 0.101563
4 0.111656 0.475586 0.086669 0.134766
4 0.857510 0.221680 0.105003 0.087891
4 0.598336 0.763672 0.086669 0.105469
4 0.904178 0.911133 0.098336 0.080078
4 0.513334 0.814453 0.093336 0.105469
4 0.363330 0.874023 0.076669 0.130859
4 0.259160 0.906250 0.101669 0.082031
4 0.136657 0.945313 0.086669 0.105469
4 0.392497 0.958984 0.085002 0.062500
