1 0.648337 0.313477 0.166671 0.072266
1 0.746673 0.789063 0.046668 0.210938
1 0.364163 0.675781 0.118337 0.148438
1 0.057488 0.865234 0.085002 0.113281
1 0.218326 0.820313 0.113336 0.074219
1 0.825842 0.755859 0.091669 0.109375
1 0.329995 0.740234 0.156671 0.097656
1 0.034154 0.767578 0.061668 0.125000
3 0.508334 0.677734 0.106670 0.117188
4 0.761674 0.248047 0.093336 0.101563
4 0.647504 0.749023 0.085002 0.123047
4 0.388330 0.361328 0.110003 0.117188
4 0.428331 0.494141 0.103336 0.113281
4 0.165824 0.693359 0.088336 0.113281
4 0.111656 0.556641 0.093336 0.093750
4 0.229159 0.071289 0.091669 0.111328
4 0.295828 0.109375 0.088336 0.097656
4 0.903344 0.051758 0.086669 0.087891
4 0.465832 0.286133 0.091669 0.107422
4 0.704172 0.406250 0.121670 0.140625
4 0.723339 0.541992 0.090002 0.119141
4 0.100822 0.309570 0.091669 0.083984
4 0.203325 0.469727 0.076669 0.091797
4 0.916678 0.397461 0.066669 0.107422
4 0.930845 0.478516 0.028334 0.125000
4 0.564168 0.273438 0.098336 0.156250
4 0.621670 0.646484 0.110003 0.121094
4 0.885844 0.877930 0.101669 0.119141
1 0.820842 0.913086 0.108336 0.041016
4 0.401664 0.856445 0.116670 0.087891
4 0.162491 0.875977 0.075002 0.068359
4 0.104156 0.767578 0.071669 0.085938
4 0.816675 0.536133 0.116670 0.115234
4 0.880844 0.638672 0.088336 0.121094
4 0.783341 0.661133 0.083336 0.103516
