1 0.569169 0.579102 0.195005 0.115234
1 0.379163 0.516602 0.131670 0.083984
1 0.334995 0.138672 0.096669 0.085938
1 0.201658 0.403320 0.143337 0.060547
3 0.339162 0.450195 0.125003 0.060547
4 0.589169 0.311523 0.098336 0.126953
4 0.587502 0.169922 0.071669 0.117188
4 0.421665 0.332031 0.090002 0.113281
4 0.378330 0.235352 0.103336 0.095703
4 0.233326 0.187500 0.100003 0.105469
4 0.159157 0.113281 0.081669 0.113281
4 0.087489 0.129883 0.065002 0.134766
4 0.069988 0.233398 0.030001 0.083984
4 0.099156 0.380859 0.091669 0.132813
4 0.079155 0.482422 0.051668 0.097656
3 0.163324 0.481445 0.116670 0.083984
1 0.548335 0.646484 0.156671 0.085938
4 0.424165 0.688477 0.118337 0.123047
4 0.568335 0.741211 0.106670 0.087891
4 0.507500 0.808594 0.075002 0.082031
4 0.242493 0.804688 0.078335 0.089844
4 0.080822 0.769531 0.055002 0.113281
4 0.507500 0.474609 0.095003 0.109375
4 0.616670 0.492188 0.110003 0.160156
4 0.746673 0.565430 0.083336 0.087891
4 0.825842 0.442383 0.085002 0.099609
4 0.783341 0.370117 0.093336 0.095703
4 0.799175 0.237305 0.088336 0.099609
4 0.874177 0.128906 0.078335 0.105469
4 0.735840 0.081055 0.111670 0.037109
4 0.530001 0.102539 0.100003 0.076172
4 0.461666 0.083984 0.060002 0.042969
4 0.401664 0.115234 0.086669 0.097656
4 0.251660 0.093750 0.096669 0.070313
4 0.477499 0.577148 0.115003 0.091797
4 0.229159 0.896484 0.121670 0.093750
4 0.334162 0.953125 0.108336 0.089844
4 0.229993 0.961914 0.083336 0.060547
4 0.575002 0.905273 0.083336 0.111328
4 0.770841 0.749023 0.085002 0.087891
4 0.926678 0.761719 0.100003 0.093750
4 0.741673 0.857422 0.083336 0.097656
4 0.815009 0.928711 0.110003 0.123047
4 0.737507 0.988281 0.085002 0.019531
4 0.967513 0.297852 0.058335 0.123047
4 0.986673 0.186523 0.026654 0.083984