1 0.510000 0.286133 0.133337 0.072266
1 0.730840 0.460938 0.078335 0.152344
1 0.141657 0.420898 0.140004 0.060547
1 0.219992 0.613281 0.156671 0.058594
1 0.172491 0.689453 0.151671 0.066406
1 0.259993 0.795898 0.123337 0.072266
1 0.264160 0.834961 0.145004 0.095703
3 0.103322 0.869141 0.093336 0.121094
3 0.735840 0.218750 0.061668 0.136719
3 0.562502 0.696289 0.108336 0.087891
3 0.600003 0.645508 0.143337 0.052734
4 0.882511 0.691406 0.101669 0.125000
4 0.659171 0.802734 0.105003 0.113281
4 0.889177 0.203125 0.105003 0.140625
4 0.935012 0.052734 0.106670 0.105468
4 0.746673 0.050781 0.090002 0.082031
3 0.438332 0.650391 0.040001 0.121094
3 0.248326 0.059570 0.123337 0.076172
1 0.112489 0.133789 0.071669 0.154297
1 0.077488 0.211914 0.048335 0.134766
1 0.309161 0.194336 0.135004 0.068359
4 0.286661 0.114258 0.110003 0.087891
4 0.568335 0.071289 0.076669 0.134766
4 0.655004 0.083008 0.086669 0.134766
4 0.969180 0.198242 0.048335 0.142578
4 0.627504 0.420898 0.078335 0.173828
4 0.509167 0.408203 0.148337 0.128906
4 0.402497 0.440430 0.088336 0.111328
4 0.317495 0.420898 0.095003 0.130859
4 0.349163 0.517578 0.098336 0.117188
4 0.308328 0.596680 0.073335 0.103516
4 0.201658 0.466797 0.090002 0.070313
4 0.189158 0.531250 0.095003 0.074219
4 0.109989 0.582031 0.096669 0.117188
4 0.084155 0.479492 0.058335 0.095703
4 0.151657 0.266602 0.080002 0.107422
4 0.225826 0.187500 0.098336 0.136719
4 0.757507 0.563477 0.088336 0.107422
4 0.796675 0.779297 0.100003 0.113281
4 0.731673 0.648438 0.080002 0.082031
4 0.504167 0.585938 0.088336 0.125000
4 0.509167 0.720703 0.095003 0.109375
4 0.443332 0.878906 0.113336 0.093750
4 0.885011 0.819336 0.110003 0.072266
4 0.881677 0.894531 0.086669 0.070312
4 0.339996 0.900391 0.103336 0.050781
4 0.950846 0.892578 0.075002 0.078125
4 0.267494 0.727539 0.071669 0.099609
4 0.144157 0.760742 0.105003 0.095703
