1 0.108323 0.350586 0.070002 0.169922
1 0.683338 0.967773 0.120003 0.056641
3 0.037487 0.474609 0.065002 0.144531
4 0.820009 0.455078 0.143337 0.140625
4 0.871677 0.351563 0.106670 0.105469
4 0.895011 0.243164 0.096669 0.123047
4 0.689172 0.229492 0.105003 0.119141
4 0.511667 0.298828 0.113336 0.121094
4 0.566669 0.383789 0.093336 0.099609
4 0.633337 0.090820 0.110003 0.052734
4 0.815842 0.091797 0.078335 0.054688
4 0.925012 0.084961 0.053335 0.041016
4 0.911678 0.533203 0.070002 0.109375
4 0.865843 0.637695 0.081669 0.099609
4 0.741673 0.898438 0.100003 0.125000
4 0.633337 0.871094 0.096669 0.109375
4 0.569169 0.930664 0.088336 0.103516
4 0.435832 0.902344 0.105003 0.121094
4 0.162491 0.912109 0.101669 0.113281
4 0.068321 0.861328 0.083336 0.105469
4 0.167491 0.588867 0.128337 0.146484
4 0.023320 0.598633 0.043335 0.111328
4 0.021653 0.356445 0.030001 0.142578
4 0.062488 0.225586 0.111670 0.103516
4 0.089989 0.136719 0.110003 0.121094
4 0.174158 0.111328 0.085002 0.093750
4 0.269160 0.092773 0.085002 0.048828
4 0.269160 0.170898 0.088336 0.099609
4 0.383330 0.289063 0.090002 0.101563
4 0.255827 0.374023 0.098336 0.119141
4 0.254160 0.507813 0.111670 0.125000
4 0.249993 0.662109 0.083336 0.125000
4 0.396664 0.444336 0.083336 0.107422
4 0.488333 0.496094 0.093336 0.105469
4 0.535834 0.697266 0.081669 0.128906
4 0.441665 0.711914 0.093336 0.123047
4 0.074155 0.338867 0.078335 0.107422
4 0.130823 0.212891 0.041668 0.050781