4 0.054709 0.792976 0.089910 0.118299
4 0.121747 0.730129 0.085178 0.173752
4 0.052198 0.449168 0.104396 0.151571
3 0.100452 0.518484 0.118303 0.075786
4 0.206925 0.544362 0.091487 0.116451
4 0.186419 0.701479 0.085178 0.175601
3 0.233740 0.829945 0.151427 0.077634
4 0.049832 0.048059 0.099664 0.096118
4 0.133577 0.024030 0.111993 0.048059
3 0.240838 0.042514 0.127767 0.062847
4 0.232163 0.139556 0.094642 0.109057
4 0.322073 0.170055 0.104106 0.125693
4 0.415926 0.149723 0.105684 0.114603
4 0.629660 0.131238 0.094642 0.147874
4 0.471134 0.260628 0.121457 0.114603
4 0.389111 0.352126 0.093065 0.116451
4 0.379647 0.502773 0.093065 0.099815
4 0.303933 0.555453 0.099374 0.094270
4 0.297623 0.656192 0.083601 0.096118
4 0.280272 0.768946 0.086755 0.099815
4 0.400152 0.760628 0.127767 0.127542
4 0.436432 0.657116 0.096220 0.109057
4 0.529497 0.658965 0.105684 0.134935
4 0.567354 0.517560 0.089910 0.107209
4 0.490851 0.385397 0.107261 0.120148
4 0.626505 0.731978 0.088333 0.092421
4 0.629660 0.638632 0.132499 0.090573
4 0.616252 0.267098 0.108838 0.094270
4 0.655686 0.359519 0.121457 0.112754
4 0.692755 0.468577 0.097797 0.109057
4 0.771623 0.621072 0.100952 0.107209
4 0.732977 0.879852 0.083601 0.121996
4 0.829986 0.876155 0.094642 0.121996
4 0.927783 0.865065 0.044166 0.110906
4 0.934881 0.754159 0.026815 0.096118
4 0.808691 0.750462 0.124612 0.088725
4 0.747174 0.739372 0.137231 0.110906
3 0.881250 0.548983 0.105684 0.092421
4 0.874152 0.460259 0.078868 0.088725
4 0.714049 0.192237 0.083601 0.096118
4 0.730611 0.079482 0.094642 0.107209
4 0.841027 0.079482 0.100952 0.092421
4 0.815789 0.179298 0.097797 0.092421
4 0.902545 0.218115 0.091487 0.088725
4 0.889137 0.640481 0.108838 0.164510
4 0.020006 0.850277 0.029970 0.099815
4 0.021584 0.175601 0.039434 0.140481
4 0.714838 0.635860 0.091487 0.114603