1 0.285254 0.278022 0.099402 0.125275
1 0.886355 0.481319 0.135037 0.070330
1 0.418415 0.391209 0.129410 0.061538
3 0.862911 0.337363 0.118157 0.072527
3 0.476556 0.474725 0.114406 0.087912
3 0.288067 0.394505 0.116282 0.094505
3 0.153031 0.216484 0.120033 0.094505
3 0.415602 0.100000 0.108780 0.072527
3 0.842281 0.938462 0.061892 0.118681
3 0.911674 0.956044 0.073145 0.079121
4 0.115521 0.129670 0.086273 0.127473
4 0.243055 0.107692 0.090024 0.087912
4 0.297445 0.181319 0.086273 0.098901
4 0.430606 0.201099 0.093775 0.103297
4 0.146466 0.340659 0.148165 0.153846
4 0.796331 0.153846 0.086273 0.101099
4 0.693177 0.204396 0.090024 0.105495
4 0.611593 0.279121 0.129410 0.131868
4 0.680049 0.346154 0.101278 0.085714
4 0.715684 0.440659 0.067518 0.081319
4 0.953873 0.271429 0.082522 0.098901
4 0.940745 0.376923 0.082522 0.085714
4 0.963251 0.616484 0.067518 0.063736
4 0.878853 0.570330 0.082522 0.085714
4 0.772887 0.603297 0.069394 0.098901
4 0.718497 0.614286 0.073145 0.094505
4 0.352772 0.545055 0.088149 0.109890
4 0.101454 0.570330 0.091900 0.103297
4 0.137089 0.650549 0.091900 0.087912
4 0.091139 0.713187 0.067518 0.125275
4 0.429668 0.737363 0.099402 0.125275
4 0.485934 0.653846 0.084398 0.098901
4 0.600340 0.676923 0.095651 0.105495
4 0.679111 0.773626 0.095651 0.123077
4 0.752256 0.862637 0.073145 0.094505
4 0.575958 0.853846 0.088149 0.107692
4 0.309636 0.847253 0.095651 0.094505
4 0.124898 0.968132 0.090024 0.054945
4 0.850720 0.670330 0.078771 0.092308
4 0.941683 0.719780 0.091900 0.098901
4 0.955749 0.831868 0.063767 0.098901
4 0.700680 0.953846 0.078771 0.079121
4 0.979193 0.535165 0.039386 0.068132