4 0.405831 0.198242 0.081669 0.099609
4 0.489166 0.642578 0.098336 0.125000
4 0.433331 0.818359 0.096669 0.105469
4 0.723339 0.881836 0.096669 0.099609
4 0.671671 0.134766 0.093336 0.105469
4 0.033320 0.727539 0.060002 0.123047
4 0.575835 0.802734 0.098336 0.113281
4 0.867510 0.857422 0.098336 0.113281
4 0.780008 0.731445 0.096669 0.119141
1 0.349996 0.683594 0.110003 0.078125
3 0.352496 0.060547 0.061668 0.121094
3 0.267494 0.842773 0.125003 0.060547
3 0.600003 0.424805 0.110003 0.115234
3 0.850843 0.135742 0.091669 0.150391
3 0.122490 0.481445 0.095003 0.111328
4 0.422498 0.372070 0.095003 0.146484
4 0.407497 0.573242 0.075002 0.095703
4 0.363330 0.491211 0.083336 0.091797
4 0.746673 0.400391 0.093336 0.078125
4 0.650837 0.339844 0.075002 0.078125
4 0.544168 0.332031 0.101669 0.136719
3 0.212492 0.265625 0.128337 0.078125
4 0.154990 0.116211 0.070002 0.119141
4 0.095822 0.040039 0.098336 0.072266
4 0.234993 0.031250 0.096669 0.054688
4 0.025820 0.061523 0.041668 0.123046
4 0.060821 0.261719 0.071669 0.109375
4 0.599169 0.227539 0.081669 0.119141
4 0.576669 0.105469 0.083336 0.109375
4 0.488333 0.036133 0.093336 0.072266
4 0.580836 0.025391 0.078335 0.042969
4 0.922512 0.184570 0.045001 0.123047
4 0.900011 0.435547 0.090002 0.085938
4 0.920845 0.556641 0.051668 0.105469
4 0.667505 0.443359 0.078335 0.101563
4 0.325829 0.359375 0.091669 0.109375
4 0.194992 0.322266 0.130004 0.082031
4 0.119156 0.313477 0.078335 0.146484
4 0.034987 0.371094 0.063335 0.113281
4 0.093322 0.588867 0.103336 0.111328
4 0.237493 0.501953 0.075002 0.113281
4 0.266660 0.419922 0.086669 0.132813
4 0.760841 0.520508 0.105003 0.162109
4 0.778341 0.596680 0.093336 0.107422
4 0.840843 0.506836 0.088336 0.115234
4 0.249160 0.743164 0.078335 0.095703
4 0.162491 0.549805 0.091669 0.080078
4 0.137490 0.658203 0.085002 0.089844
4 0.157491 0.773438 0.095003 0.097656
4 0.106656 0.830078 0.076669 0.089844
4 0.172491 0.891602 0.101669 0.080078
4 0.237493 0.870117 0.115003 0.115234
