1 0.473743 0.272527 0.078771 0.167033
1 0.392158 0.395604 0.080647 0.087912
3 0.556265 0.304396 0.075020 0.138462
3 0.677236 0.219780 0.073145 0.127473
3 0.643476 0.691209 0.125659 0.072527
3 0.510315 0.965934 0.140663 0.068132
3 0.912612 0.957143 0.082522 0.085714
4 0.217736 0.091209 0.076896 0.054945
4 0.593775 0.086813 0.090024 0.046154
4 0.877915 0.141758 0.095651 0.094505
4 0.775700 0.220879 0.086273 0.098901
4 0.921052 0.235165 0.061892 0.105495
4 0.845094 0.294505 0.082522 0.079121
4 0.710995 0.293407 0.084398 0.068132
4 0.687551 0.474725 0.090024 0.092308
4 0.481245 0.431868 0.101278 0.129670
4 0.305885 0.179121 0.046888 0.125275
4 0.224300 0.251648 0.105029 0.112088
4 0.246806 0.359341 0.075020 0.112088
1 0.346208 0.318681 0.108780 0.061538
4 0.327453 0.405495 0.090024 0.094505
4 0.359337 0.493407 0.116282 0.085714
4 0.393096 0.578022 0.108780 0.118681
4 0.484058 0.718681 0.099402 0.114286
4 0.794455 0.767033 0.090024 0.083516
4 0.809459 0.827473 0.075020 0.081319
4 0.771949 0.942857 0.067518 0.101099
4 0.493436 0.845055 0.106904 0.103297
4 0.555328 0.879121 0.076896 0.074725
4 0.321827 0.774725 0.090024 0.090110
4 0.219611 0.591209 0.099402 0.079121
4 0.098641 0.431868 0.063767 0.094505
4 0.029247 0.436264 0.056265 0.090110
4 0.033936 0.535165 0.058141 0.085714
4 0.041438 0.650549 0.069394 0.083516
4 0.109894 0.752747 0.071269 0.085714
4 0.217736 0.761538 0.095651 0.107692
4 0.255246 0.853846 0.091900 0.090110
4 0.347146 0.938462 0.076896 0.083516
4 0.293694 0.969231 0.090024 0.061538
4 0.145529 0.940659 0.101278 0.096703
4 0.109894 0.951648 0.101278 0.061538
4 0.036749 0.912088 0.071269 0.114286