1 0.651671 0.172852 0.083336 0.150391
1 0.560002 0.333984 0.146671 0.109375
1 0.025820 0.798828 0.045001 0.050781
1 0.065821 0.884766 0.125003 0.082031
3 0.523334 0.599609 0.130004 0.109375
3 0.909178 0.473633 0.081669 0.072266
1 0.925845 0.723633 0.055002 0.052734
4 0.082488 0.753906 0.098336 0.113281
4 0.104156 0.646484 0.108336 0.113281
4 0.053321 0.412109 0.093336 0.121094
4 0.019153 0.161133 0.031668 0.095703
4 0.282494 0.324219 0.095003 0.117188
4 0.194158 0.481445 0.075002 0.107422
4 0.314995 0.509766 0.113336 0.125000
4 0.110823 0.511719 0.101669 0.105469
4 0.357496 0.377930 0.081669 0.087891
4 0.530001 0.211914 0.100003 0.107422
4 0.480833 0.045898 0.081669 0.091796
4 0.563335 0.016602 0.100003 0.029297
4 0.671671 0.041016 0.103336 0.074219
4 0.770841 0.071289 0.121670 0.099609
4 0.808342 0.173828 0.096669 0.109375
4 0.888344 0.258789 0.096669 0.099609
4 0.934179 0.342773 0.028334 0.111328
4 0.865843 0.382813 0.091669 0.109375
4 0.766674 0.278320 0.100003 0.107422
4 0.740840 0.392578 0.101669 0.093750
4 0.489166 0.371094 0.111670 0.105469
4 0.620003 0.468750 0.083336 0.101563
4 0.531668 0.517578 0.103336 0.093750
4 0.702506 0.525391 0.091669 0.105469
4 0.919178 0.640625 0.065002 0.105469
4 0.662504 0.678711 0.085002 0.111328
4 0.726673 0.814453 0.093336 0.101563
4 0.606670 0.806641 0.116670 0.125000
4 0.594169 0.906250 0.131670 0.054688
4 0.731673 0.906250 0.106670 0.046875
4 0.421665 0.860352 0.096669 0.111328
4 0.265827 0.860352 0.101669 0.103516
4 0.413331 0.646484 0.086669 0.113281
4 0.372496 0.744141 0.118337 0.113281
4 0.502500 0.728516 0.095003 0.105469
4 0.151657 0.886719 0.076669 0.097656