1 0.903344 0.797852 0.093336 0.087891
1 0.877510 0.459961 0.155004 0.064453
1 0.776674 0.301758 0.146671 0.072266
1 0.101656 0.662109 0.156671 0.070313
3 0.483333 0.929688 0.073335 0.109375
3 0.920845 0.286133 0.058335 0.107422
3 0.656671 0.247070 0.136670 0.083984
4 0.289161 0.427734 0.101669 0.105469
4 0.394997 0.364258 0.086669 0.111328
4 0.405831 0.508789 0.075002 0.119141
4 0.318328 0.514648 0.090002 0.111328
4 0.412498 0.762695 0.101669 0.087891
4 0.779174 0.936523 0.095003 0.103516
4 0.757507 0.634766 0.071669 0.105469
4 0.853343 0.971680 0.080002 0.056640
4 0.229993 0.802734 0.083336 0.117188
4 0.037494 0.739258 0.074988 0.095703
4 0.630837 0.112305 0.095003 0.095703
4 0.654171 0.559570 0.081669 0.099609
4 0.490000 0.342773 0.083336 0.099609
4 0.478333 0.405273 0.080002 0.107422
4 0.495000 0.494141 0.096669 0.101563
4 0.559168 0.509766 0.108336 0.109375
4 0.597503 0.412109 0.091669 0.078125
4 0.666671 0.387695 0.103336 0.123047
4 0.587502 0.301758 0.085002 0.099609
4 0.536668 0.208008 0.070002 0.087891
4 0.479999 0.140625 0.086669 0.140625
4 0.775841 0.148438 0.095003 0.121094
4 0.911678 0.147461 0.066669 0.091797
4 0.140823 0.170898 0.105003 0.091797
4 0.335829 0.113281 0.091669 0.097656
4 0.229159 0.128906 0.071669 0.128906
4 0.067488 0.228516 0.068335 0.082031
4 0.033320 0.140625 0.056668 0.140625
4 0.359996 0.275391 0.076669 0.117188
4 0.159991 0.406250 0.096669 0.125000
4 0.017487 0.586914 0.031668 0.083984
4 0.114989 0.600586 0.103336 0.123047
4 0.215825 0.574219 0.078335 0.152344
4 0.269160 0.635742 0.111670 0.115234
4 0.754174 0.438477 0.081669 0.107422
4 0.723339 0.329102 0.116670 0.095703
4 0.871677 0.573242 0.100003 0.115234
4 0.755840 0.755859 0.115003 0.121094
4 0.647504 0.742188 0.085002 0.128906
4 0.565835 0.718750 0.088336 0.078125
4 0.540834 0.781250 0.135004 0.101563
4 0.580836 0.885742 0.105003 0.095703
4 0.685005 0.922852 0.090002 0.126953
4 0.294994 0.872070 0.073335 0.119141
4 0.149990 0.880859 0.076669 0.121094
4 0.134157 0.767578 0.098336 0.085938
4 0.143323 0.695313 0.130004 0.062500
4 0.300828 0.216797 0.088336 0.109375
4 0.907511 0.716797 0.071669 0.113281
4 0.023320 0.849609 0.043335 0.105469
4 0.039987 0.964844 0.070002 0.070312
4 0.868344 0.416016 0.073335 0.121094
4 0.830009 0.395508 0.076669 0.146484
4 0.880844 0.373047 0.075002 0.136719
4 0.354996 0.832031 0.116670 0.121094
