1 0.147404 0.256044 0.150041 0.068132
1 0.590962 0.612088 0.136912 0.085714
1 0.595651 0.154945 0.127535 0.107692
1 0.535635 0.906593 0.101278 0.072527
1 0.613468 0.886813 0.118157 0.094505
1 0.364963 0.320879 0.105029 0.145055
3 0.296507 0.443956 0.125659 0.057143
3 0.968877 0.372527 0.052514 0.076923
3 0.687551 0.663736 0.116282 0.079121
3 0.404349 0.485714 0.097527 0.096703
4 0.162408 0.047253 0.108780 0.090110
4 0.300258 0.017582 0.114406 0.030769
4 0.297445 0.059341 0.127535 0.087912
4 0.503751 0.025275 0.146290 0.041758
4 0.419353 0.097802 0.093775 0.098901
4 0.584398 0.074725 0.082522 0.109890
4 0.851658 0.101099 0.076896 0.105495
4 0.082699 0.115385 0.050639 0.081319
4 0.078948 0.301099 0.046888 0.096703
4 0.174599 0.340659 0.121908 0.109890
4 0.268375 0.375824 0.095651 0.105495
4 0.122085 0.442857 0.095651 0.072527
4 0.115521 0.491209 0.101278 0.076923
4 0.154906 0.602198 0.142539 0.118681
4 0.091139 0.728571 0.071269 0.107692
4 0.170848 0.878022 0.091900 0.103297
4 0.141778 0.865934 0.090024 0.123077
4 0.299320 0.904396 0.123784 0.050549
4 0.412789 0.902198 0.091900 0.041758
4 0.698804 0.908791 0.048763 0.050549
4 0.828214 0.871429 0.067518 0.129670
4 0.935118 0.735165 0.093775 0.103297
4 0.949185 0.536264 0.088149 0.101099
4 0.920114 0.308791 0.112531 0.112088
4 0.917301 0.190110 0.091900 0.103297
4 0.812272 0.165934 0.091900 0.098901
4 0.814148 0.275824 0.088149 0.094505
4 0.659418 0.248352 0.078771 0.109890
4 0.623784 0.238462 0.086273 0.112088
4 0.529070 0.241758 0.091900 0.105495
4 0.425917 0.237363 0.084398 0.131868
4 0.546888 0.385714 0.101278 0.098901
4 0.608780 0.448352 0.097527 0.127473
4 0.725999 0.473626 0.110655 0.090110
4 0.683800 0.551648 0.097527 0.105495
4 0.756945 0.624176 0.075020 0.123077
4 0.672547 0.719780 0.097527 0.116484
4 0.637850 0.845055 0.106904 0.098901
4 0.899484 0.913187 0.075020 0.041758
4 0.514066 0.675824 0.080647 0.094505
4 0.480307 0.717582 0.080647 0.107692
4 0.425917 0.760440 0.091900 0.092308
4 0.333080 0.573626 0.090024 0.109890
4 0.070508 0.842857 0.033759 0.098901
4 0.370590 0.395604 0.075020 0.074725