3 0.049320 0.675824 0.098640 0.076923
3 0.019870 0.831868 0.033759 0.085714
3 0.929492 0.718681 0.030008 0.140659
4 0.739127 0.131868 0.226937 0.241758
4 0.530946 0.107692 0.088149 0.114286
4 0.492498 0.283516 0.105029 0.074725
4 0.635037 0.367033 0.097527 0.109890
4 0.893857 0.431868 0.101278 0.160440
4 0.823525 0.495604 0.091900 0.112088
4 0.912612 0.554945 0.078771 0.085714
4 0.920114 0.612088 0.063767 0.081319
4 0.759758 0.701099 0.099402 0.123077
4 0.701617 0.592308 0.073145 0.120879
4 0.204607 0.091209 0.099402 0.129670
4 0.113645 0.038462 0.105029 0.076923
4 0.084575 0.110989 0.065643 0.085714
4 0.017056 0.090110 0.031884 0.092308
4 0.025496 0.195604 0.048763 0.105495
4 0.164284 0.218681 0.112531 0.103297
4 0.138964 0.330769 0.118157 0.120879
4 0.325578 0.368132 0.097527 0.107692
4 0.324640 0.540659 0.084398 0.136264
4 0.405287 0.610989 0.076896 0.092308
4 0.518755 0.540659 0.093775 0.114286
4 0.558141 0.650549 0.108780 0.105495
4 0.542199 0.725275 0.136912 0.074725
4 0.504689 0.828571 0.118157 0.131868
4 0.396847 0.878022 0.090024 0.116484
4 0.303071 0.835165 0.086273 0.123077
4 0.157719 0.647253 0.080647 0.103297
4 0.091139 0.810989 0.093775 0.109890
4 0.011810 0.585714 0.023620 0.094505