1 0.279161 0.381836 0.141671 0.142578
1 0.850843 0.164063 0.141671 0.082031
1 0.777508 0.943359 0.098336 0.105469
1 0.242493 0.697266 0.135004 0.070313
1 0.852510 0.949219 0.085002 0.097656
1 0.929179 0.968750 0.131670 0.062500
1 0.902511 0.642578 0.075002 0.136719
4 0.352496 0.929688 0.105003 0.109375
4 0.730840 0.694336 0.111670 0.126953
2 0.735006 0.843750 0.110003 0.093750
4 0.687505 0.922852 0.081669 0.087891
4 0.890844 0.841797 0.081669 0.089844
4 0.842509 0.772461 0.135004 0.115234
4 0.824176 0.566406 0.121670 0.101563
4 0.802508 0.431641 0.078335 0.136719
4 0.949179 0.454102 0.098336 0.111328
4 0.923345 0.538086 0.086669 0.064453
4 0.508334 0.518555 0.096669 0.123047
4 0.605836 0.602539 0.095003 0.095703
4 0.510834 0.645508 0.081669 0.111328
4 0.403331 0.682617 0.086669 0.099609
4 0.467499 0.771484 0.115003 0.113281
4 0.363330 0.799805 0.096669 0.123047
3 0.224159 0.864258 0.091669 0.115234
4 0.324162 0.223633 0.098336 0.115234
4 0.429165 0.221680 0.081669 0.103516
4 0.531668 0.137695 0.113336 0.126953
4 0.579169 0.237305 0.131670 0.080078
1 0.638337 0.175781 0.123337 0.074219
4 0.314995 0.116211 0.103336 0.083984
4 0.160824 0.100586 0.111670 0.072266
4 0.742507 0.119141 0.105003 0.097656
4 0.755840 0.210938 0.111670 0.082031
4 0.134990 0.206055 0.073335 0.111328
4 0.084989 0.274414 0.053335 0.083984
4 0.074988 0.548828 0.030001 0.101563
4 0.099156 0.630859 0.071669 0.093750
4 0.172491 0.640625 0.078335 0.089844
4 0.125823 0.805664 0.105003 0.087891
4 0.100822 0.720703 0.081669 0.093750
4 0.187491 0.749023 0.085002 0.080078
4 0.099989 0.878906 0.083336 0.167969
