1 0.069988 0.138672 0.136670 0.093750
1 0.502500 0.364258 0.048335 0.142578
1 0.890011 0.136719 0.110003 0.089844
1 0.854176 0.346680 0.128337 0.064453
1 0.740007 0.841797 0.120003 0.082031
1 0.703339 0.389648 0.123337 0.068359
1 0.091655 0.750000 0.116670 0.125000
4 0.083322 0.891602 0.113336 0.087891
1 0.294994 0.934570 0.140004 0.068359
4 0.333329 0.814453 0.086669 0.121094
4 0.160824 0.397461 0.101669 0.107422
4 0.032487 0.292969 0.055002 0.136719
4 0.050821 0.417969 0.088336 0.113281
4 0.769174 0.692383 0.071669 0.099609
4 0.628337 0.804688 0.086669 0.089844
4 0.630004 0.909180 0.093336 0.076172
4 0.657504 0.958008 0.105003 0.072266
4 0.834176 0.946289 0.071669 0.083984
4 0.905011 0.919922 0.060002 0.089844
4 0.867510 0.755859 0.081669 0.082031
4 0.849176 0.650391 0.101669 0.078125
4 0.594169 0.446289 0.091669 0.095703
4 0.434165 0.478516 0.101669 0.117188
4 0.286661 0.421875 0.060002 0.101563
4 0.182491 0.490234 0.105003 0.078125
4 0.028320 0.525391 0.043335 0.105469
4 0.563335 0.268555 0.096669 0.083984
4 0.660004 0.247070 0.113336 0.138672
4 0.804175 0.431641 0.108336 0.093750
4 0.550001 0.636719 0.070002 0.085938
4 0.201658 0.949219 0.086669 0.089844
4 0.752507 0.964844 0.058335 0.070312
4 0.437498 0.385742 0.085002 0.091797
3 0.602503 0.090820 0.085002 0.044922
4 0.673338 0.097656 0.073335 0.058594
