1 0.534168 0.492188 0.128337 0.101563
1 0.457499 0.391602 0.061668 0.138672
1 0.197492 0.258789 0.115003 0.056641
1 0.330829 0.174805 0.135004 0.091797
1 0.284994 0.847656 0.116670 0.101563
1 0.084155 0.875977 0.055002 0.091797
1 0.411664 0.259766 0.126670 0.078125
1 0.204158 0.027344 0.148337 0.046875
1 0.232493 0.070313 0.131670 0.066406
1 0.532501 0.764648 0.088336 0.146484
1 0.615003 0.646484 0.100003 0.066406
3 0.084989 0.432617 0.056668 0.119141
3 0.076655 0.162109 0.046668 0.093750
3 0.280827 0.619141 0.145004 0.062500
3 0.804175 0.873047 0.118337 0.078125
3 0.900011 0.448242 0.123337 0.080078
1 0.522501 0.030273 0.148337 0.052734
1 0.660838 0.078125 0.085002 0.132813
4 0.589169 0.260742 0.091669 0.091797
4 0.818342 0.232422 0.086669 0.105469
4 0.651671 0.426758 0.086669 0.095703
4 0.733340 0.501953 0.096669 0.117188
4 0.404997 0.587891 0.093336 0.089844
4 0.341662 0.685547 0.093336 0.062500
4 0.271660 0.732422 0.106670 0.101563
4 0.186658 0.688477 0.093336 0.095703
4 0.168324 0.801758 0.116670 0.095703
4 0.338329 0.908203 0.116670 0.054688
4 0.361663 0.772461 0.096669 0.130859
4 0.466666 0.745117 0.066669 0.091797
4 0.605003 0.708984 0.110003 0.054688
4 0.743340 0.708984 0.080002 0.101563
4 0.734173 0.881836 0.091669 0.107422
4 0.610003 0.912109 0.070002 0.046875
4 0.955013 0.737305 0.080002 0.091797
4 0.971673 0.578125 0.056654 0.117188
4 0.960846 0.346680 0.071669 0.111328
4 0.875844 0.324219 0.081669 0.125000
4 0.975840 0.084961 0.048320 0.115234
4 0.875010 0.041016 0.100003 0.078125
4 0.740007 0.020508 0.100003 0.041016
4 0.557502 0.085938 0.105003 0.117187
4 0.460832 0.045898 0.071669 0.060547
4 0.461666 0.145508 0.116670 0.091797
4 0.423331 0.230469 0.086669 0.062500
4 0.225826 0.356445 0.078335 0.134766
4 0.307495 0.274414 0.078335 0.095703
4 0.295828 0.152344 0.068335 0.113281
4 0.161657 0.192383 0.076669 0.083984
4 0.104989 0.303711 0.090002 0.103516
4 0.174991 0.427734 0.116670 0.121094
4 0.234993 0.543945 0.093336 0.091797
4 0.635004 0.571289 0.096669 0.095703
4 0.474999 0.528320 0.070002 0.052734