1 0.522501 0.275391 0.165005 0.085938
1 0.581669 0.475586 0.130004 0.111328
1 0.657504 0.715820 0.088336 0.138672
1 0.031661 0.457031 0.063321 0.054688
1 0.219992 0.128906 0.106670 0.117188
3 0.044987 0.169922 0.060002 0.160156
1 0.284161 0.721680 0.128337 0.087891
1 0.630837 0.972656 0.078335 0.050781
1 0.803342 0.366211 0.070002 0.162109
1 0.073322 0.588867 0.130004 0.083984
1 0.204992 0.890625 0.050001 0.136719
1 0.541668 0.935547 0.116670 0.105469
4 0.818342 0.924805 0.116670 0.119141
4 0.324995 0.120117 0.096669 0.103516
4 0.399164 0.374023 0.085002 0.107422
3 0.129990 0.806641 0.110003 0.074219
3 0.715839 0.345703 0.088336 0.136719
4 0.865843 0.787109 0.101669 0.113281
4 0.579169 0.847656 0.108336 0.125000
4 0.473333 0.691406 0.076669 0.101563
4 0.209992 0.760742 0.100003 0.103516
4 0.296661 0.233398 0.106670 0.107422
4 0.439998 0.107422 0.090002 0.085938
4 0.547501 0.103516 0.075002 0.082031
4 0.722506 0.116211 0.098336 0.095703
4 0.800842 0.103516 0.098336 0.078125
1 0.915011 0.136719 0.063335 0.140625
4 0.202492 0.360352 0.108336 0.107422
4 0.354996 0.576172 0.093336 0.101563
4 0.492500 0.578125 0.085002 0.109375
4 0.779174 0.510742 0.108336 0.115234
4 0.869177 0.404297 0.061668 0.113281
4 0.771674 0.219727 0.103336 0.119141
4 0.636670 0.266602 0.063335 0.095703
4 0.029154 0.301758 0.048335 0.138672
4 0.079155 0.393555 0.071669 0.134766
4 0.135823 0.483398 0.081669 0.103516
4 0.278327 0.401367 0.130004 0.126953
4 0.304161 0.490234 0.131670 0.117188
4 0.528334 0.393555 0.093336 0.068359
4 0.655004 0.434570 0.070002 0.134766
4 0.806675 0.668945 0.093336 0.111328
4 0.920845 0.491211 0.051668 0.095703
4 0.692505 0.590820 0.085002 0.107422
4 0.615003 0.648438 0.090002 0.097656
4 0.727506 0.715820 0.075002 0.103516
4 0.479999 0.976563 0.090002 0.035156
4 0.120823 0.963867 0.105003 0.072266
4 0.039154 0.905273 0.071669 0.091797
4 0.164991 0.635742 0.080002 0.095703
4 0.217492 0.549805 0.088336 0.107422
4 0.420831 0.516602 0.098336 0.111328
4 0.317495 0.674805 0.118337 0.111328
4 0.020820 0.773438 0.031668 0.113281
4 0.137490 0.901367 0.085002 0.076172
1 0.682505 0.985352 0.055002 0.025391
4 0.930012 0.624023 0.036668 0.103516
