1 0.350829 0.170898 0.121670 0.134766
1 0.787508 0.310547 0.078335 0.156250
1 0.634170 0.273438 0.155004 0.082031
1 0.652504 0.054688 0.108336 0.109375
1 0.608336 0.041992 0.070002 0.083984
1 0.372496 0.276367 0.055002 0.150391
1 0.067488 0.678711 0.125003 0.119141
1 0.338329 0.828125 0.160004 0.113281
3 0.685838 0.646484 0.081669 0.125000
3 0.805842 0.537109 0.125003 0.074219
3 0.646671 0.904297 0.136670 0.042969
3 0.406664 0.458008 0.053335 0.146484
1 0.539168 0.644531 0.071669 0.167969
1 0.769174 0.732422 0.148337 0.070313
1 0.523334 0.312500 0.076669 0.132813
1 0.720006 0.364258 0.140004 0.076172
4 0.890844 0.135742 0.095003 0.115234
4 0.112489 0.506836 0.095003 0.119141
4 0.050821 0.129883 0.081669 0.115234
4 0.398331 0.543945 0.113336 0.072266
4 0.320828 0.424805 0.088336 0.095703
4 0.302495 0.294922 0.078335 0.082031
4 0.587502 0.195313 0.111670 0.113281
4 0.479999 0.038086 0.110003 0.076172
4 0.795842 0.186523 0.088336 0.095703
4 0.733340 0.068359 0.086669 0.105469
4 0.195825 0.099609 0.088336 0.089844
4 0.214992 0.200195 0.096669 0.099609
4 0.191658 0.276367 0.086669 0.099609
4 0.027487 0.337891 0.048335 0.121094
4 0.024154 0.564453 0.041668 0.089844
4 0.194158 0.657227 0.071669 0.099609
4 0.876677 0.575195 0.113336 0.123047
4 0.813342 0.454102 0.120003 0.111328
3 0.459166 0.343750 0.065002 0.105469
3 0.127490 0.145508 0.028334 0.146484
4 0.269160 0.787109 0.111670 0.082031
4 0.840009 0.051758 0.090002 0.087891
4 0.137490 0.025391 0.075002 0.039063
4 0.054988 0.052734 0.100003 0.089844
4 0.403331 0.628906 0.103336 0.089844
1 0.440832 0.668945 0.121670 0.064453
4 0.724173 0.573242 0.075002 0.095703
4 0.359163 0.728516 0.128337 0.117188
4 0.513334 0.758789 0.140004 0.123047
4 0.887511 0.722656 0.085002 0.113281
4 0.775841 0.660156 0.091669 0.093750
4 0.857510 0.345703 0.085002 0.101563
4 0.212492 0.875977 0.058335 0.111328
4 0.144157 0.901367 0.068335 0.060547
1 0.024987 0.893555 0.040001 0.080078
4 0.064155 0.899414 0.058335 0.068359
1 0.454999 0.898438 0.113336 0.054688
