1 0.731673 0.125000 0.056668 0.117188
1 0.479166 0.837891 0.141671 0.066406
1 0.655004 0.958008 0.130004 0.080078
1 0.852510 0.750977 0.105003 0.099609
1 0.360829 0.921875 0.118337 0.136719
1 0.324162 0.612305 0.101669 0.130859
1 0.207492 0.551758 0.105003 0.099609
1 0.353329 0.162109 0.066669 0.121094
1 0.527501 0.282227 0.088336 0.115234
4 0.570002 0.561523 0.100003 0.123047
4 0.109156 0.640625 0.108336 0.125000
4 0.705839 0.747070 0.111670 0.138672
4 0.592503 0.682617 0.098336 0.115234
4 0.281661 0.751953 0.093336 0.113281
4 0.304161 0.401367 0.095003 0.107422
4 0.095822 0.953125 0.101669 0.082031
4 0.113323 0.836914 0.100003 0.130859
4 0.840009 0.355469 0.113336 0.132813
4 0.534168 0.155273 0.095003 0.119141
4 0.139157 0.487305 0.081669 0.158203
4 0.068321 0.447266 0.070002 0.148438
4 0.180825 0.182617 0.095003 0.169922
4 0.242493 0.207031 0.088336 0.132813
4 0.675838 0.416016 0.078335 0.113281
4 0.822509 0.528320 0.091669 0.115234
4 0.881677 0.631836 0.096669 0.115234
4 0.880844 0.211914 0.111670 0.146484
4 0.792508 0.152344 0.075002 0.144531
4 0.900844 0.113281 0.091669 0.093750
4 0.635004 0.104492 0.086669 0.076172
4 0.449999 0.243164 0.090002 0.107422
4 0.412498 0.154297 0.078335 0.074219
4 0.142490 0.138672 0.101669 0.140625
4 0.025820 0.360352 0.041668 0.103516
4 0.189991 0.870117 0.070002 0.095703
4 0.519167 0.932617 0.098336 0.087891
4 0.316662 0.251953 0.090002 0.101563
4 0.782508 0.433594 0.101669 0.109375
4 0.923345 0.433594 0.050001 0.128906
4 0.885011 0.847656 0.086669 0.105469
4 0.840009 0.952148 0.173338 0.080078
4 0.576669 0.876953 0.080002 0.093750
