1 0.613336 0.086914 0.113336 0.130859
3 0.833343 0.295898 0.096669 0.146484
1 0.828342 0.438477 0.093336 0.107422
1 0.532501 0.413086 0.105003 0.150391
1 0.135823 0.480469 0.111670 0.105469
1 0.159157 0.630859 0.125003 0.125000
1 0.916678 0.735352 0.063335 0.099609
4 0.244160 0.082031 0.095003 0.109375
4 0.790841 0.658203 0.115003 0.121094
4 0.595003 0.641602 0.086669 0.099609
4 0.065821 0.719727 0.091669 0.103516
4 0.526667 0.821289 0.116670 0.119141
4 0.186658 0.881836 0.100003 0.103516
3 0.345829 0.587891 0.101669 0.113281
3 0.439998 0.051758 0.103336 0.080078
4 0.526667 0.573242 0.120003 0.115234
4 0.749174 0.292969 0.105003 0.105469
4 0.858343 0.093750 0.080002 0.105469
4 0.815842 0.175781 0.095003 0.093750
4 0.718339 0.062500 0.063335 0.085938
4 0.361663 0.089844 0.080002 0.109375
4 0.075822 0.039063 0.101669 0.078125
4 0.265827 0.320313 0.115003 0.113281
4 0.325829 0.172852 0.075002 0.087891
4 0.809175 0.053711 0.088336 0.107422
4 0.880844 0.270508 0.088336 0.107422
4 0.892511 0.498047 0.091669 0.121094
4 0.775008 0.495117 0.106670 0.099609
4 0.727506 0.392578 0.071669 0.082031
4 0.656671 0.386719 0.070002 0.109375
4 0.590836 0.427734 0.068335 0.082031
4 0.346662 0.483398 0.090002 0.099609
4 0.276661 0.421875 0.070002 0.117188
4 0.085822 0.421875 0.078335 0.105469
4 0.047488 0.356445 0.068335 0.091797
4 0.058321 0.574219 0.070002 0.082031
4 0.640837 0.824219 0.091669 0.089844
4 0.906678 0.823242 0.073335 0.087891
4 0.058321 0.879883 0.083336 0.095703
4 0.028320 0.508789 0.050001 0.111328
