4 0.514167 0.711914 0.085002 0.107422
4 0.466666 0.512695 0.103336 0.119141
4 0.524167 0.399414 0.085002 0.099609
4 0.625003 0.445313 0.076669 0.113281
4 0.315828 0.683594 0.101669 0.109375
4 0.300828 0.800781 0.131670 0.117188
4 0.117489 0.853516 0.091669 0.085938
4 0.198325 0.938477 0.096669 0.111328
4 0.369996 0.947266 0.136670 0.105468
4 0.835009 0.709961 0.103336 0.087891
4 0.855010 0.607422 0.090002 0.082031
4 0.747507 0.612305 0.078335 0.087891
4 0.941679 0.135742 0.090002 0.138672
4 0.837509 0.143555 0.081669 0.130859
4 0.731673 0.147461 0.090002 0.091797
4 0.669171 0.203125 0.085002 0.093750
4 0.715839 0.298828 0.131670 0.078125
4 0.616670 0.271484 0.100003 0.113281
4 0.535834 0.160156 0.068335 0.085938
3 0.408331 0.133789 0.136670 0.107422
4 0.360829 0.222656 0.075002 0.089844
4 0.960839 0.686523 0.078322 0.103516
4 0.969173 0.886719 0.061654 0.101563
4 0.516667 0.809570 0.130004 0.134766
4 0.448332 0.727539 0.093336 0.146484
4 0.527501 0.978516 0.105003 0.042968
4 0.263327 0.383789 0.073335 0.126953
4 0.360829 0.331055 0.071669 0.083984
4 0.378330 0.405273 0.076669 0.064453
4 0.154990 0.491211 0.076669 0.103516
4 0.092489 0.414063 0.061668 0.128906
4 0.076655 0.287109 0.040001 0.113281
4 0.067488 0.129883 0.035001 0.099609
