1 0.319995 0.224609 0.113336 0.144531
1 0.196658 0.638672 0.156671 0.066406
3 0.239159 0.290039 0.091669 0.142578
3 0.131656 0.936523 0.120003 0.099609
1 0.615837 0.234375 0.125003 0.101563
4 0.505000 0.385742 0.093336 0.076172
4 0.407497 0.394531 0.085002 0.125000
4 0.468332 0.295898 0.096669 0.095703
4 0.502500 0.161133 0.108336 0.134766
4 0.383330 0.160156 0.096669 0.085938
4 0.313328 0.100586 0.116670 0.072266
4 0.154990 0.126953 0.100003 0.113281
4 0.204992 0.191406 0.093336 0.113281
4 0.124156 0.254883 0.098336 0.095703
4 0.073322 0.326172 0.040001 0.109375
4 0.097489 0.456055 0.085002 0.087891
4 0.115823 0.555664 0.098336 0.103516
3 0.249993 0.402344 0.110003 0.136719
4 0.239159 0.472656 0.081669 0.078125
4 0.568335 0.311523 0.086669 0.103516
4 0.781674 0.125000 0.076669 0.105469
4 0.730840 0.223633 0.091669 0.095703
4 0.867510 0.184570 0.088336 0.107422
4 0.873344 0.081055 0.070002 0.041016
4 0.770007 0.083008 0.110003 0.033203
4 0.958346 0.136719 0.076669 0.152344
4 0.943346 0.336914 0.093336 0.111328
4 0.842509 0.353516 0.088336 0.105469
4 0.883344 0.432617 0.106670 0.080078
4 0.840843 0.554688 0.101669 0.105469
4 0.862510 0.601563 0.078335 0.085938
4 0.955013 0.682617 0.080002 0.091797
4 0.912511 0.713867 0.085002 0.099609
4 0.924178 0.816406 0.091669 0.117188
4 0.840009 0.914063 0.080002 0.089844
4 0.760841 0.874023 0.081669 0.103516
4 0.772508 0.756836 0.095003 0.107422
4 0.716673 0.642578 0.096669 0.113281
4 0.684172 0.489258 0.091669 0.107422
4 0.626670 0.408203 0.086669 0.101563
4 0.535001 0.497070 0.086669 0.111328
4 0.447499 0.531250 0.088336 0.125000
4 0.360829 0.502930 0.091669 0.126953
4 0.314995 0.604492 0.080002 0.107422
4 0.442498 0.671875 0.111670 0.121094
4 0.550001 0.692383 0.093336 0.119141
4 0.645004 0.723633 0.100003 0.099609
4 0.595003 0.579102 0.070002 0.103516
4 0.254993 0.690430 0.093336 0.076172
4 0.192492 0.770508 0.081669 0.103516
4 0.102489 0.833008 0.095003 0.107422
4 0.319162 0.763672 0.091669 0.093750
4 0.199992 0.866211 0.096669 0.091797
4 0.214992 0.938477 0.100003 0.095703
4 0.321662 0.923828 0.086669 0.089844
4 0.299994 0.870117 0.090002 0.083984
4 0.492500 0.801758 0.125003 0.126953
4 0.443332 0.848633 0.066669 0.087891
4 0.587502 0.908203 0.105003 0.125000
4 0.639171 0.944336 0.098336 0.095703
4 0.474166 0.952148 0.085002 0.091797
4 0.382497 0.968750 0.075002 0.058594