3 0.484166 0.540039 0.121670 0.091797
1 0.328329 0.624023 0.136670 0.060547
1 0.565835 0.863281 0.085002 0.125000
4 0.454999 0.057617 0.093336 0.095703
4 0.347496 0.112305 0.098336 0.111328
4 0.294161 0.041992 0.111670 0.076172
4 0.837509 0.038086 0.091669 0.076172
4 0.716673 0.174805 0.093336 0.095703
4 0.645837 0.229492 0.098336 0.111328
4 0.444998 0.387695 0.100003 0.087891
4 0.599169 0.413086 0.081669 0.107422
4 0.727506 0.437500 0.095003 0.117188
4 0.860010 0.311523 0.100003 0.111328
4 0.897511 0.421875 0.098336 0.101563
4 0.214159 0.355469 0.115003 0.074219
4 0.146657 0.117188 0.076669 0.097656
4 0.026654 0.088867 0.046668 0.111328
4 0.079155 0.271484 0.088336 0.125000
4 0.085822 0.395508 0.085002 0.083984
4 0.069988 0.501953 0.090002 0.105469
4 0.161657 0.534180 0.096669 0.111328
4 0.021653 0.583984 0.033334 0.121094
4 0.109156 0.694336 0.088336 0.099609
4 0.215825 0.678711 0.085002 0.119141
4 0.224159 0.800781 0.105003 0.109375
4 0.280827 0.877930 0.091669 0.095703
4 0.379163 0.838867 0.091669 0.103516
4 0.448332 0.900391 0.076669 0.058594
4 0.537501 0.743164 0.095003 0.095703
4 0.475833 0.695313 0.095003 0.097656
4 0.547501 0.615234 0.075002 0.101563
4 0.399164 0.487305 0.088336 0.099609
4 0.645837 0.598633 0.091669 0.087891
4 0.759174 0.667969 0.098336 0.109375
4 0.759174 0.555664 0.115003 0.083984
4 0.786675 0.585938 0.100003 0.085938
4 0.801675 0.661133 0.070002 0.076172
4 0.899178 0.708008 0.081669 0.103516
4 0.835009 0.791992 0.080002 0.091797
4 0.762507 0.777344 0.095003 0.093750
4 0.911678 0.890625 0.076669 0.082031
4 0.936679 0.281250 0.020001 0.082031
4 0.125823 0.920898 0.071669 0.029297
4 0.800842 0.923828 0.061668 0.023438