4 0.339996 0.495117 0.090002 0.130859
4 0.833343 0.099609 0.100003 0.121094
4 0.373330 0.164063 0.093336 0.101563
4 0.261660 0.226563 0.113336 0.128906
4 0.327495 0.329102 0.095003 0.123047
4 0.529167 0.380859 0.101669 0.117188
4 0.520001 0.064453 0.100003 0.121094
4 0.624170 0.109375 0.091669 0.121094
4 0.811675 0.665039 0.096669 0.123047
4 0.877510 0.312500 0.091669 0.101563
4 0.106656 0.417969 0.086669 0.125000
3 0.671671 0.054688 0.113336 0.101563
3 0.050821 0.048828 0.091669 0.097656
4 0.134990 0.134766 0.083336 0.117188
4 0.825009 0.856445 0.103336 0.107422
4 0.700839 0.711914 0.135004 0.080078
4 0.710839 0.451172 0.105003 0.175781
4 0.630837 0.495117 0.091669 0.103516
4 0.618337 0.392578 0.100003 0.105469
4 0.812509 0.407227 0.098336 0.103516
4 0.831676 0.524414 0.096669 0.099609
4 0.903344 0.661133 0.086669 0.087891
4 0.894178 0.775391 0.101669 0.089844
4 0.164991 0.309570 0.093336 0.107422
4 0.048321 0.507813 0.086669 0.101563
4 0.044154 0.325195 0.085002 0.099609
4 0.024154 0.391602 0.045001 0.099609
4 0.040821 0.208008 0.075002 0.123047
