4 0.418331 0.644531 0.113336 0.125000
4 0.615837 0.773438 0.105003 0.125000
4 0.606670 0.909180 0.113336 0.130859
4 0.705006 0.666992 0.100003 0.142578
4 0.795008 0.710938 0.100003 0.144531
4 0.939179 0.708984 0.091669 0.117188
4 0.885011 0.932617 0.100003 0.126953
4 0.965846 0.913086 0.061668 0.123047
4 0.179158 0.505859 0.111670 0.113281
4 0.407497 0.374023 0.095003 0.103516
4 0.885011 0.223633 0.113336 0.126953
1 0.875844 0.394531 0.101669 0.136719
1 0.143323 0.085938 0.046668 0.050781
1 0.085822 0.148438 0.061668 0.101563
1 0.244993 0.333008 0.116670 0.119141
1 0.660838 0.202148 0.121670 0.076172
1 0.950006 0.113281 0.099988 0.097656
4 0.860010 0.573242 0.083336 0.099609
4 0.805842 0.496094 0.101669 0.105469
4 0.751674 0.228516 0.080002 0.117188
4 0.778341 0.087891 0.083336 0.050781
3 0.334162 0.837891 0.115003 0.117188
3 0.264994 0.709961 0.083336 0.119141
3 0.286661 0.379883 0.110003 0.072266
3 0.970839 0.406250 0.058321 0.113281
4 0.975846 0.601563 0.038334 0.132813
4 0.638337 0.491211 0.086669 0.095703
4 0.478333 0.478516 0.093336 0.089844
4 0.570835 0.374023 0.081669 0.095703
4 0.635837 0.349609 0.111670 0.132813
4 0.659171 0.283203 0.088336 0.109375
4 0.730006 0.352539 0.093336 0.154297
4 0.791675 0.401367 0.070002 0.076172
4 0.911678 0.350586 0.093336 0.123047
4 0.409164 0.247070 0.108336 0.126953
4 0.331662 0.161133 0.110003 0.115234
4 0.294161 0.247070 0.105003 0.091797
4 0.166657 0.296875 0.060002 0.113281
4 0.304995 0.458984 0.076669 0.109375
4 0.154990 0.614258 0.103336 0.103516
4 0.184158 0.712891 0.081669 0.085938
4 0.080822 0.615234 0.041668 0.117188
4 0.069155 0.236328 0.025001 0.117188
4 0.985013 0.262695 0.023334 0.099609
