4 0.625003 0.589844 0.093336 0.097656
4 0.855010 0.267578 0.093336 0.125000
4 0.212492 0.393555 0.095003 0.115234
4 0.088322 0.417969 0.066669 0.101563
4 0.110823 0.745117 0.088336 0.166016
1 0.423331 0.475586 0.150004 0.123047
1 0.498333 0.291016 0.120003 0.156250
4 0.759174 0.209961 0.111670 0.154297
4 0.937512 0.116211 0.091669 0.162109
4 0.921678 0.486328 0.096669 0.140625
4 0.954179 0.651367 0.081669 0.166016
4 0.921678 0.767578 0.096669 0.093750
1 0.922512 0.853516 0.125003 0.066406
4 0.905011 0.909180 0.110003 0.037109
4 0.660838 0.864258 0.081669 0.119141
4 0.569169 0.876953 0.088336 0.121094
4 0.372496 0.798828 0.125003 0.074219
4 0.495833 0.683594 0.071669 0.093750
4 0.321662 0.247070 0.083336 0.111328
4 0.651671 0.277344 0.106670 0.089844
4 0.577502 0.039063 0.105003 0.078125
4 0.300828 0.359375 0.065002 0.085938
4 0.478333 0.386719 0.136670 0.082031
4 0.176658 0.225586 0.083336 0.087891
4 0.129990 0.193359 0.120003 0.152344
1 0.185825 0.691406 0.101669 0.097656
4 0.430831 0.719727 0.088336 0.103516
4 0.479999 0.835938 0.090002 0.128906
4 0.430831 0.887695 0.118337 0.083984
4 0.114156 0.879883 0.098336 0.083984
4 0.269994 0.590820 0.080002 0.138672
4 0.359996 0.606445 0.103336 0.099609
4 0.402497 0.571289 0.085002 0.091797
4 0.333329 0.673828 0.076669 0.089844
4 0.804175 0.137695 0.078335 0.099609
4 0.970013 0.430664 0.056668 0.111328
4 0.536668 0.209961 0.076669 0.111328
