1 0.458332 0.819336 0.183338 0.103516
1 0.441665 0.255859 0.070002 0.140625
1 0.729173 0.437500 0.098336 0.105469
1 0.615003 0.775391 0.120003 0.093750
1 0.196658 0.906250 0.050001 0.058594
1 0.201658 0.069336 0.070002 0.126953
3 0.049154 0.126953 0.085002 0.101563
3 0.839176 0.261719 0.098336 0.121094
1 0.293328 0.155273 0.076669 0.142578
1 0.922512 0.165039 0.041668 0.064453
1 0.039161 0.787109 0.078322 0.042969
4 0.300828 0.574219 0.101669 0.121094
4 0.131656 0.674805 0.090002 0.126953
4 0.242493 0.836914 0.091669 0.103516
4 0.491666 0.426758 0.113336 0.130859
4 0.918345 0.435547 0.063335 0.117188
4 0.699172 0.819336 0.081669 0.091797
4 0.448332 0.750977 0.096669 0.076172
4 0.842509 0.608398 0.098336 0.107422
4 0.697505 0.612305 0.088336 0.095703
4 0.329995 0.853516 0.073335 0.113281
4 0.055821 0.882813 0.101669 0.074219
4 0.043321 0.718750 0.076669 0.082031
4 0.404164 0.348633 0.065002 0.083984
4 0.691672 0.051758 0.070002 0.080078
4 0.639171 0.118164 0.081669 0.099609
4 0.346662 0.092773 0.070002 0.091797
4 0.271660 0.044922 0.106670 0.085938
4 0.525001 0.208984 0.086669 0.109375
4 0.633337 0.351563 0.093336 0.093750
4 0.615003 0.502930 0.076669 0.095703
4 0.881677 0.765625 0.066669 0.089844
4 0.830009 0.882813 0.056668 0.109375
4 0.919178 0.891602 0.055002 0.080078
4 0.794175 0.773438 0.095003 0.089844
4 0.836676 0.512695 0.116670 0.103516
4 0.706672 0.206055 0.110003 0.107422
4 0.570835 0.027344 0.065002 0.050781
4 0.535001 0.295898 0.100003 0.091797
4 0.595836 0.394531 0.088336 0.113281
4 0.723339 0.514648 0.080002 0.083984
4 0.745840 0.319336 0.078335 0.091797
4 0.880844 0.020508 0.095003 0.037109
4 0.785841 0.413086 0.061668 0.083984
4 0.791675 0.225586 0.076669 0.103516
4 0.613336 0.235352 0.116670 0.111328
4 0.658338 0.464844 0.086669 0.117187
4 0.716673 0.742188 0.083336 0.117188
