1 0.179321 0.277264 0.149850 0.059150
1 0.624139 0.048059 0.108838 0.059150
4 0.138309 0.588725 0.105684 0.123845
4 0.059441 0.414048 0.017351 0.081331
4 0.061807 0.624769 0.015774 0.088725
4 0.072060 0.289279 0.039434 0.094270
4 0.134366 0.163586 0.091487 0.101664
4 0.296835 0.228281 0.097797 0.112754
4 0.223487 0.381701 0.111993 0.123845
4 0.314186 0.457486 0.085178 0.083179
4 0.227431 0.510166 0.091487 0.110906
4 0.271597 0.734750 0.104106 0.109057
4 0.128845 0.892791 0.108838 0.096118
4 0.255823 0.847505 0.110416 0.116451
4 0.393054 0.814233 0.075714 0.097967
4 0.370182 0.691312 0.105684 0.121996
4 0.355197 0.535120 0.063095 0.112754
4 0.309454 0.073013 0.091487 0.138632
4 0.402519 0.056377 0.107261 0.112754
4 0.542116 0.407579 0.105684 0.109057
4 0.547637 0.768022 0.107261 0.123845
4 0.712472 0.784658 0.105684 0.116451
4 0.813423 0.902957 0.083601 0.068392
4 0.905699 0.889094 0.085178 0.099815
4 0.904911 0.687616 0.096220 0.118299
4 0.703796 0.597043 0.104106 0.099815
4 0.884405 0.565619 0.099374 0.125693
4 0.974315 0.909427 0.042589 0.055453
4 0.852069 0.435305 0.110416 0.134935
4 0.747174 0.402033 0.089910 0.131238
4 0.594169 0.289279 0.089910 0.127542
4 0.695121 0.292052 0.096220 0.118299
4 0.847337 0.160813 0.113571 0.129390
4 0.663573 0.159889 0.149850 0.123845
4 0.732189 0.071165 0.091487 0.101664
4 0.980454 0.072089 0.039092 0.099815