1 0.258189 0.894640 0.124612 0.088725
3 0.875729 0.810536 0.091487 0.160813
3 0.190362 0.060998 0.067827 0.110906
3 0.209291 0.132163 0.077291 0.086876
4 0.025383 0.187616 0.050765 0.105360
4 0.101241 0.154344 0.097797 0.094270
4 0.418292 0.164510 0.113571 0.077634
4 0.508991 0.079482 0.099374 0.121996
4 0.659630 0.082255 0.091487 0.109057
4 0.669094 0.175601 0.100952 0.099815
4 0.875729 0.355823 0.107261 0.101664
3 0.913586 0.317930 0.069404 0.096118
4 0.848125 0.496303 0.115148 0.064695
4 0.919896 0.539741 0.056785 0.096118
4 0.651743 0.612754 0.116725 0.120148
4 0.636758 0.699630 0.178243 0.120148
4 0.455360 0.748614 0.067827 0.129390
4 0.452994 0.834566 0.082023 0.086876
4 0.376492 0.758780 0.083601 0.179298
4 0.149351 0.879852 0.089910 0.110906
4 0.052343 0.881701 0.100952 0.114603
4 0.644645 0.912200 0.089910 0.057301
4 0.730611 0.774492 0.097797 0.129390
4 0.788185 0.849353 0.070982 0.101664
4 0.780299 0.669131 0.093065 0.096118
4 0.857590 0.690388 0.093065 0.105360
4 0.531863 0.474122 0.091487 0.097967
4 0.573663 0.427911 0.070982 0.097967
4 0.344156 0.559150 0.078868 0.120148
4 0.292103 0.613678 0.078868 0.099815
4 0.184053 0.711645 0.089910 0.092421
4 0.226642 0.658965 0.083601 0.079482
4 0.027749 0.658965 0.055497 0.120148
4 0.025383 0.457486 0.050765 0.120148
4 0.041156 0.543438 0.082312 0.092421
4 0.092565 0.456562 0.080446 0.110906
4 0.117803 0.546211 0.077291 0.072089
4 0.098875 0.649723 0.130922 0.112754
4 0.215600 0.543438 0.083601 0.103512
4 0.219544 0.384473 0.107261 0.110906
4 0.144619 0.321627 0.102529 0.118299
4 0.204559 0.243993 0.077291 0.096118
4 0.441953 0.337338 0.094642 0.116451
4 0.475866 0.403882 0.115148 0.101664
4 0.619407 0.288355 0.089910 0.096118
4 0.593380 0.345656 0.085178 0.081331
4 0.487696 0.292052 0.104106 0.103512
4 0.937247 0.703327 0.022083 0.109057
4 0.859956 0.011091 0.075714 0.022181
4 0.352043 0.024954 0.129344 0.049908
4 0.277906 0.839187 0.078868 0.092421
4 0.473500 0.915896 0.097797 0.038817
4 0.082313 0.064695 0.154582 0.114603
4 0.774778 0.272643 0.170356 0.168207
4 0.850491 0.436229 0.094642 0.066543