1 0.662504 0.149414 0.161671 0.060547
1 0.845843 0.353516 0.151671 0.089844
1 0.657504 0.207031 0.118337 0.074219
1 0.434165 0.051758 0.105003 0.103516
1 0.479999 0.516602 0.140004 0.119141
3 0.656671 0.664063 0.120003 0.101563
3 0.306661 0.665039 0.120003 0.091797
3 0.734173 0.606445 0.085002 0.095703
3 0.090822 0.876953 0.108336 0.105469
1 0.214159 0.364258 0.145004 0.044922
4 0.139990 0.504883 0.090002 0.095703
4 0.129156 0.393555 0.095003 0.099609
4 0.049988 0.276367 0.083336 0.099609
4 0.056654 0.061523 0.090002 0.103516
4 0.149157 0.122070 0.085002 0.103516
4 0.252493 0.172852 0.111670 0.099609
4 0.251660 0.052734 0.123337 0.105468
4 0.469999 0.160156 0.093336 0.101563
4 0.514167 0.036133 0.098336 0.056641
4 0.646671 0.040039 0.113336 0.080078
4 0.599169 0.092773 0.098336 0.083984
4 0.870010 0.044922 0.086669 0.074219
4 0.863343 0.134766 0.103336 0.097656
4 0.746673 0.271484 0.096669 0.113281
4 0.673338 0.392578 0.100003 0.125000
4 0.540001 0.212891 0.126670 0.121094
4 0.388330 0.352539 0.103336 0.126953
4 0.182491 0.250977 0.115003 0.134766
4 0.083322 0.500977 0.073335 0.107422
4 0.043321 0.601563 0.080002 0.105469
4 0.193325 0.602539 0.066669 0.080078
4 0.146657 0.692383 0.110003 0.134766
4 0.099989 0.728516 0.110003 0.093750
4 0.235826 0.819336 0.078335 0.107422
4 0.319162 0.494141 0.088336 0.066406
4 0.380830 0.550781 0.071669 0.054688
4 0.545001 0.607422 0.096669 0.117188
4 0.531668 0.704102 0.130004 0.064453
4 0.525001 0.800781 0.086669 0.105469
4 0.479166 0.881836 0.055002 0.095703
1 0.554168 0.892578 0.075002 0.085938
4 0.895011 0.858398 0.100003 0.142578
4 0.836676 0.722656 0.126670 0.121094
4 0.813342 0.498047 0.116670 0.097656
4 0.755007 0.399414 0.086669 0.103516
