4 0.095822 0.372070 0.098336 0.123047
4 0.173324 0.493164 0.113336 0.130859
4 0.760007 0.801758 0.100003 0.134766
4 0.857510 0.284180 0.095003 0.123047
4 0.911678 0.657227 0.076669 0.126953
4 0.651671 0.409180 0.106670 0.091797
3 0.533334 0.717773 0.136670 0.060547
1 0.309995 0.751953 0.090002 0.117188
1 0.920012 0.335938 0.050001 0.085938
1 0.823342 0.049805 0.140004 0.099609
3 0.289994 0.046875 0.060002 0.093750
4 0.433331 0.339844 0.076669 0.093750
4 0.518334 0.381836 0.093336 0.119141
4 0.635004 0.176758 0.120003 0.142578
4 0.756674 0.570313 0.083336 0.089844
4 0.536668 0.549805 0.080002 0.083984
4 0.299994 0.213867 0.090002 0.087891
4 0.171658 0.096680 0.103336 0.169922
4 0.269994 0.125977 0.110003 0.134766
4 0.332495 0.135742 0.078335 0.083984
4 0.426665 0.136719 0.096669 0.156250
4 0.509167 0.052734 0.101669 0.105468
4 0.345829 0.026367 0.071669 0.052734
4 0.434165 0.042969 0.081669 0.074219
4 0.851676 0.169922 0.153338 0.105469
4 0.906678 0.092773 0.076669 0.107422
4 0.723339 0.234375 0.116670 0.164063
4 0.626670 0.498047 0.116670 0.093750
4 0.667505 0.592773 0.095003 0.130859
4 0.585836 0.622070 0.081669 0.091797
4 0.034154 0.704102 0.051668 0.103516
4 0.019987 0.423828 0.036668 0.089844
4 0.158324 0.909180 0.086669 0.048828
4 0.408331 0.910156 0.076669 0.042969
4 0.490000 0.884766 0.080002 0.082031
4 0.575002 0.857422 0.073335 0.078125
4 0.444998 0.802734 0.070002 0.085938
4 0.748340 0.905273 0.106670 0.052734
4 0.552501 0.793945 0.115003 0.103516
