1 0.114989 0.158203 0.143337 0.074219
3 0.656671 0.428711 0.106670 0.091797
3 0.118323 0.532227 0.106670 0.115234
3 0.188325 0.215820 0.126670 0.056641
2 0.863343 0.617188 0.093336 0.109375
4 0.838343 0.723633 0.110003 0.103516
4 0.655838 0.544922 0.081669 0.089844
4 0.483333 0.411133 0.073335 0.111328
4 0.215825 0.431641 0.101669 0.109375
4 0.210825 0.310547 0.081669 0.089844
4 0.174991 0.610352 0.100003 0.099609
4 0.079988 0.300781 0.100003 0.101563
4 0.499167 0.208008 0.095003 0.087891
4 0.294994 0.229492 0.080002 0.123047
4 0.680005 0.894531 0.083336 0.070313
4 0.851676 0.095703 0.076669 0.113281
2 0.586669 0.077148 0.100003 0.087891
4 0.628337 0.182617 0.106670 0.130859
4 0.489166 0.525391 0.088336 0.105469
4 0.685838 0.348633 0.091669 0.095703
4 0.606670 0.306641 0.086669 0.078125
4 0.738340 0.275391 0.116670 0.125000
4 0.869177 0.258789 0.091669 0.080078
4 0.885844 0.378906 0.091669 0.105469
4 0.705839 0.769531 0.081669 0.109375
4 0.612503 0.733398 0.075002 0.111328
4 0.506667 0.684570 0.070002 0.072266
4 0.545835 0.809570 0.148337 0.068359
4 0.542501 0.896484 0.098336 0.078125
4 0.474166 0.754883 0.081669 0.107422
4 0.313328 0.846680 0.106670 0.072266
3 0.242493 0.918945 0.128337 0.041016
4 0.907511 0.857422 0.065002 0.113281
4 0.795008 0.833008 0.070002 0.091797
4 0.560002 0.487305 0.100003 0.099609
