1 0.712506 0.455078 0.148337 0.058594
1 0.795842 0.501953 0.145004 0.156250
4 0.790841 0.510742 0.095003 0.076172
3 0.092489 0.487305 0.078335 0.080078
3 0.468332 0.487305 0.110003 0.103516
3 0.581669 0.181641 0.086669 0.109375
3 0.590002 0.933594 0.100003 0.109375
3 0.449999 0.908203 0.103336 0.089844
3 0.705839 0.944336 0.105003 0.080078
3 0.174991 0.577148 0.116670 0.083984
3 0.172491 0.463867 0.065002 0.146484
3 0.910011 0.893555 0.120003 0.072266
4 0.722506 0.264648 0.108336 0.146484
4 0.881677 0.307617 0.093336 0.119141
4 0.920845 0.126953 0.088336 0.105469
4 0.620837 0.109375 0.068335 0.085938
4 0.670005 0.100586 0.083336 0.064453
4 0.444165 0.098633 0.101669 0.064453
4 0.349163 0.151367 0.068335 0.134766
4 0.199158 0.127930 0.081669 0.099609
4 0.152490 0.181641 0.085002 0.105469
4 0.122490 0.308594 0.088336 0.097656
4 0.226659 0.318359 0.086669 0.097656
4 0.364163 0.469727 0.091669 0.115234
4 0.299161 0.558594 0.088336 0.125000
4 0.100822 0.563477 0.091669 0.087891
4 0.106656 0.683594 0.086669 0.093750
4 0.086655 0.759766 0.066669 0.117188
4 0.199992 0.680664 0.080002 0.091797
4 0.292494 0.703125 0.075002 0.109375
4 0.354163 0.655273 0.065002 0.130859
4 0.416664 0.627930 0.076669 0.126953
4 0.665838 0.776367 0.091669 0.111328
4 0.626670 0.522461 0.103336 0.076172
4 0.589169 0.446289 0.108336 0.095703
4 0.468332 0.205078 0.073335 0.136719
4 0.532501 0.220703 0.048335 0.082031
4 0.898344 0.554688 0.096669 0.093750
4 0.773341 0.663086 0.083336 0.111328
4 0.816675 0.766602 0.066669 0.095703
4 0.892511 0.684570 0.081669 0.095703
4 0.947512 0.651367 0.075002 0.099609
4 0.175824 0.803711 0.098336 0.087891
4 0.159991 0.865234 0.100003 0.093750
4 0.106656 0.943359 0.083336 0.085938
4 0.209992 0.950195 0.110003 0.099609
4 0.500833 0.972656 0.095003 0.054688
4 0.824176 0.927734 0.098336 0.097656
4 0.960006 0.948242 0.079988 0.095703
4 0.977506 0.795898 0.044987 0.083984
4 0.980840 0.570313 0.038320 0.062500
4 0.985006 0.728516 0.029987 0.097656