1 0.768341 0.414063 0.113336 0.140625
1 0.800008 0.805664 0.106670 0.166016
1 0.811675 0.665039 0.140004 0.115234
1 0.634170 0.641602 0.115003 0.095703
1 0.536668 0.391602 0.150004 0.083984
1 0.459166 0.096680 0.145004 0.056641
1 0.309995 0.111328 0.136670 0.062500
1 0.300828 0.320313 0.121670 0.093750
1 0.439998 0.520508 0.113336 0.087891
4 0.269994 0.598633 0.076669 0.146484
1 0.450832 0.636719 0.071669 0.128906
1 0.645004 0.540039 0.093336 0.111328
4 0.113323 0.779297 0.070002 0.132813
4 0.126656 0.610352 0.096669 0.107422
4 0.169158 0.373047 0.078335 0.132813
4 0.669171 0.199219 0.095003 0.136719
4 0.852510 0.199219 0.081669 0.105469
4 0.952512 0.589844 0.088336 0.140625
4 0.914178 0.670898 0.075002 0.095703
4 0.787508 0.581055 0.075002 0.076172
4 0.766674 0.512695 0.116670 0.083984
4 0.354996 0.949219 0.090002 0.093750
4 0.244160 0.952148 0.118337 0.083984
4 0.323328 0.695313 0.080002 0.097656
4 0.344162 0.458984 0.085002 0.113281
4 0.269994 0.409180 0.073335 0.119141
4 0.078322 0.285156 0.053335 0.097656
4 0.083322 0.375000 0.056668 0.062500
4 0.585836 0.812500 0.121670 0.062500
4 0.515000 0.787109 0.090002 0.093750
4 0.396664 0.609375 0.090002 0.097656
4 0.890844 0.848633 0.061668 0.130859
4 0.969180 0.818359 0.048335 0.109375
4 0.976680 0.938477 0.033334 0.099609
4 0.610003 0.737305 0.083336 0.080078
4 0.685005 0.484375 0.093336 0.070313
4 0.214159 0.527344 0.105003 0.109375
