1 0.322495 0.519531 0.141671 0.085938
1 0.889177 0.262695 0.121670 0.091797
1 0.645004 0.111328 0.126670 0.097656
1 0.708339 0.259766 0.070002 0.171875
1 0.475833 0.306641 0.131670 0.089844
1 0.295828 0.577148 0.138337 0.080078
1 0.690005 0.875977 0.116670 0.115234
3 0.141657 0.606445 0.126670 0.095703
4 0.166657 0.239258 0.090002 0.103516
4 0.463332 0.693359 0.083336 0.125000
4 0.559168 0.731445 0.105003 0.130859
4 0.543335 0.519531 0.093336 0.117188
4 0.169158 0.130859 0.078335 0.089844
4 0.442498 0.085938 0.078335 0.046875
4 0.018320 0.102539 0.030001 0.107422
4 0.094989 0.343750 0.136670 0.152344
4 0.157491 0.427734 0.101669 0.097656
4 0.244993 0.411133 0.073335 0.130859
4 0.144157 0.513672 0.095003 0.109375
4 0.447499 0.252930 0.091669 0.091797
4 0.454165 0.299805 0.168338 0.099609
4 0.439998 0.381836 0.080002 0.087891
4 0.515834 0.375977 0.078335 0.064453
4 0.613336 0.423828 0.103336 0.101563
4 0.614170 0.317383 0.095003 0.087891
4 0.624170 0.237305 0.115003 0.138672
4 0.790841 0.176758 0.071669 0.095703
4 0.819175 0.132813 0.045001 0.070313
4 0.737507 0.100586 0.091669 0.064453
4 0.890844 0.698242 0.098336 0.111328
4 0.204158 0.856445 0.105003 0.115234
4 0.143323 0.740234 0.096669 0.093750
4 0.057488 0.785156 0.085002 0.101563
4 0.354996 0.690430 0.103336 0.107422
4 0.019153 0.693359 0.035001 0.101563
4 0.021653 0.590820 0.040001 0.095703
4 0.020820 0.466797 0.031668 0.105469
4 0.364163 0.812500 0.095003 0.070313
4 0.889177 0.841797 0.085002 0.093750
4 0.904178 0.798828 0.085002 0.082031
4 0.575002 0.925781 0.096669 0.125000
4 0.409998 0.972656 0.116670 0.042969
4 0.685838 0.964844 0.088336 0.058594
4 0.898344 0.955078 0.090002 0.089844
4 0.635004 0.979492 0.063335 0.041016
4 0.070821 0.589844 0.061668 0.070313