1 0.070821 0.464844 0.138337 0.160156
3 0.849176 0.408203 0.088336 0.097656
3 0.742507 0.865234 0.131670 0.085937
4 0.731673 0.631836 0.100003 0.126953
4 0.835843 0.273438 0.095003 0.113281
4 0.261660 0.737305 0.106670 0.123047
4 0.433331 0.392578 0.093336 0.117188
4 0.121656 0.745117 0.100003 0.099609
4 0.545835 0.740234 0.095003 0.101563
4 0.188325 0.122070 0.106670 0.115234
4 0.021653 0.127930 0.040001 0.103516
4 0.042487 0.260742 0.078335 0.099609
4 0.505000 0.142578 0.063335 0.097656
4 0.660004 0.153320 0.103336 0.107422
4 0.520834 0.300781 0.091669 0.097656
4 0.685005 0.340820 0.086669 0.107422
4 0.747507 0.495117 0.088336 0.103516
4 0.542501 0.605469 0.098336 0.121094
4 0.393330 0.516602 0.096669 0.119141
4 0.438332 0.810547 0.113336 0.125000
4 0.136657 0.603516 0.100003 0.105469
4 0.428331 0.269531 0.113336 0.109375
4 0.068321 0.351563 0.093336 0.105469
4 0.014153 0.602539 0.025001 0.095703
4 0.431665 0.641602 0.080002 0.087891
4 0.453332 0.180664 0.076669 0.095703
4 0.043328 0.946289 0.086655 0.103516
4 0.579169 0.173828 0.075002 0.089844
4 0.359163 0.905273 0.085002 0.099609
4 0.124990 0.877930 0.083336 0.099609
4 0.174158 0.947266 0.098336 0.101563
4 0.729173 0.957031 0.101669 0.078125
4 0.628337 0.412109 0.113336 0.101563
4 0.867510 0.081055 0.088336 0.029297
4 0.875010 0.966797 0.110003 0.058594
