1 0.776674 0.631836 0.146671 0.115234
1 0.838343 0.678711 0.166671 0.064453
1 0.805008 0.344727 0.120003 0.087891
1 0.931679 0.188477 0.046668 0.166016
1 0.427498 0.253906 0.145004 0.074219
1 0.531668 0.431641 0.106670 0.132813
1 0.339162 0.784180 0.168338 0.099609
1 0.609170 0.903320 0.115003 0.103516
1 0.631670 0.829102 0.133337 0.052734
1 0.616670 0.783203 0.143337 0.062500
1 0.243326 0.698242 0.146671 0.107422
4 0.096656 0.364258 0.120003 0.119141
4 0.278327 0.545898 0.076669 0.111328
4 0.195825 0.257813 0.081669 0.105469
4 0.758340 0.166016 0.093336 0.121094
4 0.079988 0.658203 0.123337 0.140625
4 0.294161 0.942383 0.081669 0.103516
4 0.331662 0.322266 0.073335 0.125000
4 0.505833 0.136719 0.091669 0.105469
4 0.575835 0.110352 0.081669 0.080078
4 0.671671 0.140625 0.096669 0.125000
4 0.826676 0.232422 0.116670 0.101563
4 0.865843 0.178711 0.088336 0.091797
4 0.675005 0.341797 0.073335 0.121094
4 0.576669 0.511719 0.116670 0.093750
4 0.186658 0.490234 0.096669 0.117188
4 0.268327 0.353516 0.093336 0.117188
4 0.279994 0.163086 0.100003 0.072266
4 0.352496 0.130859 0.115003 0.082031
4 0.170824 0.107422 0.091669 0.085938
4 0.035821 0.095703 0.065002 0.058594
4 0.034154 0.495117 0.055002 0.091797
4 0.665838 0.682617 0.091669 0.119141
4 0.550835 0.710938 0.108336 0.109375
4 0.433331 0.632813 0.100003 0.089844
4 0.391664 0.678711 0.100003 0.099609
4 0.199992 0.807617 0.140004 0.064453
4 0.153324 0.725586 0.096669 0.099609
4 0.049988 0.750977 0.093336 0.107422
4 0.062488 0.863281 0.075002 0.128906
4 0.127490 0.966797 0.128337 0.050781
4 0.447499 0.864258 0.111670 0.091797
4 0.519167 0.927734 0.075002 0.117188
4 0.417498 0.398438 0.091669 0.085938
4 0.482500 0.308594 0.111670 0.078125
4 0.916678 0.631836 0.070002 0.126953
4 0.876677 0.952148 0.123337 0.091797
4 0.755840 0.968750 0.101669 0.058594
4 0.697505 0.940430 0.068335 0.083984
4 0.192492 0.588867 0.075002 0.095703
4 0.243326 0.088867 0.096669 0.056641
4 0.889177 0.101563 0.105003 0.070313
4 0.444998 0.952148 0.070002 0.076172
