1 0.675005 0.801758 0.070002 0.212891
1 0.790841 0.136719 0.138337 0.070313
1 0.394997 0.488281 0.110003 0.109375
1 0.373330 0.755859 0.153338 0.113281
1 0.372496 0.671875 0.155004 0.082031
1 0.113323 0.613281 0.100003 0.140625
1 0.549168 0.337891 0.041668 0.152344
1 0.951679 0.862305 0.086669 0.111328
3 0.791675 0.275391 0.106670 0.093750
4 0.934179 0.438477 0.105003 0.107422
4 0.961679 0.287109 0.066669 0.101563
4 0.926678 0.139648 0.086669 0.119141
4 0.692505 0.291016 0.085002 0.109375
4 0.592503 0.138672 0.095003 0.105469
4 0.596669 0.241211 0.070002 0.103516
4 0.600836 0.366211 0.075002 0.130859
4 0.345829 0.059570 0.095003 0.111328
4 0.224159 0.073242 0.141671 0.095703
4 0.287494 0.194336 0.098336 0.099609
4 0.264994 0.301758 0.100003 0.095703
4 0.114989 0.366211 0.100003 0.091797
4 0.186658 0.360352 0.086669 0.091797
4 0.306661 0.443359 0.133337 0.128906
4 0.239159 0.589844 0.075002 0.117188
4 0.364996 0.598633 0.113336 0.068359
4 0.570002 0.682617 0.090002 0.119141
4 0.666671 0.560547 0.120003 0.113281
4 0.484166 0.369141 0.098336 0.101563
4 0.398331 0.295898 0.106670 0.142578
4 0.485000 0.278320 0.093336 0.091797
4 0.434998 0.070313 0.080002 0.089844
4 0.393330 0.169922 0.100003 0.078125
4 0.110823 0.750000 0.081669 0.105469
4 0.436665 0.834961 0.120003 0.056641
4 0.757507 0.783203 0.075002 0.097656
4 0.720839 0.679688 0.088336 0.101563
4 0.817509 0.466797 0.075002 0.132813
4 0.802508 0.547852 0.105003 0.091797
4 0.705839 0.424805 0.078335 0.107422
4 0.932512 0.487305 0.085002 0.107422
4 0.831676 0.319336 0.086669 0.083984
4 0.748340 0.220703 0.096669 0.062500
4 0.742507 0.124023 0.075002 0.068359
4 0.805842 0.026367 0.148337 0.044922
4 0.621670 0.865234 0.113336 0.101563
4 0.511667 0.895508 0.060002 0.064453
4 0.745007 0.880859 0.113336 0.089844
