3 0.655686 0.885397 0.171933 0.099815
1 0.469557 0.647874 0.178243 0.068392
3 0.289737 0.230129 0.096220 0.060998
3 0.122535 0.398336 0.105684 0.123845
4 0.197461 0.973198 0.088333 0.053604
4 0.265287 0.916821 0.097797 0.110906
4 0.299201 0.980591 0.089910 0.038817
4 0.528708 0.966728 0.094642 0.066543
4 0.864688 0.983364 0.078868 0.033272
4 0.948288 0.960259 0.088333 0.079482
4 0.888348 0.810536 0.107261 0.146026
4 0.372549 0.785582 0.100952 0.107209
4 0.535806 0.731978 0.130922 0.110906
4 0.524765 0.828096 0.115148 0.110906
4 0.666728 0.731978 0.096220 0.114603
4 0.644645 0.514787 0.089910 0.086876
4 0.114649 0.582255 0.099374 0.110906
4 0.050765 0.640481 0.031547 0.086876
4 0.266076 0.517560 0.111993 0.129390
4 0.150139 0.512015 0.116725 0.125693
4 0.068116 0.261553 0.047321 0.112754
4 0.176955 0.152495 0.119880 0.090573
4 0.185630 0.078558 0.124612 0.046211
4 0.341790 0.180222 0.093065 0.090573
4 0.307088 0.368762 0.108838 0.101664
4 0.377281 0.444547 0.094642 0.083179
4 0.306299 0.299445 0.135654 0.103512
4 0.419870 0.340111 0.104106 0.125693
4 0.546848 0.317930 0.105684 0.125693
4 0.633603 0.228281 0.089910 0.097967
4 0.764525 0.226433 0.127767 0.075786
4 0.918318 0.234750 0.123035 0.118299
4 0.739287 0.653420 0.080446 0.094270
4 0.830774 0.691312 0.099374 0.099815
4 0.774778 0.578558 0.094642 0.118299
4 0.936458 0.529575 0.086755 0.109057
4 0.953020 0.624769 0.088333 0.107209
4 0.853646 0.411275 0.110416 0.116451
4 0.916741 0.348429 0.094642 0.075786
4 0.717992 0.137708 0.119880 0.109057
4 0.568931 0.079482 0.127767 0.044362
4 0.670671 0.087800 0.063095 0.068392
4 0.622562 0.939926 0.108838 0.090573