1 0.450832 0.403320 0.138337 0.146484
1 0.805842 0.370117 0.125003 0.181641
1 0.639171 0.361328 0.105003 0.152344
1 0.655004 0.451172 0.146671 0.066406
1 0.636670 0.496094 0.130004 0.062500
1 0.627504 0.227539 0.141671 0.111328
1 0.458332 0.110352 0.116670 0.087891
3 0.446665 0.241211 0.140004 0.099609
3 0.182491 0.274414 0.088336 0.119141
3 0.517500 0.505859 0.088336 0.128906
3 0.700839 0.194336 0.158338 0.076172
3 0.547501 0.750000 0.158338 0.117188
1 0.196658 0.714844 0.060002 0.183594
1 0.272494 0.945313 0.061668 0.101563
1 0.161657 0.918945 0.080002 0.154297
1 0.125823 0.503906 0.135004 0.121094
1 0.145824 0.689453 0.081669 0.140625
1 0.867510 0.839844 0.155004 0.121094
1 0.540001 0.255859 0.056668 0.175781
1 0.706672 0.349609 0.113336 0.093750
1 0.716673 0.278320 0.080002 0.177734
4 0.349163 0.152344 0.088336 0.117188
4 0.167491 0.178711 0.085002 0.087891
4 0.308328 0.444336 0.100003 0.091797
4 0.904178 0.207031 0.071669 0.089844
4 0.840009 0.098633 0.090002 0.064453
4 0.765841 0.140625 0.068335 0.105469
4 0.668338 0.111328 0.096669 0.085938
4 0.736673 0.764648 0.143337 0.103516
4 0.747507 0.520508 0.075002 0.107422
4 0.292494 0.202148 0.108336 0.138672
4 0.044154 0.780273 0.078335 0.119141
4 0.347496 0.948242 0.108336 0.095703
4 0.300828 0.677734 0.081669 0.089844
4 0.071655 0.225586 0.126670 0.126953
4 0.066655 0.149414 0.076669 0.103516
4 0.902511 0.306641 0.085002 0.132813
4 0.926678 0.445313 0.046668 0.128906
4 0.912511 0.577148 0.071669 0.123047
4 0.839176 0.614258 0.125003 0.130859
4 0.830842 0.483398 0.108336 0.107422
4 0.449165 0.828125 0.091669 0.109375
3 0.608336 0.875977 0.056668 0.134766
4 0.735006 0.946289 0.110003 0.091797
4 0.927512 0.948242 0.045001 0.060547
4 0.900011 0.916016 0.100003 0.097656
4 0.842509 0.895508 0.075002 0.119141
4 0.769174 0.865234 0.081669 0.160156
4 0.710006 0.842773 0.106670 0.126953
4 0.912511 0.732422 0.075002 0.109375
4 0.355829 0.322266 0.078335 0.164063
4 0.078322 0.640625 0.093336 0.136719
4 0.033320 0.534180 0.056668 0.115234
4 0.109156 0.875977 0.085002 0.134766
4 0.468332 0.323242 0.086669 0.107422
