1 0.740007 0.766602 0.183338 0.103516
1 0.422498 0.479492 0.158338 0.068359
1 0.356663 0.795898 0.140004 0.111328
3 0.530001 0.438477 0.110003 0.072266
4 0.849176 0.435547 0.085002 0.089844
4 0.826676 0.320313 0.073335 0.117188
4 0.735006 0.168945 0.103336 0.107422
4 0.709172 0.268555 0.095003 0.099609
4 0.601669 0.277344 0.090002 0.085938
4 0.557502 0.164063 0.071669 0.074219
4 0.493333 0.150391 0.066669 0.117188
4 0.412498 0.109375 0.081669 0.082031
4 0.392497 0.190430 0.105003 0.095703
4 0.333329 0.267578 0.090002 0.082031
4 0.305828 0.363281 0.081669 0.089844
4 0.495000 0.354492 0.076669 0.095703
4 0.149157 0.519531 0.068335 0.109375
4 0.232493 0.541992 0.115003 0.091797
4 0.225826 0.365234 0.065002 0.101563
4 0.114156 0.267578 0.095003 0.082031
4 0.161657 0.155273 0.080002 0.095703
4 0.264160 0.210938 0.078335 0.085938
4 0.244160 0.264648 0.095003 0.076172
4 0.052488 0.404297 0.101669 0.093750
4 0.069988 0.510742 0.130004 0.080078
4 0.076655 0.678711 0.080002 0.087891
4 0.052488 0.786133 0.095003 0.087891
4 0.087489 0.942383 0.098336 0.099609
4 0.290828 0.959961 0.075002 0.080078
4 0.459166 0.968750 0.088336 0.062500
4 0.571669 0.965820 0.083336 0.068359
4 0.679172 0.974609 0.085002 0.050781
4 0.557502 0.784180 0.091669 0.119141
4 0.480833 0.675781 0.098336 0.101563
4 0.383330 0.611328 0.066669 0.089844
4 0.314162 0.635742 0.068335 0.087891
4 0.250826 0.711914 0.111670 0.146484
4 0.164991 0.748047 0.096669 0.078125
4 0.366663 0.448242 0.070002 0.126953
4 0.652504 0.573242 0.108336 0.107422
4 0.549168 0.360352 0.108336 0.076172
4 0.755007 0.426758 0.066669 0.134766
4 0.824176 0.517578 0.095003 0.101563
4 0.808342 0.607422 0.106670 0.113281
4 0.727506 0.650391 0.071669 0.093750
4 0.858343 0.756836 0.103336 0.103516
4 0.896678 0.657227 0.080002 0.083984
4 0.922512 0.566406 0.061668 0.089844
4 0.690005 0.836914 0.106670 0.095703
4 0.531668 0.229492 0.093336 0.091797
