3 0.467191 0.290203 0.148273 0.066543
3 0.527131 0.705176 0.132499 0.079482
3 0.948118 0.680222 0.103764 0.051756
2 0.947329 0.846580 0.105342 0.129390
3 0.775566 0.710721 0.124612 0.079482
3 0.567354 0.097967 0.130922 0.066543
4 0.438798 0.977819 0.104106 0.044362
4 0.299990 0.973198 0.123035 0.049908
4 0.102030 0.909427 0.099374 0.118299
4 0.187208 0.897412 0.086755 0.134935
4 0.270808 0.906654 0.105684 0.090573
4 0.206925 0.813309 0.129344 0.110906
4 0.296835 0.801294 0.138809 0.131238
4 0.389900 0.729205 0.123035 0.116451
4 0.483753 0.824399 0.096220 0.103512
4 0.191151 0.701479 0.091487 0.105360
4 0.103607 0.718115 0.077291 0.112754
4 0.193517 0.558226 0.108838 0.162662
4 0.083890 0.617375 0.063095 0.103512
4 0.117015 0.500000 0.091487 0.127542
4 0.120958 0.196858 0.111993 0.090573
4 0.105184 0.097043 0.093065 0.068392
1 0.068905 0.373383 0.033125 0.092421
4 0.354409 0.370610 0.108838 0.109057
4 0.404885 0.528651 0.096220 0.103512
4 0.439587 0.638632 0.102529 0.116451
4 0.373337 0.233826 0.086755 0.101664
4 0.436432 0.208872 0.089910 0.107209
4 0.538961 0.233826 0.077291 0.120148
4 0.459304 0.120148 0.148273 0.085028
4 0.812635 0.091497 0.151427 0.060998
4 0.851280 0.164510 0.124612 0.133087
4 0.697487 0.362292 0.091487 0.110906
4 0.964680 0.284658 0.070640 0.140481
4 0.923050 0.369686 0.104106 0.110906
4 0.782665 0.462107 0.107261 0.088725
4 0.893080 0.447320 0.088333 0.096118
4 0.970989 0.491682 0.058021 0.114603
4 0.967835 0.606285 0.064330 0.092421
4 0.872575 0.622921 0.078868 0.121996
4 0.811846 0.624769 0.089910 0.133087
4 0.720358 0.588725 0.083601 0.094270
4 0.624928 0.605360 0.100952 0.097967
4 0.664362 0.713494 0.100952 0.125693
4 0.699064 0.926987 0.097797 0.120148
4 0.731400 0.801294 0.099374 0.094270
4 0.833929 0.824399 0.111993 0.114603
4 0.799227 0.936229 0.093065 0.094270
4 0.961525 0.956562 0.076950 0.083179
4 0.870997 0.978743 0.082023 0.042514
4 0.654898 0.109982 0.069404 0.053604