1 0.077488 0.321289 0.148337 0.068359
1 0.755840 0.123047 0.095003 0.109375
1 0.167491 0.717773 0.141671 0.080078
3 0.579169 0.513672 0.148337 0.054688
3 0.678338 0.272461 0.140004 0.076172
3 0.578335 0.167969 0.106670 0.074219
3 0.670005 0.070313 0.086669 0.128906
3 0.864177 0.189453 0.121670 0.085938
4 0.244993 0.070313 0.116670 0.128906
4 0.525001 0.043945 0.093336 0.080078
4 0.109989 0.111328 0.090002 0.132813
4 0.036654 0.156250 0.070002 0.125000
4 0.084155 0.259766 0.115003 0.085938
4 0.178324 0.213867 0.103336 0.099609
4 0.259160 0.334961 0.135004 0.134766
4 0.275827 0.341797 0.231673 0.156250
4 0.342496 0.238281 0.085002 0.093750
4 0.444165 0.262695 0.115003 0.189453
4 0.485833 0.345703 0.081669 0.152344
4 0.525834 0.344727 0.091669 0.115234
4 0.605003 0.383789 0.106670 0.111328
4 0.712506 0.375000 0.088336 0.093750
4 0.672505 0.425781 0.091669 0.089844
4 0.770841 0.237305 0.128337 0.103516
4 0.840009 0.111328 0.083336 0.093750
4 0.792508 0.038086 0.078335 0.068359
4 0.806675 0.346680 0.090002 0.095703
4 0.903344 0.341797 0.083336 0.125000
4 0.827509 0.445313 0.121670 0.117188
4 0.829176 0.574219 0.115003 0.128906
4 0.730840 0.530273 0.085002 0.111328
4 0.659171 0.591797 0.065002 0.109375
4 0.580002 0.494141 0.096669 0.121094
4 0.476666 0.503906 0.060002 0.128906
4 0.394997 0.479492 0.083336 0.103516
4 0.249993 0.454102 0.100003 0.099609
4 0.106656 0.516602 0.090002 0.119141
4 0.110823 0.602539 0.091669 0.095703
4 0.109989 0.677734 0.076669 0.097656
4 0.024154 0.492188 0.045001 0.105469
4 0.036654 0.615234 0.070002 0.140625
4 0.057488 0.761719 0.088336 0.105469
4 0.078322 0.877930 0.086669 0.099609
4 0.268327 0.673828 0.093336 0.113281
4 0.384163 0.681641 0.095003 0.136719
4 0.494167 0.625977 0.095003 0.103516
4 0.471666 0.768555 0.090002 0.103516
4 0.390830 0.862305 0.098336 0.095703
4 0.570835 0.816406 0.108336 0.132813
4 0.491666 0.894531 0.100003 0.078125
4 0.680005 0.830078 0.093336 0.121094
4 0.779174 0.885742 0.075002 0.083984
4 0.579169 0.915039 0.075002 0.044922
4 0.666671 0.916992 0.080002 0.033203
4 0.907511 0.677734 0.078335 0.113281
4 0.911678 0.805664 0.070002 0.123047