1 0.400831 0.337891 0.058335 0.164063
1 0.902511 0.200195 0.131670 0.111328
3 0.690839 0.360352 0.131670 0.060547
3 0.865010 0.464844 0.100003 0.105469
4 0.945012 0.300781 0.090002 0.097656
2 0.814175 0.753906 0.118337 0.117188
2 0.732506 0.841797 0.085002 0.128906
4 0.585836 0.709961 0.101669 0.099609
4 0.158324 0.213867 0.116670 0.115234
4 0.168324 0.326172 0.086669 0.093750
4 0.632504 0.231445 0.095003 0.130859
4 0.648337 0.788086 0.103336 0.119141
4 0.440832 0.844727 0.101669 0.123047
4 0.182491 0.852539 0.085002 0.103516
3 0.202492 0.807617 0.125003 0.068359
4 0.093322 0.352539 0.063335 0.111328
4 0.327495 0.096680 0.095003 0.091797
4 0.510834 0.148438 0.095003 0.105469
4 0.775008 0.080078 0.093336 0.093750
4 0.909178 0.109375 0.105003 0.097656
4 0.789175 0.177734 0.098336 0.105469
4 0.835009 0.250000 0.093336 0.128906
4 0.817509 0.355469 0.085002 0.082031
4 0.487500 0.357422 0.085002 0.109375
4 0.423331 0.118164 0.093336 0.146484
4 0.466666 0.035156 0.100003 0.062500
4 0.560835 0.054688 0.111670 0.078125
4 0.129990 0.039063 0.106670 0.070313
4 0.074155 0.119141 0.041668 0.113281
4 0.366663 0.482422 0.053335 0.062500
4 0.618337 0.417969 0.113336 0.125000
4 0.760007 0.439453 0.080002 0.109375
4 0.376663 0.661133 0.080002 0.087891
4 0.277494 0.725586 0.085002 0.115234
4 0.943346 0.780273 0.106670 0.138672
4 0.696672 0.675781 0.093336 0.105469
4 0.784175 0.529297 0.101669 0.097656
4 0.810009 0.603516 0.100003 0.101563
4 0.878344 0.663086 0.090002 0.099609
4 0.290828 0.883789 0.091669 0.095703
4 0.325829 0.839844 0.098336 0.097656
