1 0.139990 0.624023 0.136670 0.123047
1 0.389164 0.728516 0.121670 0.109375
1 0.739173 0.243164 0.171671 0.048828
1 0.920845 0.387695 0.055002 0.169922
1 0.464166 0.067383 0.138337 0.083984
1 0.871677 0.889648 0.110003 0.095703
3 0.640837 0.101563 0.115003 0.125000
4 0.164157 0.232422 0.105003 0.113281
4 0.281661 0.254883 0.103336 0.103516
4 0.325829 0.298828 0.095003 0.082031
4 0.446665 0.303711 0.090002 0.099609
4 0.384163 0.170898 0.068335 0.099609
4 0.347496 0.042969 0.091669 0.078125
4 0.307495 0.074219 0.091669 0.109375
4 0.084155 0.068359 0.058335 0.093750
4 0.066655 0.026367 0.023334 0.052734
4 0.226659 0.378906 0.103336 0.117188
4 0.326662 0.374023 0.080002 0.103516
4 0.471666 0.450195 0.086669 0.107422
4 0.625837 0.361328 0.091669 0.105469
4 0.636670 0.476563 0.103336 0.113281
4 0.755840 0.537109 0.101669 0.117188
4 0.960006 0.562500 0.079988 0.109375
4 0.978347 0.367188 0.036668 0.113281
4 0.951679 0.132813 0.090002 0.121094
4 0.963339 0.035156 0.073322 0.058594
4 0.855010 0.100586 0.110003 0.142578
4 0.785008 0.170898 0.086669 0.083984
4 0.856677 0.216797 0.110003 0.175781
4 0.833343 0.345703 0.076669 0.093750
4 0.716673 0.053711 0.066669 0.095703
4 0.513334 0.083008 0.103336 0.111328
4 0.070821 0.154297 0.031668 0.066406
4 0.073322 0.524414 0.036668 0.099609
4 0.122490 0.533203 0.071669 0.117188
4 0.289994 0.512695 0.106670 0.111328
4 0.433331 0.624023 0.086669 0.134766
4 0.576669 0.608398 0.110003 0.083984
4 0.701672 0.669922 0.103336 0.101563
4 0.512500 0.192383 0.061668 0.115234
4 0.570002 0.172852 0.076669 0.099609
4 0.601669 0.208984 0.070002 0.117188
4 0.973346 0.791016 0.046668 0.117188
4 0.893344 0.822266 0.100003 0.082031
4 0.801675 0.871094 0.093336 0.121094
4 0.695839 0.874023 0.088336 0.115234
4 0.548335 0.709961 0.103336 0.107422
4 0.507500 0.823242 0.091669 0.095703
4 0.607503 0.859375 0.081669 0.136719
4 0.528334 0.913086 0.093336 0.041016
4 0.266660 0.793945 0.080002 0.099609
4 0.085822 0.680664 0.061668 0.111328
4 0.090822 0.798828 0.068335 0.109375
4 0.185825 0.800781 0.075002 0.113281
4 0.196658 0.905273 0.093336 0.068359
4 0.985013 0.898438 0.023334 0.066406
4 0.978347 0.210938 0.030001 0.082031