1 0.625837 0.134766 0.061668 0.171875
1 0.109989 0.291992 0.110003 0.134766
1 0.119990 0.421875 0.150004 0.171875
1 0.273327 0.477539 0.086669 0.146484
1 0.229993 0.609375 0.140004 0.089844
1 0.217492 0.600586 0.145004 0.095703
1 0.179158 0.275391 0.101669 0.078125
1 0.341662 0.259766 0.106670 0.128906
4 0.762507 0.771484 0.105003 0.132813
4 0.535001 0.864258 0.100003 0.138672
4 0.219159 0.869141 0.111670 0.132813
4 0.030820 0.251953 0.051668 0.125000
3 0.769174 0.196289 0.071669 0.142578
4 0.430831 0.125000 0.081669 0.105469
4 0.680838 0.622070 0.098336 0.130859
4 0.869177 0.226563 0.061668 0.105469
4 0.532501 0.604492 0.068335 0.169922
4 0.473333 0.674805 0.063335 0.095703
4 0.443332 0.753906 0.086669 0.125000
4 0.407497 0.583008 0.081669 0.087891
4 0.276661 0.075195 0.090002 0.123047
4 0.159991 0.050781 0.083336 0.093750
4 0.279994 0.163086 0.090002 0.099609
4 0.194992 0.166016 0.076669 0.121094
4 0.550001 0.084961 0.120003 0.107422
4 0.386664 0.107422 0.086669 0.093750
4 0.495000 0.036133 0.090002 0.060547
4 0.690005 0.118164 0.103336 0.205078
4 0.850843 0.037109 0.098336 0.074218
4 0.692505 0.497070 0.105003 0.111328
4 0.753340 0.300781 0.096669 0.105469
4 0.859177 0.293945 0.108336 0.119141
4 0.342496 0.654297 0.068335 0.101563
4 0.127490 0.824219 0.065002 0.148438
4 0.356663 0.880859 0.066669 0.093750
4 0.673338 0.898438 0.066669 0.058594
4 0.795008 0.906250 0.090002 0.042969
4 0.866677 0.905273 0.063335 0.048828
4 0.916678 0.757813 0.056668 0.117188
4 0.908345 0.290039 0.076669 0.095703
4 0.759174 0.063477 0.078335 0.126953
4 0.247493 0.332031 0.095003 0.101563
4 0.039154 0.456055 0.065002 0.123047
4 0.069988 0.715820 0.060002 0.107422
4 0.020820 0.706055 0.035001 0.126953
4 0.072488 0.875000 0.085002 0.117188
4 0.600836 0.637695 0.088336 0.126953
4 0.730840 0.650391 0.105003 0.113281
4 0.251660 0.664063 0.103336 0.105469
4 0.116656 0.546875 0.103336 0.156250
4 0.200825 0.429688 0.078335 0.074219
4 0.409998 0.037109 0.070002 0.070313
4 0.362496 0.712891 0.088336 0.097656
