3 0.478232 0.698706 0.119880 0.118299
3 0.161970 0.129390 0.080446 0.133087
3 0.098875 0.869686 0.083601 0.105360
3 0.082313 0.140481 0.056785 0.125693
4 0.039579 0.220887 0.079158 0.075786
4 0.132788 0.246765 0.097797 0.097967
4 0.099664 0.364140 0.094642 0.110906
4 0.018284 0.409427 0.036568 0.075786
4 0.229008 0.128466 0.075714 0.120148
4 0.313397 0.180222 0.099374 0.123845
4 0.457726 0.103512 0.107261 0.081331
4 0.356775 0.075786 0.091487 0.033272
4 0.553946 0.126617 0.082023 0.086876
4 0.665939 0.184843 0.116725 0.066543
4 0.643856 0.176525 0.066250 0.149723
4 0.717204 0.085952 0.086755 0.046211
4 0.817367 0.084104 0.094642 0.038817
4 0.924628 0.076710 0.056785 0.042514
4 0.769257 0.229205 0.080446 0.099815
4 0.601267 0.363216 0.088333 0.109057
4 0.090199 0.579482 0.075714 0.105360
4 0.023805 0.782810 0.047610 0.112754
4 0.099664 0.713494 0.082023 0.125693
4 0.142253 0.768022 0.066250 0.094270
4 0.176955 0.629390 0.085178 0.112754
4 0.276329 0.536044 0.094642 0.103512
4 0.210868 0.513863 0.061517 0.088725
4 0.362296 0.614603 0.096220 0.109057
4 0.370182 0.727357 0.083601 0.109057
4 0.310242 0.959335 0.061517 0.070240
4 0.377281 0.964880 0.094642 0.059150
4 0.496372 0.892791 0.093065 0.099815
4 0.492429 0.854898 0.116725 0.101664
4 0.576818 0.731054 0.077291 0.112754
4 0.461670 0.604436 0.093065 0.107209
4 0.471134 0.498152 0.093065 0.105360
4 0.617041 0.471349 0.157737 0.121996
4 0.691177 0.352126 0.066250 0.101664
4 0.756638 0.382625 0.083601 0.129390
4 0.720358 0.580407 0.102529 0.136784
4 0.632814 0.600739 0.075714 0.088725
4 0.618618 0.703327 0.059940 0.109057
4 0.860744 0.408503 0.102529 0.107209
4 0.806325 0.681146 0.094642 0.094270
4 0.916741 0.692237 0.066250 0.097967
4 0.926994 0.809612 0.045744 0.103512
4 0.856801 0.755083 0.072559 0.101664
4 0.721936 0.743068 0.086755 0.107209
4 0.694332 0.799445 0.082023 0.097967
4 0.714049 0.893715 0.086755 0.109057
4 0.808691 0.894640 0.089910 0.103512
4 0.854435 0.950092 0.111993 0.088725
4 0.248725 0.924214 0.086755 0.096118
4 0.077580 0.982440 0.107261 0.035120
4 0.141464 0.829945 0.064672 0.085028
4 0.448262 0.741220 0.113571 0.092421
4 0.196672 0.203327 0.093065 0.088725