1 0.146657 0.636719 0.186672 0.074219
1 0.593336 0.633789 0.136670 0.087891
1 0.579169 0.348633 0.071669 0.177734
1 0.305828 0.254883 0.135004 0.068359
3 0.704172 0.445313 0.135004 0.070313
3 0.558335 0.126953 0.093336 0.105469
4 0.179158 0.393555 0.101669 0.099609
4 0.129990 0.327148 0.086669 0.095703
4 0.073322 0.269531 0.040001 0.089844
4 0.083322 0.142578 0.060002 0.113281
4 0.090822 0.414063 0.065002 0.093750
1 0.133323 0.538086 0.080002 0.083984
4 0.076655 0.522461 0.046668 0.087891
4 0.072488 0.592773 0.028334 0.076172
4 0.071655 0.714844 0.036668 0.074219
4 0.236659 0.695313 0.073335 0.097656
4 0.206659 0.528320 0.096669 0.123047
4 0.115823 0.248047 0.078335 0.132813
4 0.254993 0.327148 0.103336 0.072266
4 0.347496 0.346680 0.115003 0.087891
4 0.310828 0.377930 0.085002 0.080078
4 0.334995 0.405273 0.066669 0.111328
4 0.303328 0.534180 0.066669 0.080078
4 0.307495 0.483398 0.128337 0.134766
4 0.405831 0.442383 0.068335 0.115234
4 0.330829 0.217773 0.148337 0.068359
4 0.359163 0.196289 0.078335 0.064453
4 0.349163 0.117188 0.105003 0.085938
4 0.557502 0.224609 0.088336 0.097656
4 0.453332 0.251953 0.090002 0.082031
4 0.444165 0.330078 0.081669 0.074219
4 0.464166 0.077148 0.081669 0.029297
4 0.505833 0.110352 0.085002 0.107422
4 0.646671 0.089844 0.143337 0.054688
4 0.772508 0.087891 0.078335 0.046875
4 0.900844 0.104492 0.085002 0.080078
4 0.970013 0.111328 0.050001 0.089844
4 0.840009 0.250000 0.096669 0.101563
4 0.968346 0.460938 0.053335 0.093750
4 0.932512 0.445313 0.091669 0.105469
4 0.904178 0.379883 0.051668 0.048828
4 0.627504 0.353516 0.081669 0.125000
4 0.538334 0.499023 0.106670 0.087891
4 0.640004 0.534180 0.083336 0.091797
4 0.779174 0.547852 0.115003 0.166016
4 0.684172 0.613281 0.081669 0.093750
4 0.747507 0.667969 0.078335 0.074219
4 0.748340 0.734375 0.093336 0.105469
4 0.974173 0.591797 0.051654 0.089844
4 0.978347 0.694336 0.040001 0.095703
4 0.948346 0.645508 0.070002 0.052734
4 0.936679 0.580078 0.076669 0.078125
4 0.862510 0.622070 0.101669 0.091797
4 0.882511 0.749023 0.091669 0.076172
4 0.480833 0.603516 0.088336 0.113281
4 0.418331 0.660156 0.080002 0.105469
4 0.328329 0.668945 0.080002 0.103516
4 0.341662 0.838867 0.086669 0.111328
4 0.284161 0.937500 0.091669 0.105469
4 0.444998 0.813477 0.096669 0.111328
4 0.360829 0.958008 0.078335 0.076172
4 0.444998 0.973633 0.083336 0.052734
4 0.497500 0.961914 0.091669 0.076172
4 0.584169 0.718750 0.091669 0.082031
4 0.615837 0.807617 0.091669 0.103516
4 0.703339 0.842773 0.093336 0.095703
4 0.785841 0.913086 0.095003 0.138672
4 0.867510 0.958984 0.091669 0.082031
4 0.965013 0.945313 0.066669 0.066406