4 0.517500 0.727539 0.091669 0.107422
4 0.619170 0.512695 0.115003 0.123047
4 0.645837 0.397461 0.118337 0.091797
4 0.721673 0.278320 0.090002 0.103516
4 0.900844 0.260742 0.095003 0.099609
4 0.740007 0.768555 0.100003 0.119141
4 0.695839 0.953125 0.108336 0.089844
4 0.203325 0.400391 0.090002 0.113281
4 0.404164 0.126953 0.101669 0.113281
3 0.490000 0.482422 0.060002 0.144531
1 0.732506 0.562500 0.138337 0.058594
1 0.258327 0.851563 0.086669 0.152344
1 0.299161 0.614258 0.118337 0.103516
4 0.565835 0.250000 0.091669 0.093750
4 0.494167 0.322266 0.081669 0.117188
4 0.287494 0.723633 0.091669 0.111328
4 0.369163 0.893555 0.098336 0.099609
4 0.900844 0.688477 0.095003 0.103516
4 0.923345 0.467773 0.050001 0.080078
4 0.769174 0.629883 0.105003 0.095703
4 0.253327 0.181641 0.160004 0.105469
4 0.233326 0.237305 0.080002 0.068359
4 0.194158 0.168945 0.091669 0.072266
4 0.233326 0.095703 0.106670 0.054688
4 0.194992 0.575195 0.090002 0.080078
4 0.147490 0.654297 0.085002 0.097656
4 0.093322 0.827148 0.070002 0.091797
4 0.078322 0.930664 0.110003 0.130859
4 0.150824 0.743164 0.115003 0.072266
4 0.173324 0.815430 0.090002 0.091797
4 0.151657 0.888672 0.086669 0.097656
4 0.410831 0.960938 0.125003 0.058594
4 0.292494 0.970703 0.105003 0.039063
4 0.156657 0.963867 0.103336 0.052734
