1 0.845843 0.361328 0.061668 0.195313
1 0.942512 0.481445 0.075002 0.162109
3 0.340829 0.662109 0.108336 0.128906
3 0.316662 0.763672 0.096669 0.136719
3 0.379163 0.848633 0.101669 0.130859
3 0.112489 0.264648 0.045001 0.142578
4 0.161657 0.567383 0.090002 0.107422
4 0.420831 0.388672 0.131670 0.160156
4 0.535001 0.372070 0.080002 0.126953
4 0.453332 0.555664 0.086669 0.119141
4 0.306661 0.541016 0.086669 0.078125
4 0.177491 0.411133 0.085002 0.107422
4 0.190825 0.222656 0.091669 0.105469
4 0.169158 0.085938 0.061668 0.085938
4 0.262493 0.131836 0.065002 0.099609
4 0.329162 0.224609 0.088336 0.058594
4 0.254993 0.313477 0.070002 0.115234
4 0.269994 0.442383 0.120003 0.103516
4 0.333329 0.357422 0.093336 0.132813
4 0.615003 0.453125 0.070002 0.171875
4 0.473333 0.099609 0.083336 0.121094
4 0.582502 0.070313 0.105003 0.093750
4 0.608336 0.163086 0.083336 0.095703
4 0.718339 0.140625 0.086669 0.113281
4 0.842509 0.196289 0.095003 0.115234
4 0.750007 0.240234 0.090002 0.085938
4 0.774174 0.073242 0.068335 0.091797
4 0.670005 0.035156 0.110003 0.070312
4 0.375830 0.034180 0.101669 0.060547
4 0.082488 0.519531 0.045001 0.125000
4 0.960839 0.272461 0.078322 0.080078
