1 0.531863 0.850277 0.189284 0.051756
1 0.526342 0.472274 0.105684 0.109057
3 0.661207 0.172828 0.157737 0.072089
4 0.194306 0.560074 0.107261 0.136784
4 0.228219 0.882625 0.121457 0.060998
4 0.358352 0.922366 0.088333 0.085028
4 0.689600 0.923290 0.100952 0.123845
4 0.227431 0.980591 0.097797 0.038817
4 0.120169 0.950092 0.094642 0.099815
4 0.075214 0.894640 0.045744 0.107209
4 0.089411 0.775416 0.070982 0.109057
4 0.166702 0.747689 0.086755 0.105360
4 0.496372 0.737523 0.080446 0.092421
4 0.900179 0.831793 0.083601 0.099815
4 0.774778 0.734750 0.082023 0.101664
4 0.955216 0.790203 0.089568 0.094270
4 0.839450 0.629390 0.078868 0.094270
4 0.747962 0.634011 0.085178 0.099815
4 0.546848 0.652495 0.077291 0.096118
4 0.426179 0.588725 0.097797 0.112754
4 0.234529 0.419593 0.083601 0.088725
4 0.367816 0.353974 0.075714 0.090573
4 0.470345 0.261553 0.075714 0.079482
4 0.370182 0.259704 0.083601 0.079482
4 0.423813 0.173752 0.099374 0.103512
4 0.210868 0.256932 0.102529 0.107209
4 0.068905 0.275416 0.033125 0.118299
4 0.557889 0.429760 0.080446 0.094270
4 0.684079 0.437153 0.080446 0.090573
4 0.721147 0.534196 0.100952 0.077634
4 0.797650 0.460259 0.080446 0.110906
4 0.907277 0.378004 0.085178 0.157116
4 0.617041 0.563771 0.094642 0.088725
4 0.703796 0.277264 0.110416 0.099815
4 0.777932 0.344732 0.088333 0.101664
4 0.748751 0.214418 0.083601 0.088725
4 0.959948 0.192237 0.080104 0.073937
4 0.831563 0.079482 0.107261 0.055453
4 0.675403 0.095194 0.091487 0.068392
4 0.571297 0.129390 0.116725 0.088725
4 0.603633 0.633087 0.064672 0.064695
4 0.088622 0.084104 0.072559 0.038817
4 0.973356 0.716266 0.053288 0.049908
4 0.983779 0.512939 0.020506 0.068392
4 0.978258 0.270795 0.034702 0.072089
4 0.747962 0.089649 0.069404 0.049908