3 0.711933 0.504396 0.078771 0.138462
3 0.816961 0.829670 0.116282 0.103297
3 0.481245 0.036264 0.112531 0.068132
3 0.620033 0.028571 0.108780 0.052747
1 0.769136 0.045055 0.114406 0.090110
1 0.795393 0.143956 0.110655 0.147253
1 0.815086 0.236264 0.165045 0.059341
1 0.957244 0.539560 0.085512 0.129670
4 0.101454 0.046154 0.095651 0.092308
4 0.377154 0.308791 0.103153 0.151648
4 0.529070 0.221978 0.080647 0.105495
4 0.617219 0.221978 0.076896 0.105495
4 0.695053 0.220879 0.075020 0.112088
4 0.737252 0.314286 0.091900 0.105495
4 0.966064 0.079121 0.061892 0.127473
4 0.959500 0.204396 0.078771 0.101099
4 0.816961 0.352747 0.056265 0.134066
4 0.735376 0.402198 0.106904 0.101099
4 0.866662 0.440659 0.099402 0.120879
4 0.980130 0.446154 0.033759 0.092308
4 0.918239 0.614286 0.090024 0.112088
4 0.959500 0.901099 0.075020 0.079121
4 0.840405 0.909890 0.103153 0.039560
4 0.692240 0.673626 0.110655 0.125275
4 0.645352 0.571429 0.088149 0.092308
4 0.557203 0.452747 0.106904 0.092308
4 0.540323 0.375824 0.114406 0.079121
4 0.284316 0.467033 0.093775 0.107692
4 0.124898 0.370330 0.078771 0.125275
4 0.210234 0.510989 0.140663 0.081319
4 0.330266 0.567033 0.099402 0.101099
4 0.205545 0.809890 0.097527 0.098901
4 0.438108 0.840659 0.112531 0.116484
4 0.518755 0.769231 0.090024 0.096703
4 0.713808 0.839560 0.078771 0.101099
4 0.582522 0.894505 0.090024 0.079121
4 0.686613 0.918681 0.091900 0.026374
4 0.337768 0.901099 0.095651 0.070330