1 0.439165 0.462891 0.125003 0.050781
1 0.521667 0.302734 0.066669 0.136719
1 0.540834 0.872070 0.058335 0.130859
3 0.371663 0.846680 0.136670 0.076172
3 0.843343 0.265625 0.080002 0.125000
3 0.582502 0.172852 0.101669 0.068359
3 0.079988 0.106445 0.056668 0.064453
4 0.658338 0.641602 0.136670 0.130859
4 0.595003 0.703125 0.086669 0.093750
4 0.501667 0.729492 0.090002 0.091797
4 0.474166 0.828125 0.068335 0.089844
4 0.681672 0.807617 0.120003 0.142578
4 0.765841 0.666992 0.078335 0.107422
4 0.295828 0.181641 0.111670 0.117188
4 0.304995 0.043945 0.096669 0.083984
4 0.210825 0.095703 0.088336 0.078125
4 0.146657 0.054688 0.110003 0.109375
4 0.079988 0.027344 0.046668 0.054688
4 0.079988 0.180664 0.060002 0.072266
4 0.189991 0.227539 0.126670 0.126953
4 0.094155 0.284180 0.075002 0.103516
4 0.084989 0.369141 0.056668 0.128906
4 0.151657 0.451172 0.100003 0.128906
4 0.201658 0.331055 0.100003 0.068359
4 0.259993 0.459961 0.090002 0.111328
4 0.353329 0.457031 0.076669 0.109375
4 0.484166 0.510742 0.081669 0.095703
4 0.469999 0.386719 0.093336 0.082031
4 0.472499 0.324219 0.078335 0.101563
4 0.451665 0.108398 0.083336 0.091797
4 0.449165 0.023438 0.108336 0.046875
4 0.690839 0.025391 0.078335 0.050781
4 0.757507 0.108398 0.091669 0.115234
4 0.704172 0.140625 0.068335 0.093750
4 0.766674 0.276367 0.116670 0.091797
4 0.905845 0.174805 0.091669 0.111328
4 0.587502 0.297852 0.075002 0.076172
4 0.599169 0.244141 0.105003 0.101563
4 0.644171 0.409180 0.105003 0.095703
4 0.595836 0.511719 0.091669 0.101563
4 0.771674 0.369141 0.096669 0.109375
4 0.794175 0.500000 0.095003 0.113281
4 0.903344 0.448242 0.096669 0.111328
4 0.895844 0.520508 0.091669 0.091797
4 0.977513 0.547852 0.041668 0.099609
4 0.930845 0.859375 0.091669 0.113281
4 0.649171 0.921875 0.095003 0.031250
4 0.231659 0.668945 0.093336 0.083984
4 0.174991 0.601563 0.096669 0.125000
4 0.124156 0.590820 0.105003 0.107422
4 0.124990 0.702148 0.106670 0.107422
4 0.171658 0.778320 0.106670 0.083984
4 0.169158 0.823242 0.088336 0.087891
4 0.080822 0.855469 0.051668 0.082031
4 0.253327 0.838867 0.073335 0.123047
4 0.199992 0.913086 0.093336 0.041016
4 0.376663 0.910156 0.130004 0.042969
4 0.985847 0.791992 0.025001 0.099609