1 0.77265625 0.2375 0.15 0.2083984375
0 0.44296875 0.7578125 0.2421875 0.1482421875
2 0.38203125 0.25234375 0.18671875 0.238671875
2 0.54765625 0.29609375 0.155859375 0.208203125
2 0.92109375 0.3359375 0.1578125 0.23125
2 0.1734375 0.70625 0.1638671875 0.2318359375
2 0.13515625 0.23984375 0.1486328125 0.2080078125
1 0.36640625 0.57421875 0.1671875 0.20234375
1 0.653125 0.93125 0.14375 0.1375
1 0.07421875 0.50703125 0.1484375 0.1890625
2 0.84140625 0.8953125 0.14609375 0.18359375
2 0.3984375 0.96171875 0.165625 0.0765625
2 0.15390625 0.97421875 0.1609375 0.0515625
1 0.6375 0.03671875 0.2 0.0734375
1 0.3296875 0.034375 0.134375 0.06875
2 0.18359375 0.084375 0.1859375 0.16875
2 0.040625 0.03515625 0.08125 0.0703125
2 0.0359375 0.303125 0.071875 0.2
2 0.934375 0.91640625 0.13125 0.1671875