0 0.40546875 0.78828125 0.173828125 0.32109375
0 0.50390625 0.4203125 0.17578125 0.1556640625
0 0.84609375 0.5828125 0.1703125 0.1671875
2 0.07265625 0.3 0.1453125 0.203125
3 0.1671875 0.2578125 0.1361328125 0.194921875
0 0.67109375 0.63671875 0.1509765625 0.21796875
2 0.76328125 0.77578125 0.1734375 0.2318359375
2 0.92109375 0.75 0.1470703125 0.19140625
2 0.6828125 0.35859375 0.1779296875 0.2279296875
2 0.13671875 0.8453125 0.183203125 0.241015625
2 0.39609375 0.24765625 0.18984375 0.2220703125
2 0.31796875 0.07265625 0.1734375 0.1453125
2 0.4890625 0.08515625 0.171875 0.1703125
2 0.934375 0.2953125 0.13125 0.2375
2 0.4671875 0.70078125 0.1759765625 0.2119140625
2 0.5515625 0.559375 0.1673828125 0.1779296875
2 0.85859375 0.90546875 0.1734375 0.1890625
2 0.9015625 0.06640625 0.196875 0.1328125
2 0.63125 0.97421875 0.13125 0.0515625
2 0.4453125 0.97421875 0.159375 0.0515625
2 0.94453125 0.5421875 0.1109375 0.215625
2 0.02890625 0.92265625 0.0578125 0.1546875