1 0.31640625 0.45 0.1625 0.205859375
1 0.06875 0.3015625 0.1375 0.271875
1 0.51953125 0.94375 0.1390625 0.1125
1 0.4375 0.59453125 0.2576171875 0.23984375
1 0.1609375 0.890625 0.184375 0.21875
1 0.57265625 0.0484375 0.1546875 0.096875
2 0.73984375 0.878125 0.193359375 0.214453125
2 0.70234375 0.10859375 0.2140625 0.13125
2 0.75234375 0.20859375 0.13671875 0.1837890625
2 0.928125 0.08828125 0.14375 0.1671875
2 0.92421875 0.88359375 0.1515625 0.2140625
1 0.93125 0.665625 0.1375 0.2
1 0.95625 0.4640625 0.0875 0.23125
1 0.03671875 0.94296875 0.0734375 0.1140625
1 0.084375 0.04296875 0.15 0.0859375