0 0.5875 0.228125 0.1833984375 0.3376953125
0 0.48359375 0.6171875 0.18828125 0.1693359375
0 0.121875 0.4453125 0.1806640625 0.1775390625
2 0.93125 0.74140625 0.1375 0.2109375
3 0.8390625 0.78828125 0.1439453125 0.20546875
0 0.30703125 0.38828125 0.145703125 0.22109375
2 0.209375 0.2421875 0.182421875 0.24296875
2 0.05859375 0.26796875 0.1171875 0.2015625
2 0.29453125 0.68203125 0.1814453125 0.2359375
2 0.871875 0.16875 0.1939453125 0.2548828125
2 0.59765625 0.79921875 0.1892578125 0.2263671875
2 0.68046875 0.95390625 0.1796875 0.0921875
2 0.49921875 0.93984375 0.1796875 0.1203125
2 0.04453125 0.74921875 0.0890625 0.2390625
2 0.52265625 0.3203125 0.17578125 0.21640625
2 0.4328125 0.4703125 0.18125 0.191015625
2 0.10859375 0.1046875 0.1953125 0.209375
2 0.08125 0.96328125 0.1625 0.0734375
2 0.34765625 0.03046875 0.1390625 0.0609375
2 0.54609375 0.02890625 0.1671875 0.0578125
2 0.0328125 0.48828125 0.065625 0.2171875
2 0.978125 0.084375 0.04375 0.16875