0 0.20546875 0.5734375 0.1279296875 0.260546875
0 0.63046875 0.6546875 0.1595703125 0.2625
0 0.70390625 0.9796875 0.2203125 0.040625
0 0.8734375 0.91171875 0.11875 0.1765625
0 0.72578125 0.12265625 0.16953125 0.186328125
0 0.95546875 0.58046875 0.0890625 0.2765625
1 0.38984375 0.17109375 0.149609375 0.16328125
1 0.4796875 0.375 0.148828125 0.234375
1 0.9671875 0.084375 0.065625 0.16875
2 0.84140625 0.17421875 0.1705078125 0.2576171875
2 0.27734375 0.8828125 0.1451171875 0.2328125
2 0.36484375 0.52109375 0.1474609375 0.21328125
2 0.62421875 0.3828125 0.1474609375 0.1908203125
2 0.8390625 0.70625 0.151171875 0.19765625
2 0.865625 0.353125 0.17109375 0.1828125
2 0.59765625 0.2203125 0.1369140625 0.1734375
2 0.99140625 0.35546875 0.0171875 0.2015625
2 0.1609375 0.89453125 0.1322265625 0.1890625
2 0.20390625 0.9859375 0.1703125 0.028125
2 0.26484375 0.471875 0.13828125 0.1634765625
2 0.375 0.69765625 0.165625 0.2015625
1 0.6953125 0.05703125 0.1466796875 0.1140625
2 0.8734375 0.50625 0.1509765625 0.18359375