3 0.2984375 0.58125 0.0986328125 0.2666015625
1 0.13828125 0.78515625 0.1546875 0.1830078125
1 0.09140625 0.39921875 0.1578125 0.17109375
1 0.2234375 0.48359375 0.1185546875 0.2015625
1 0.50234375 0.50546875 0.151953125 0.169140625
1 0.62109375 0.90859375 0.1421875 0.1828125
1 0.4765625 0.8984375 0.171875 0.203125
2 0.834375 0.93046875 0.140625 0.1390625
2 0.8984375 0.64140625 0.16875 0.1701171875
0 0.8640625 0.7828125 0.1640625 0.094921875
2 0.30078125 0.1984375 0.16328125 0.21953125
2 0.365625 0.74453125 0.1673828125 0.1990234375
2 0.15234375 0.15234375 0.1765625 0.20625
2 0.465625 0.14921875 0.18046875 0.2244140625
1 0.60546875 0.6984375 0.1505859375 0.1720703125
2 0.453125 0.64375 0.1349609375 0.1560546875
2 0.7609375 0.815625 0.1388671875 0.2044921875
2 0.7140625 0.6390625 0.1732421875 0.2525390625
2 0.02265625 0.7671875 0.0453125 0.196875
2 0.6640625 0.01171875 0.125 0.0234375
2 0.828125 0.0171875 0.121875 0.034375