0 0.76953125 0.83359375 0.1134765625 0.24453125
0 0.07734375 0.14375 0.1546875 0.184375
2 0.290625 0.40390625 0.15625 0.1638671875
2 0.37265625 0.753125 0.13125 0.2326171875
0 0.15546875 0.4921875 0.1123046875 0.191015625
2 0.69921875 0.55625 0.1423828125 0.223046875
2 0.7578125 0.34453125 0.1619140625 0.1771484375
2 0.64375 0.15078125 0.1775390625 0.165625
2 0.615625 0.72421875 0.1466796875 0.15859375
2 0.17421875 0.7140625 0.1240234375 0.1912109375
2 0.159375 0.8953125 0.1326171875 0.166796875
2 0.11953125 0.28828125 0.1337890625 0.1533203125
2 0.65 0.29609375 0.1380859375 0.1748046875
2 0.790625 0.078125 0.171875 0.15625
2 0.821875 0.53828125 0.14140625 0.2314453125
2 0.61953125 0.89296875 0.1341796875 0.1861328125
2 0.06796875 0.81640625 0.09609375 0.25234375
2 0.71875 0.9234375 0.121875 0.153125
2 0.3875 0.97578125 0.134375 0.0484375
2 0.5390625 0.97109375 0.134375 0.0578125
2 0.05390625 0.38125 0.1078125 0.15