1 0.3390625 0.828125 0.120703125 0.16484375
1 0.33359375 0.65078125 0.1431640625 0.15703125
1 0.11015625 0.43828125 0.13125 0.151171875
1 0.57109375 0.0703125 0.1328125 0.140625
1 0.684375 0.0515625 0.15 0.103125
1 0.7359375 0.171875 0.1501953125 0.18515625
1 0.87578125 0.15859375 0.1251953125 0.1896484375
2 0.6359375 0.49453125 0.146875 0.1802734375
2 0.6109375 0.77265625 0.15078125 0.166015625
2 0.41171875 0.4734375 0.1326171875 0.159765625
2 0.2078125 0.6640625 0.125390625 0.215625
2 0.26171875 0.5109375 0.1318359375 0.167578125
2 0.40390625 0.25546875 0.1185546875 0.2
2 0.94765625 0.60859375 0.1046875 0.1890625
2 0.6359375 0.22578125 0.141796875 0.17734375
2 0.9390625 0.43359375 0.121875 0.1734375
2 0.93671875 0.3203125 0.1265625 0.209375
1 0.2578125 0.371875 0.137890625 0.152734375
0 0.3 0.1453125 0.1287109375 0.211328125
0 0.528125 0.23125 0.10625 0.259375
0 0.0546875 0.26171875 0.109375 0.2484375
0 0.0171875 0.86640625 0.034375 0.2234375
1 0.025 0.74765625 0.0064453125 0.0359375
2 0.70390625 0.76171875 0.108984375 0.189453125
2 0.79453125 0.79140625 0.11640625 0.17109375