0 0.11953125 0.53984375 0.12421875 0.2228515625
3 0.28984375 0.09921875 0.1642578125 0.18359375
1 0.1921875 0.87421875 0.149609375 0.1845703125
1 0.0515625 0.81953125 0.103125 0.1609375
1 0.47421875 0.0609375 0.1453125 0.121875
1 0.65078125 0.10703125 0.13671875 0.159375
1 0.5984375 0.959375 0.11875 0.08125
1 0.90859375 0.31875 0.1212890625 0.17109375
2 0.44453125 0.334375 0.1482421875 0.2080078125
2 0.565625 0.3921875 0.1248046875 0.203125
2 0.84140625 0.6796875 0.151171875 0.153515625
2 0.91953125 0.5515625 0.1609375 0.19375
2 0.81484375 0.22734375 0.1439453125 0.190625
2 0.70234375 0.3140625 0.155078125 0.186328125
2 0.58359375 0.22734375 0.1794921875 0.15703125
2 0.23359375 0.17890625 0.1216796875 0.14609375
2 0.70625 0.83671875 0.160546875 0.17265625
1 0.934375 0.93125 0.13125 0.1375
2 0.86171875 0.84765625 0.1392578125 0.1267578125
1 0.03203125 0.228125 0.0640625 0.18125
2 0.315625 0.978125 0.128125 0.04375
2 0.01640625 0.6203125 0.0328125 0.15
2 0.9734375 0.2734375 0.053125 0.190625