0 0.74453125 0.71953125 0.1017578125 0.2060546875
0 0.48828125 0.7421875 0.105078125 0.230078125
2 0.3546875 0.38515625 0.1052734375 0.1279296875
2 0.04609375 0.51328125 0.0921875 0.2296875
2 0.13125 0.04453125 0.103125 0.0890625
2 0.328125 0.2296875 0.10625 0.135546875
2 0.53046875 0.6453125 0.115625 0.119921875
1 0.1984375 0.48203125 0.136328125 0.159375
1 0.7140625 0.3953125 0.1462890625 0.1830078125
1 0.509375 0.2859375 0.1380859375 0.162109375
1 0.92890625 0.1515625 0.1421875 0.18125
1 0.35078125 0.875 0.13515625 0.1482421875
1 0.10703125 0.8390625 0.1314453125 0.182421875
1 0.33046875 0.640625 0.1603515625 0.1935546875
1 0.20625 0.24453125 0.12578125 0.17578125
1 0.9046875 0.71953125 0.1255859375 0.1560546875
2 0.5609375 0.92109375 0.1208984375 0.1439453125
2 0.92578125 0.8875 0.12890625 0.1888671875
2 0.615625 0.08359375 0.134375 0.1671875
1 0.73671875 0.1609375 0.1693359375 0.1712890625
2 0.21796875 0.9390625 0.1046875 0.121875
2 0.02890625 0.25390625 0.0578125 0.1515625
2 0.0359375 0.08515625 0.071875 0.1703125
1 0.790625 0.05234375 0.15 0.1046875
2 0.45703125 0.94921875 0.1390625 0.1015625