3 0.43203125 0.5546875 0.1814453125 0.2431640625
1 0.1390625 0.90234375 0.1228515625 0.16328125
1 0.21484375 0.77734375 0.1279296875 0.15546875
1 0.71640625 0.83515625 0.1365234375 0.1765625
1 0.51796875 0.93515625 0.1234375 0.1296875
1 0.41171875 0.22265625 0.1302734375 0.165625
1 0.89296875 0.4328125 0.1296875 0.153125
1 0.834375 0.77890625 0.12265625 0.1662109375
0 0.340625 0.05859375 0.11875 0.1171875
2 0.06171875 0.48359375 0.1234375 0.1578125
2 0.1671875 0.52578125 0.1228515625 0.1646484375
2 0.03125 0.3296875 0.0625 0.171875
2 0.6109375 0.70390625 0.1849609375 0.2078125
2 0.53671875 0.071875 0.1171875 0.14375
2 0.975 0.6921875 0.05 0.159375
2 0.9828125 0.915625 0.034375 0.16875
2 0.8828125 0.971875 0.140625 0.05625
1 0.2109375 0.0390625 0.134375 0.078125
0 0.39765625 0.93359375 0.1296875 0.1328125
2 0.0140625 0.96171875 0.028125 0.0765625