1 0.56171875 0.76015625 0.1478515625 0.1953125
1 0.39921875 0.87109375 0.13984375 0.1810546875
1 0.0984375 0.86640625 0.137890625 0.171484375
1 0.42578125 0.0640625 0.1453125 0.128125
1 0.9703125 0.56484375 0.059375 0.1671875
1 0.11328125 0.671875 0.1279296875 0.1568359375
1 0.02734375 0.67265625 0.0546875 0.2046875
1 0.1921875 0.94609375 0.14375 0.1078125
0 0.94609375 0.04765625 0.1078125 0.0953125
0 0.94765625 0.77109375 0.1046875 0.1828125
2 0.2296875 0.1734375 0.1345703125 0.1537109375
2 0.73125 0.25 0.160546875 0.16875
2 0.88515625 0.1921875 0.133203125 0.15625
2 0.9328125 0.3609375 0.134375 0.184375
2 0.78828125 0.57421875 0.1525390625 0.1767578125
2 0.82109375 0.73984375 0.12890625 0.166796875
2 0.12734375 0.2390625 0.18828125 0.182421875
2 0.65625 0.0734375 0.146875 0.146875
2 0.578125 0.15078125 0.121875 0.181640625
2 0.32109375 0.978125 0.1609375 0.04375
0 0.29921875 0.71171875 0.1861328125 0.1509765625
2 0.0609375 0.32578125 0.121875 0.1859375
1 0.20390625 0.0359375 0.1671875 0.071875
2 0.975 0.11171875 0.05 0.2046875
2 0.84375 0.9859375 0.140625 0.028125