2 0.3828125 0.14921875 0.1228515625 0.16484375
2 0.9109375 0.18671875 0.128515625 0.145703125
1 0.2953125 0.7546875 0.105859375 0.152734375
2 0.17265625 0.53515625 0.1498046875 0.1228515625
0 0.42578125 0.471875 0.14453125 0.141796875
0 0.4921875 0.6109375 0.1498046875 0.1115234375
2 0.19921875 0.25234375 0.11796875 0.1462890625
1 0.74453125 0.684375 0.14453125 0.156640625
1 0.94453125 0.5625 0.1109375 0.159375
1 0.39765625 0.88359375 0.144921875 0.18046875
1 0.67421875 0.25 0.125 0.16171875
1 0.63046875 0.50234375 0.1576171875 0.1548828125
1 0.50546875 0.1640625 0.1328125 0.163671875
2 0.15703125 0.84609375 0.11875 0.1541015625
2 0.5625 0.86640625 0.130859375 0.195703125
2 0.33125 0.29296875 0.11796875 0.1447265625
1 0.79921875 0.31796875 0.13515625 0.1640625
2 0.1328125 0.39921875 0.1134765625 0.1392578125
1 0.034375 0.63671875 0.06875 0.1671875
2 0.059375 0.33125 0.11875 0.175
2 0.4578125 0.0203125 0.121875 0.040625
2 0.2453125 0.02578125 0.103125 0.0515625
2 0.0234375 0.959375 0.046875 0.08125
2 0.53359375 0.96875 0.1703125 0.0625
1 0.98046875 0.91953125 0.0390625 0.1609375
2 0.96640625 0.4203125 0.0671875 0.1625
2 0.1359375 0.98046875 0.1 0.0390625