0 0.84375 0.53203125 0.1525390625 0.19921875
0 0.4203125 0.71796875 0.14453125 0.2650390625
0 0.26015625 0.515625 0.1796875 0.1263671875
0 0.0390625 0.56328125 0.078125 0.2796875
0 0.16171875 0.71015625 0.097265625 0.273046875
0 0.10390625 0.1140625 0.17109375 0.1884765625
2 0.57578125 0.62265625 0.17109375 0.1861328125
2 0.23828125 0.234375 0.159765625 0.204296875
2 0.09609375 0.3140625 0.11953125 0.1833984375
2 0.94921875 0.4140625 0.1015625 0.203125
2 0.784375 0.265625 0.2146484375 0.191015625
2 0.59296875 0.08828125 0.1671875 0.1765625
2 0.9515625 0.70703125 0.096875 0.2484375
2 0.2796875 0.40390625 0.140234375 0.1234375
3 0.1421875 0.86953125 0.1521484375 0.19453125
2 0.721875 0.80546875 0.1453125 0.2025390625
2 0.334375 0.875 0.1158203125 0.1603515625
2 0.47578125 0.940625 0.1484375 0.11875
2 0.959375 0.95 0.08125 0.1
2 0.96484375 0.18515625 0.0703125 0.1640625
0 0.4171875 0.04375 0.096875 0.0875
1 0.146875 0.0296875 0.14375 0.059375
2 0.028125 0.0296875 0.05625 0.059375
3 0.925 0.0578125 0.15 0.115625
1 0.05 0.76484375 0.1 0.1953125
2 0.68125 0.0296875 0.121875 0.059375
2 0.80078125 0.05703125 0.1359375 0.1140625
2 0.2765625 0.95234375 0.134375 0.0953125
2 0.015625 0.3078125 0.03125 0.15
2 0.49453125 0.025 0.1171875 0.05