0 0.85390625 0.571875 0.1359375 0.2583984375
0 0.37109375 0.68046875 0.15078125 0.1806640625
3 0.509375 0.1234375 0.118359375 0.24453125
0 0.08671875 0.5515625 0.13359375 0.2556640625
2 0.70546875 0.39140625 0.1251953125 0.1876953125
2 0.55 0.43046875 0.1044921875 0.15859375
2 0.475 0.5515625 0.1236328125 0.1537109375
2 0.64609375 0.778125 0.15390625 0.1748046875
2 0.51953125 0.86875 0.1513671875 0.166015625
2 0.3828125 0.87109375 0.1390625 0.19375
2 0.2921875 0.43046875 0.1533203125 0.1642578125
2 0.3 0.25 0.1408203125 0.188671875
2 0.13828125 0.2703125 0.14609375 0.168359375
2 0.615625 0.1265625 0.1125 0.148046875
2 0.78046875 0.675 0.121875 0.21484375
2 0.84921875 0.92578125 0.1203125 0.1484375
2 0.24609375 0.78828125 0.1134765625 0.140625
2 0.34453125 0.55390625 0.1408203125 0.14921875
2 0.43828125 0.1828125 0.070703125 0.19296875
2 0.215625 0.9421875 0.165625 0.115625
2 0.909375 0.43828125 0.1521484375 0.1689453125
2 0.73359375 0.95234375 0.1390625 0.0953125
2 0.9640625 0.94921875 0.071875 0.0984375
2 0.97578125 0.275 0.0484375 0.171875
2 0.97421875 0.53046875 0.0515625 0.1234375
2 0.63515625 0.03046875 0.1078125 0.0609375
2 0.0171875 0.3109375 0.034375 0.190625
2 0.021875 0.52265625 0.04375 0.2015625
2 0.9859375 0.8265625 0.028125 0.11875
0 0.38984375 0.0453125 0.1171875 0.090625
2 0.4625 0.98046875 0.090625 0.0390625
2 0.98515625 0.66640625 0.0296875 0.1421875