0 0.17578125 0.3390625 0.1376953125 0.183203125
0 0.64296875 0.9 0.1234375 0.2
0 0.63359375 0.065625 0.1109375 0.13125
2 0.775 0.5203125 0.1314453125 0.1953125
2 0.4734375 0.85703125 0.1494140625 0.1447265625
2 0.9109375 0.18125 0.1212890625 0.1697265625
2 0.73515625 0.84453125 0.10546875 0.1892578125
1 0.534375 0.165625 0.151171875 0.1908203125
1 0.31796875 0.32109375 0.15 0.191015625
1 0.36171875 0.1578125 0.11796875 0.137109375
2 0.48828125 0.52265625 0.18125 0.2201171875
2 0.65 0.55390625 0.123046875 0.2068359375
2 0.85 0.7296875 0.1599609375 0.187109375
2 0.82734375 0.29375 0.1447265625 0.1904296875
2 0.46953125 0.69375 0.1779296875 0.1603515625
2 0.96484375 0.64609375 0.0703125 0.1703125
2 0.26328125 0.946875 0.1296875 0.10625
2 0.36640625 0.97265625 0.1265625 0.0546875
2 0.51015625 0.95859375 0.1265625 0.0828125
2 0.08984375 0.95625 0.1546875 0.0875
2 0.984375 0.95625 0.03125 0.0875
2 0.1734375 0.01796875 0.103125 0.0359375
2 0.2546875 0.12109375 0.1482421875 0.1970703125