0 0.49921875 0.24453125 0.1822265625 0.2859375
0 0.8484375 0.36015625 0.123828125 0.196875
0 0.165625 0.50546875 0.1076171875 0.2595703125
2 0.3984375 0.85625 0.1419921875 0.1974609375
2 0.6203125 0.9296875 0.13125 0.140625
2 0.75234375 0.8234375 0.1462890625 0.2005859375
1 0.7640625 0.64140625 0.176953125 0.183984375
2 0.9359375 0.8515625 0.128125 0.175
1 0.39609375 0.521875 0.153515625 0.1828125
2 0.853125 0.06015625 0.146875 0.1203125
2 0.60390625 0.4703125 0.13203125 0.184765625
2 0.59765625 0.20625 0.133203125 0.19609375
1 0.26875 0.071875 0.16875 0.14375
0 0.88828125 0.46796875 0.10390625 0.2134765625
1 0.765625 0.96953125 0.16875 0.0609375
2 0.98125 0.95625 0.0375 0.0875
2 0.95234375 0.675 0.0953125 0.2125
0 0.271875 0.52109375 0.11796875 0.22734375
2 0.446875 0.3640625 0.121484375 0.1765625