0 0.871875 0.45546875 0.1015625 0.21171875
3 0.70390625 0.8875 0.15546875 0.173828125
1 0.80078125 0.128125 0.138671875 0.175390625
1 0.94453125 0.184375 0.1109375 0.159375
1 0.5234375 0.93203125 0.146875 0.1359375
1 0.35 0.8796875 0.139453125 0.159375
1 0.4015625 0.04609375 0.121875 0.0921875
1 0.09765625 0.67265625 0.1302734375 0.1728515625
2 0.55234375 0.6578125 0.152734375 0.209375
2 0.43359375 0.60078125 0.134375 0.2056640625
2 0.16328125 0.31875 0.15546875 0.157421875
2 0.0859375 0.4453125 0.148046875 0.18046875
2 0.1890625 0.7625 0.140625 0.1865234375
2 0.3 0.67734375 0.15859375 0.18671875
2 0.415625 0.7625 0.1744140625 0.15234375
2 0.759375 0.809375 0.1162109375 0.138671875
2 0.2953125 0.16484375 0.1484375 0.1609375
1 0.06953125 0.0703125 0.1390625 0.140625
2 0.14375 0.15390625 0.140625 0.128125
1 0.9625 0.76328125 0.075 0.1828125
2 0.68203125 0.02265625 0.1265625 0.0453125
2 0.9765625 0.37890625 0.046875 0.1453125
2 0.03046875 0.71796875 0.0609375 0.1890625