1 0.64140625 0.4390625 0.1533203125 0.193359375
1 0.8875 0.30390625 0.1357421875 0.2400390625
1 0.45546875 0.91796875 0.1421875 0.1640625
1 0.53046875 0.57109375 0.23984375 0.225
1 0.784375 0.84453125 0.1626953125 0.19609375
1 0.4078125 0.05625 0.1375 0.1125
2 0.25390625 0.83125 0.1736328125 0.193359375
2 0.28828125 0.125 0.1958984375 0.119921875
2 0.2421875 0.2171875 0.1251953125 0.16875
2 0.0765625 0.109375 0.133203125 0.1474609375
2 0.08125 0.8359375 0.1625 0.209375
1 0.07265625 0.640625 0.134375 0.182421875
1 0.0515625 0.45078125 0.103125 0.2171875
0 0.96484375 0.46875 0.0703125 0.20625
1 0.9328125 0.91875 0.134375 0.1625
1 0.13125 0.96171875 0.14375 0.0765625
1 0.98046875 0.30546875 0.0390625 0.1453125
1 0.85390625 0.05 0.1328125 0.1
2 0.9765625 0.79921875 0.046875 0.1453125