0 0.43984375 0.71171875 0.1564453125 0.27421875
0 0.090625 0.596875 0.1240234375 0.196875
0 0.7734375 0.45078125 0.0919921875 0.2548828125
2 0.540625 0.10078125 0.1404296875 0.1955078125
2 0.31796875 0.0515625 0.1390625 0.103125
2 0.18671875 0.1328125 0.1392578125 0.1966796875
1 0.175 0.31484375 0.183203125 0.189453125
2 0.03359375 0.10234375 0.0671875 0.1734375
1 0.54296875 0.43515625 0.1537109375 0.18203125
2 0.0859375 0.91796875 0.15 0.1640625
2 0.33515625 0.48671875 0.13359375 0.18671875
2 0.34140625 0.75 0.1314453125 0.194921875
1 0.6671875 0.903125 0.184375 0.19375
0 0.05078125 0.48828125 0.1 0.2126953125
2 0.01484375 0.2828125 0.0296875 0.20625
0 0.6671875 0.4359375 0.096875 0.221484375
2 0.03515625 0.9765625 0.0703125 0.046875
2 0.4921875 0.59296875 0.116796875 0.17421875