2 0.6234375 0.853125 0.1169921875 0.1626953125
2 0.08671875 0.8140625 0.1330078125 0.1529296875
1 0.71171875 0.234375 0.1041015625 0.1544921875
2 0.83671875 0.45859375 0.1625 0.1390625
0 0.57890625 0.5234375 0.1486328125 0.1470703125
0 0.51171875 0.38125 0.14921875 0.1080078125
2 0.809375 0.74765625 0.122265625 0.151171875
1 0.25546875 0.30703125 0.13671875 0.1501953125
1 0.05078125 0.43203125 0.1015625 0.1546875
1 0.6078125 0.103125 0.156640625 0.1927734375
1 0.3265625 0.75 0.1330078125 0.1689453125
1 0.37109375 0.4921875 0.1625 0.1623046875
1 0.4984375 0.8375 0.1314453125 0.164453125
2 0.8515625 0.14140625 0.123828125 0.1587890625
2 0.440625 0.12109375 0.13671875 0.2015625
2 0.675 0.70625 0.117578125 0.145703125
1 0.2 0.68046875 0.13203125 0.165234375
2 0.8765625 0.59765625 0.119921875 0.1453125
1 0.9703125 0.3515625 0.059375 0.171875
2 0.94296875 0.66484375 0.1140625 0.1828125
2 0.546875 0.9828125 0.125 0.034375
2 0.76328125 0.9765625 0.1015625 0.046875
2 0.98125 0.03359375 0.0375 0.0671875
2 0.47109375 0.021875 0.1703125 0.04375
1 0.0140625 0.07421875 0.028125 0.1484375
2 0.034375 0.5765625 0.06875 0.16875
2 0.87421875 0.01171875 0.1015625 0.0234375