1 0.1421875 0.85859375 0.1451171875 0.184375
1 0.71640625 0.91171875 0.1453125 0.1765625
1 0.36953125 0.634375 0.1484375 0.1650390625
1 0.44453125 0.4125 0.136328125 0.2
1 0.234375 0.5234375 0.183203125 0.1689453125
1 0.08046875 0.72421875 0.11875 0.1509765625
1 0.5578125 0.8734375 0.1345703125 0.1705078125
1 0.5984375 0.34296875 0.1212890625 0.19453125
1 0.82890625 0.14921875 0.14765625 0.1568359375
1 0.0765625 0.38125 0.112109375 0.140234375
1 0.2578125 0.1703125 0.1353515625 0.1763671875
0 0.109375 0.2421875 0.2060546875 0.1314453125
2 0.60390625 0.58984375 0.140625 0.1708984375
2 0.9421875 0.47421875 0.1033203125 0.1451171875
1 0.8328125 0.365625 0.137890625 0.1755859375
2 0.7171875 0.48984375 0.130078125 0.3208984375
2 0.35390625 0.80703125 0.1255859375 0.17421875
2 0.85078125 0.9328125 0.1140625 0.134375
1 0.825 0.7703125 0.12734375 0.1921875
2 0.2734375 0.3734375 0.129296875 0.1552734375
2 0.35390625 0.26796875 0.1453125 0.178125
1 0.32421875 0.03125 0.1234375 0.0625
1 0.68515625 0.04296875 0.1421875 0.0859375
2 0.0265625 0.47734375 0.053125 0.1921875
2 0.1375 0.978125 0.125 0.04375
2 0.30703125 0.98984375 0.1234375 0.0203125
2 0.5109375 0.98828125 0.146875 0.0234375
2 0.525 0.07109375 0.1203125 0.09296875
2 0.5078125 0.03203125 0.13125 0.0640625
2 0.9734375 0.7484375 0.053125 0.146875
2 0.97421875 0.96640625 0.0515625 0.0671875
2 0.034375 0.0375 0.06875 0.075
2 0.975 0.1453125 0.05 0.125
2 0.971875 0.30078125 0.05625 0.1359375
2 0.95859375 0.21484375 0.0828125 0.1234375