1 0.14765625 0.84609375 0.1466796875 0.1869140625
1 0.7265625 0.90078125 0.146875 0.1849609375
1 0.37578125 0.61953125 0.15625 0.1720703125
1 0.4515625 0.39609375 0.127734375 0.1962890625
1 0.240625 0.5078125 0.1904296875 0.1794921875
1 0.08515625 0.7109375 0.1326171875 0.1619140625
1 0.565625 0.86171875 0.12734375 0.166796875
1 0.60625 0.32578125 0.110546875 0.18984375
1 0.8390625 0.13046875 0.147265625 0.1564453125
1 0.08125 0.36484375 0.123828125 0.1515625
1 0.26328125 0.15078125 0.128125 0.1724609375
0 0.1140625 0.22421875 0.2048828125 0.1298828125
2 0.6125 0.57578125 0.13828125 0.1689453125
2 0.946875 0.46015625 0.10625 0.1515625
1 0.84296875 0.34921875 0.1259765625 0.1685546875
2 0.7265625 0.47421875 0.13046875 0.323828125
2 0.36015625 0.79453125 0.12890625 0.17734375
2 0.86171875 0.9265625 0.1171875 0.146875
1 0.83515625 0.7578125 0.1447265625 0.2052734375
2 0.27890625 0.35703125 0.1298828125 0.1560546875
2 0.36015625 0.25 0.15078125 0.1828125
1 0.3296875 0.0203125 0.121875 0.040625
1 0.69609375 0.03125 0.1390625 0.0625
2 0.02578125 0.46171875 0.0515625 0.1953125
2 0.1421875 0.971875 0.128125 0.05625
2 0.31328125 0.98515625 0.1265625 0.0296875
2 0.51875 0.9828125 0.15 0.034375
2 0.5328125 0.0515625 0.11953125 0.0919921875
2 0.51640625 0.02265625 0.1296875 0.0453125
2 0.9796875 0.73515625 0.040625 0.1453125
2 0.9796875 0.9609375 0.040625 0.078125
2 0.034375 0.02734375 0.06875 0.0546875
2 0.9796875 0.12578125 0.040625 0.1265625
2 0.97734375 0.28203125 0.0453125 0.1359375
2 0.965625 0.19609375 0.06875 0.1234375