1 0.50625 0.5109375 0.178125 0.2125
1 0.6234375 0.096875 0.190625 0.19375
3 0.42578125 0.1078125 0.2109375 0.215625
0 0.76875 0.11640625 0.1236328125 0.21875
2 0.85234375 0.221875 0.1634765625 0.2064453125
2 0.70390625 0.31953125 0.1578125 0.2005859375
2 0.87265625 0.40859375 0.171484375 0.194140625
2 0.66640625 0.775 0.17578125 0.2162109375
2 0.12734375 0.296875 0.1 0.2
2 0.08359375 0.44921875 0.1671875 0.1921875
0 0.275 0.421875 0.1724609375 0.14609375
2 0.23125 0.2640625 0.144140625 0.173828125
2 0.76640625 0.846875 0.159375 0.21328125
1 0.1625 0.5859375 0.1974609375 0.2513671875
2 0.22734375 0.8140625 0.1701171875 0.16640625
2 0.08359375 0.85546875 0.1419921875 0.196875
2 0.9296875 0.92265625 0.140625 0.1546875
2 0.7421875 0.9828125 0.15 0.034375
1 0.975 0.31328125 0.05 0.1734375
2 0.05703125 0.93828125 0.1140625 0.1234375
2 0.015625 0.32734375 0.03125 0.1453125
2 0.040625 0.69375 0.08125 0.203125
2 0.01953125 0.559375 0.0390625 0.134375