0 0.1671875 0.65234375 0.136328125 0.18359375
0 0.64140625 0.0953125 0.1390625 0.190625
0 0.63046875 0.93046875 0.1203125 0.1390625
2 0.775 0.46875 0.1419921875 0.2037109375
2 0.46953125 0.12890625 0.16015625 0.1552734375
2 0.91328125 0.81171875 0.1134765625 0.1658203125
2 0.734375 0.14140625 0.112890625 0.19375
1 0.53046875 0.82734375 0.14453125 0.187109375
1 0.31171875 0.6703125 0.15234375 0.1935546875
1 0.35546875 0.83515625 0.10859375 0.1302734375
2 0.484375 0.46640625 0.1771484375 0.2171875
2 0.6484375 0.4359375 0.1416015625 0.2171875
2 0.8515625 0.2578125 0.155859375 0.18671875
2 0.82890625 0.6984375 0.1583984375 0.198828125
2 0.465625 0.29375 0.1830078125 0.1662109375
2 0.96328125 0.3421875 0.0734375 0.175
2 0.2546875 0.0453125 0.128125 0.090625
2 0.36015625 0.01953125 0.1265625 0.0390625
2 0.50546875 0.03359375 0.1265625 0.0671875
2 0.07890625 0.0359375 0.1578125 0.071875
2 0.9875 0.0359375 0.025 0.071875
2 0.16328125 0.98203125 0.104296875 0.0359375
2 0.246875 0.87265625 0.1515625 0.20078125