1 0.52265625 0.55859375 0.1462890625 0.1884765625
1 0.740625 0.63515625 0.16328125 0.20703125
1 0.91484375 0.91640625 0.1359375 0.1671875
0 0.09453125 0.709375 0.16171875 0.301171875
0 0.4015625 0.14765625 0.173828125 0.2333984375
1 0.94765625 0.31015625 0.1046875 0.2328125
1 0.90703125 0.596875 0.16328125 0.2427734375
2 0.73515625 0.1171875 0.15625 0.2125
2 0.36015625 0.6578125 0.1876953125 0.2298828125
2 0.2328125 0.359375 0.1826171875 0.2103515625
2 0.07265625 0.1296875 0.1453125 0.24375
2 0.6515625 0.30390625 0.1912109375 0.2177734375
0 0.52734375 0.075 0.1109375 0.15
2 0.05390625 0.815625 0.1078125 0.25
2 0.83984375 0.26015625 0.15859375 0.262890625
2 0.1515625 0.05390625 0.1625 0.1078125
2 0.0734375 0.43515625 0.146875 0.2453125