1 0.44140625 0.22578125 0.1453125 0.19375
1 0.60703125 0.1140625 0.1474609375 0.1859375
1 0.9125 0.11875 0.136328125 0.1693359375
1 0.58046875 0.93359375 0.1421875 0.1328125
1 0.028125 0.42265625 0.05625 0.1671875
1 0.89765625 0.315625 0.125 0.155859375
1 0.98203125 0.315625 0.0359375 0.20625
1 0.8171875 0.0484375 0.15 0.096875
0 0.0546875 0.9484375 0.109375 0.103125
0 0.0515625 0.21484375 0.103125 0.1859375
2 0.77890625 0.81953125 0.13046875 0.1498046875
2 0.26875 0.74140625 0.1634765625 0.1703125
2 0.1125 0.8 0.134375 0.1578125
2 0.06796875 0.62890625 0.1359375 0.1890625
2 0.21171875 0.4140625 0.15078125 0.1751953125
2 0.17734375 0.24609375 0.1423828125 0.1765625
2 0.88359375 0.753125 0.190625 0.1830078125
2 0.34375 0.92265625 0.15 0.1546875
2 0.425 0.84140625 0.128125 0.18671875
0 0.70859375 0.275 0.1830078125 0.1439453125
2 0.94140625 0.66484375 0.1171875 0.1921875
1 0.8046875 0.959375 0.16875 0.08125
2 0.02109375 0.88203125 0.0421875 0.2078125