0 0.0625 0.41015625 0.125 0.2390625
3 0.23984375 0.8875 0.18125 0.2013671875
1 0.1375 0.075 0.1625 0.15
1 0.02109375 0.11171875 0.0421875 0.1703125
1 0.4390625 0.93046875 0.159375 0.1390625
1 0.63046875 0.87890625 0.1484375 0.1705078125
1 0.909375 0.65078125 0.1453125 0.1921875
2 0.40703125 0.634375 0.1546875 0.2197265625
2 0.53828125 0.571875 0.15390625 0.22890625
2 0.8359375 0.2625 0.1673828125 0.1703125
2 0.9171875 0.40078125 0.165625 0.2078125
2 0.8078125 0.75 0.15234375 0.202734375
2 0.6859375 0.65625 0.1875 0.2150390625
2 0.5578125 0.75 0.208203125 0.186328125
2 0.17890625 0.8015625 0.13359375 0.15859375
2 0.690625 0.09375 0.1720703125 0.183203125
1 0.93515625 0.0328125 0.1296875 0.065625
2 0.8578125 0.08125 0.152734375 0.1375
2 0.9796875 0.7 0.040625 0.203125