0 0.85078125 0.4265625 0.1537109375 0.269140625
0 0.35625 0.315625 0.1681640625 0.19609375
3 0.4953125 0.88046875 0.115625 0.2390625
0 0.06484375 0.44765625 0.116796875 0.254296875
2 0.6984375 0.61015625 0.11640625 0.18515625
2 0.5390625 0.57109375 0.109765625 0.16484375
2 0.4625 0.44765625 0.1359375 0.1626953125
2 0.6375 0.215625 0.15390625 0.1765625
2 0.5078125 0.1234375 0.147265625 0.1640625
2 0.36796875 0.12109375 0.15 0.2037109375
2 0.27578125 0.57109375 0.165625 0.17578125
2 0.28359375 0.75546875 0.1638671875 0.2041015625
2 0.11796875 0.734375 0.16171875 0.1828125
2 0.60625 0.88125 0.110546875 0.148046875
2 0.77578125 0.32109375 0.1189453125 0.2177734375
2 0.8453125 0.071875 0.13125 0.14375
2 0.228125 0.20546875 0.123046875 0.15
2 0.32890625 0.44453125 0.1408203125 0.14921875
2 0.425 0.8234375 0.081640625 0.198046875
2 0.19765625 0.0546875 0.1703125 0.109375
2 0.9078125 0.56328125 0.157421875 0.17578125
2 0.72734375 0.04375 0.1421875 0.0875
2 0.96171875 0.046875 0.0765625 0.09375
2 0.9765625 0.7296875 0.046875 0.175
2 0.97109375 0.46953125 0.0578125 0.1296875
2 0.62734375 0.97578125 0.1078125 0.0484375
2 0.01171875 0.47734375 0.0234375 0.2046875
2 0.98203125 0.16640625 0.0359375 0.1234375
0 0.375 0.9578125 0.121875 0.084375
2 0.45078125 0.015625 0.0921875 0.03125
2 0.98671875 0.32890625 0.0265625 0.1421875