2 0.62109375 0.859375 0.1216796875 0.163671875
2 0.09296875 0.82109375 0.137109375 0.155078125
1 0.70859375 0.24765625 0.1013671875 0.1513671875
2 0.83125 0.46953125 0.160546875 0.139453125
0 0.57734375 0.5328125 0.14921875 0.1490234375
0 0.51171875 0.39296875 0.1431640625 0.103125
2 0.8046875 0.75546875 0.133203125 0.1599609375
1 0.259375 0.31875 0.13984375 0.154296875
1 0.05703125 0.44296875 0.1140625 0.1609375
1 0.60625 0.1171875 0.1568359375 0.1908203125
1 0.3296875 0.7578125 0.133203125 0.169921875
1 0.3734375 0.50234375 0.160546875 0.161328125
1 0.4984375 0.84453125 0.120703125 0.15625
2 0.846875 0.15546875 0.121875 0.158203125
2 0.44140625 0.13515625 0.1185546875 0.19140625
2 0.67265625 0.7140625 0.12109375 0.14765625
1 0.2046875 0.6890625 0.1296875 0.162890625
2 0.87109375 0.60703125 0.1162109375 0.14140625
1 0.96875 0.3640625 0.0625 0.16875
2 0.94140625 0.67265625 0.1171875 0.1796875
2 0.54609375 0.9859375 0.1203125 0.028125
2 0.75859375 0.98046875 0.0984375 0.0390625
2 0.97890625 0.040625 0.0421875 0.08125
2 0.4703125 0.0296875 0.16875 0.059375
1 0.01953125 0.08125 0.0390625 0.1625
2 0.03515625 0.5859375 0.0703125 0.1625
2 0.86796875 0.01796875 0.0984375 0.0359375