1 0.32421875 0.825 0.1228515625 0.1517578125
1 0.96484375 0.91875 0.0703125 0.1625
1 0.540625 0.4546875 0.1412109375 0.1896484375
1 0.7984375 0.66640625 0.134375 0.178125
1 0.89296875 0.22578125 0.12734375 0.137890625
1 0.44140625 0.13203125 0.13984375 0.1630859375
1 0.8671875 0.0359375 0.121875 0.071875
0 0.64296875 0.75234375 0.18671875 0.1134765625
2 0.90546875 0.76328125 0.1138671875 0.1294921875
2 0.165625 0.86796875 0.155859375 0.172265625
2 0.13125 0.66640625 0.1126953125 0.134375
2 0.19765625 0.28203125 0.13203125 0.1716796875
2 0.2703125 0.07734375 0.109375 0.1546875
2 0.35703125 0.61796875 0.1181640625 0.1232421875
2 0.6046875 0.209375 0.1498046875 0.16640625
2 0.79453125 0.34375 0.1390625 0.161328125
0 0.95625 0.409375 0.0875 0.15625
2 0.153125 0.1265625 0.134375 0.16171875
2 0.40703125 0.2984375 0.124609375 0.1640625
2 0.6546875 0.05703125 0.125 0.1140625
2 0.65546875 0.3734375 0.1251953125 0.16640625
1 0.60859375 0.884375 0.115234375 0.133984375
2 0.25 0.5375 0.131640625 0.134375
2 0.8265625 0.884375 0.1337890625 0.1248046875
1 0.06484375 0.790625 0.1296875 0.184375
2 0.10390625 0.41953125 0.173046875 0.20859375
2 0.10703125 0.534375 0.15703125 0.1337890625
1 0.13828125 0.9703125 0.1421875 0.059375
1 0.3765625 0.975 0.14375 0.05
2 0.515625 0.93203125 0.15 0.1359375
2 0.78359375 0.97734375 0.1328125 0.0453125
2 0.884375 0.4671875 0.137109375 0.186328125
1 0.98125 0.23203125 0.0375 0.1734375
2 0.990625 0.065625 0.01875 0.128125
1 0.04296875 0.140625 0.0859375 0.2