1 0.521875 0.484375 0.175 0.205859375
1 0.409375 0.89296875 0.190625 0.2140625
3 0.6 0.87265625 0.20390625 0.21484375
0 0.03828125 0.8640625 0.0765625 0.271875
0 0.2703125 0.86171875 0.1078125 0.2056640625
2 0.18984375 0.7609375 0.142578125 0.1875
2 0.33203125 0.6671875 0.1609375 0.197265625
2 0.1703125 0.5828125 0.1724609375 0.1916015625
2 0.36796875 0.23125 0.1671875 0.20546875
2 0.8859375 0.6890625 0.0982421875 0.1916015625
2 0.92578125 0.5421875 0.1484375 0.178125
0 0.74375 0.56953125 0.1537109375 0.1240234375
2 0.7859375 0.72109375 0.13828125 0.1671875
2 0.271875 0.1625 0.1478515625 0.2009765625
1 0.85234375 0.4125 0.18515625 0.238671875
2 0.78984375 0.19453125 0.161328125 0.15703125
2 0.928125 0.15390625 0.1287109375 0.1830078125
2 0.09140625 0.08125 0.1796875 0.1625
2 0.015625 0.25 0.03125 0.2125
2 0.2953125 0.02265625 0.14375 0.0453125
1 0.04609375 0.6734375 0.0921875 0.165625
2 0.946875 0.06875 0.10625 0.1375
2 0.9890625 0.66015625 0.021875 0.1359375
2 0.96328125 0.309375 0.0734375 0.196875
2 0.98671875 0.43671875 0.0265625 0.1265625