4 0.48828125 0.85234375 0.1923828125 0.2306640625
1 0.64296875 0.1125 0.1697265625 0.2158203125
1 0.10078125 0.2625 0.15078125 0.197265625
2 0.0890625 0.5796875 0.178125 0.240625
2 0.484375 0.52265625 0.1607421875 0.2015625
2 0.4125 0.31875 0.1888671875 0.2109375
1 0.28828125 0.12734375 0.17890625 0.20625
2 0.33203125 0.60234375 0.170703125 0.19140625
2 0.146875 0.88046875 0.14375 0.2083984375
2 0.2828125 0.80625 0.155859375 0.212890625
2 0.04921875 0.896875 0.0984375 0.20625
0 0.059375 0.08984375 0.11875 0.1484375
2 0.8328125 0.02734375 0.153125 0.0546875
2 0.96171875 0.08828125 0.0765625 0.1765625
2 0.98359375 0.26875 0.0328125 0.16875