1 0.6625 0.1453125 0.130078125 0.16953125
1 0.66796875 0.32265625 0.1458984375 0.15703125
1 0.89296875 0.534375 0.1396484375 0.1556640625
1 0.428125 0.91640625 0.140625 0.1671875
1 0.315625 0.93515625 0.15625 0.1296875
1 0.26171875 0.80078125 0.13984375 0.1765625
1 0.12109375 0.81484375 0.14296875 0.198828125
2 0.36328125 0.478125 0.1474609375 0.1783203125
2 0.38828125 0.20078125 0.14765625 0.1626953125
2 0.5890625 0.5 0.1515625 0.17578125
2 0.79453125 0.309375 0.1294921875 0.21640625
2 0.73984375 0.4625 0.1390625 0.174609375
2 0.596875 0.71796875 0.128125 0.20390625
2 0.05078125 0.36484375 0.1015625 0.1859375
2 0.36328125 0.74765625 0.141796875 0.17578125
2 0.059375 0.5390625 0.11875 0.171875
2 0.0625 0.6515625 0.125 0.209375
1 0.74375 0.6015625 0.1427734375 0.152734375
0 0.7015625 0.828125 0.1369140625 0.216796875
0 0.471875 0.7421875 0.1314453125 0.266796875
0 0.946875 0.71171875 0.10625 0.2484375
0 0.98671875 0.109375 0.0265625 0.21875
1 0.97890625 0.225 0.0076171875 0.037109375
2 0.6015625 0.98828125 0.1375 0.0234375
2 0.29453125 0.21171875 0.12734375 0.1982421875
2 0.203125 0.18203125 0.1322265625 0.18046875