1 0.3421875 0.1359375 0.126171875 0.1537109375
1 0.97109375 0.06171875 0.0578125 0.1234375
1 0.55625 0.50234375 0.121484375 0.1779296875
1 0.81171875 0.2921875 0.133203125 0.17734375
1 0.90625 0.72890625 0.128125 0.1376953125
1 0.4578125 0.821875 0.126953125 0.151171875
1 0.88046875 0.94296875 0.1171875 0.1140625
0 0.6578125 0.2078125 0.183203125 0.1103515625
2 0.91796875 0.196875 0.1236328125 0.1380859375
2 0.184375 0.09296875 0.1642578125 0.1791015625
2 0.15 0.2921875 0.1255859375 0.144140625
2 0.215625 0.67265625 0.1412109375 0.1759765625
2 0.28984375 0.89609375 0.11171875 0.19140625
2 0.37421875 0.340625 0.1125 0.1162109375
2 0.6203125 0.74453125 0.135546875 0.1552734375
2 0.8078125 0.61171875 0.1271484375 0.1501953125
0 0.9640625 0.546875 0.071875 0.15
2 0.171875 0.82734375 0.1322265625 0.16015625
2 0.42421875 0.65703125 0.1236328125 0.1623046875
2 0.6703125 0.9125 0.11875 0.133984375
2 0.6703125 0.5828125 0.11796875 0.159765625
1 0.62421875 0.07734375 0.11484375 0.1322265625
2 0.26796875 0.4203125 0.145703125 0.14609375
2 0.83984375 0.07734375 0.134375 0.12421875
1 0.0796875 0.171875 0.1390625 0.1826171875
2 0.1234375 0.53671875 0.1595703125 0.19921875
2 0.1265625 0.4234375 0.1623046875 0.1404296875
1 0.15703125 0.0125 0.1421875 0.025
2 0.53125 0.04765625 0.14375 0.0953125
2 0.89765625 0.48984375 0.12734375 0.1775390625
1 0.99140625 0.72265625 0.0171875 0.1703125
1 0.053125 0.8171875 0.10625 0.2
2 0.5015625 0.97109375 0.140625 0.0578125
2 0.37265625 0.9671875 0.1203125 0.065625