1 0.54375 0.4640625 0.1486328125 0.1849609375
1 0.4375 0.85703125 0.18203125 0.209375
3 0.6171875 0.83671875 0.1880859375 0.2015625
0 0.0640625 0.83125 0.11484375 0.275
0 0.3046875 0.8265625 0.1033203125 0.19765625
2 0.22890625 0.7296875 0.14921875 0.190234375
2 0.36328125 0.640625 0.1541015625 0.1908203125
2 0.21015625 0.55859375 0.14375 0.16875
2 0.39765625 0.221875 0.155859375 0.19375
2 0.88828125 0.6609375 0.10390625 0.1896484375
2 0.92578125 0.52109375 0.1484375 0.1765625
0 0.75390625 0.54609375 0.1546875 0.13125
2 0.79375 0.69140625 0.1380859375 0.16484375
2 0.30703125 0.15546875 0.13203125 0.1876953125
1 0.85625 0.3953125 0.1794921875 0.230859375
2 0.79765625 0.1859375 0.1431640625 0.14140625
2 0.928125 0.14765625 0.134765625 0.18359375
2 0.1359375 0.07890625 0.175 0.1578125
2 0.040625 0.2375 0.08125 0.209375
2 0.32890625 0.02109375 0.1359375 0.0421875
1 0.0734375 0.64296875 0.1396484375 0.16328125
2 0.95078125 0.0640625 0.0984375 0.1279296875
2 0.990625 0.63359375 0.01875 0.1328125
2 0.96484375 0.296875 0.0703125 0.1875
2 0.9859375 0.41953125 0.028125 0.1234375
2 0.30234375 0.98984375 0.1140625 0.0203125
2 0.09375 0.9890625 0.06875 0.021875