1 0.51640625 0.4703125 0.1607421875 0.203515625
1 0.2828125 0.38828125 0.176953125 0.221875
1 0.09453125 0.08984375 0.1484375 0.1796875
0 0.946875 0.31015625 0.105859375 0.314453125
0 0.646875 0.89296875 0.184375 0.2140625
1 0.0515625 0.734375 0.103125 0.240625
1 0.10390625 0.4296875 0.1986328125 0.2724609375
2 0.2890625 0.9140625 0.171875 0.171875
2 0.69140625 0.3640625 0.1900390625 0.2373046875
2 0.82734375 0.68203125 0.2080078125 0.23515625
2 0.96171875 0.9015625 0.0765625 0.196875
2 0.378125 0.7421875 0.195703125 0.2234375
0 0.51015625 0.9515625 0.1171875 0.096875
2 0.9765625 0.19921875 0.046875 0.2671875
2 0.17578125 0.7875 0.144921875 0.26875
2 0.91328125 0.975 0.1671875 0.05
2 0.96484375 0.60390625 0.0703125 0.2515625