1 0.4921875 0.43828125 0.1681640625 0.20859375
1 0.721875 0.3578125 0.157421875 0.20703125
1 0.90703125 0.075 0.1453125 0.15
0 0.06171875 0.28046875 0.1234375 0.3140625
0 0.3640625 0.87109375 0.1728515625 0.23984375
1 0.94609375 0.7 0.1078125 0.240625
1 0.89765625 0.39765625 0.1751953125 0.2572265625
2 0.71484375 0.89609375 0.1703125 0.2078125
2 0.3203125 0.33359375 0.19375 0.23828125
2 0.1859375 0.64765625 0.1859375 0.2158203125
2 0.046875 0.88359375 0.09375 0.2328125
2 0.628125 0.70703125 0.1859375 0.2158203125
0 0.496875 0.93359375 0.11875 0.1328125
2 0.02734375 0.1703125 0.0546875 0.265625
2 0.8265625 0.75234375 0.142578125 0.26640625
2 0.1015625 0.95703125 0.16875 0.0859375
2 0.040625 0.5703125 0.08125 0.25