2 0.75859375 0.71953125 0.1333984375 0.1771484375
2 0.5640625 0.59921875 0.164453125 0.1791015625
2 0.4171875 0.8296875 0.2203125 0.2107421875
2 0.909375 0.76953125 0.1333984375 0.18671875
1 0.0671875 0.76171875 0.134375 0.1984375
2 0.47734375 0.38203125 0.1919921875 0.21171875
2 0.0515625 0.46484375 0.103125 0.1765625
2 0.4921875 0.95859375 0.203125 0.0828125
2 0.575 0.0984375 0.228125 0.196875
2 0.9671875 0.1109375 0.065625 0.21875
2 0.3625 0.0359375 0.2 0.071875
2 0.12265625 0.01640625 0.1140625 0.0328125