0 0.428125 0.7640625 0.1580078125 0.333203125
0 0.5328125 0.37109375 0.19296875 0.173046875
0 0.89765625 0.54375 0.168359375 0.166015625
2 0.07109375 0.2421875 0.1421875 0.20625
3 0.17421875 0.19765625 0.1455078125 0.2091796875
0 0.7109375 0.6015625 0.159765625 0.2298828125
2 0.809375 0.75 0.178515625 0.242578125
2 0.94609375 0.72265625 0.1078125 0.2109375
2 0.7234375 0.3046875 0.1796875 0.2365234375
2 0.14140625 0.82421875 0.2048828125 0.26328125
2 0.41796875 0.18671875 0.2013671875 0.23515625
2 0.334375 0.04140625 0.18125 0.0828125
2 0.51796875 0.053125 0.1765625 0.10625
2 0.96484375 0.23671875 0.0703125 0.2421875
2 0.49375 0.6703125 0.1859375 0.225390625
2 0.584375 0.51953125 0.177734375 0.1896484375
2 0.91015625 0.8953125 0.1734375 0.209375
2 0.928125 0.0296875 0.14375 0.059375
2 0.66875 0.9671875 0.140625 0.065625
2 0.4703125 0.965625 0.171875 0.06875
2 0.975 0.50078125 0.05 0.2203125
2 0.02734375 0.91171875 0.0546875 0.1765625