0 0.7734375 0.83359375 0.106640625 0.2421875
0 0.08125 0.14296875 0.153125 0.18125
2 0.29453125 0.40390625 0.15078125 0.1576171875
2 0.3765625 0.753125 0.12109375 0.229296875
0 0.159375 0.4921875 0.116015625 0.19296875
2 0.70234375 0.55625 0.1291015625 0.217578125
2 0.76171875 0.34453125 0.1654296875 0.1787109375
2 0.64765625 0.15078125 0.1794921875 0.1671875
2 0.61953125 0.72421875 0.1455078125 0.15859375
2 0.178125 0.7140625 0.1244140625 0.1919921875
2 0.1625 0.8953125 0.1357421875 0.169140625
2 0.1234375 0.28828125 0.1287109375 0.1478515625
2 0.653125 0.29609375 0.1271484375 0.1677734375
2 0.79453125 0.08046875 0.1796875 0.1609375
2 0.82578125 0.53828125 0.15 0.2353515625
2 0.6234375 0.89296875 0.1384765625 0.1900390625
2 0.071875 0.81640625 0.09765625 0.253125
2 0.72265625 0.9234375 0.1234375 0.153125
2 0.390625 0.9765625 0.134375 0.046875
2 0.54296875 0.97109375 0.1328125 0.0578125
2 0.05546875 0.38125 0.1109375 0.15