0 0.2265625 0.83828125 0.114453125 0.2453125
0 0.91875 0.14765625 0.15625 0.18359375
2 0.70546875 0.409375 0.1640625 0.169140625
2 0.6234375 0.7578125 0.133203125 0.2341796875
0 0.840625 0.49765625 0.1259765625 0.19765625
2 0.29765625 0.5609375 0.1361328125 0.223046875
2 0.23828125 0.34921875 0.1623046875 0.1763671875
2 0.35234375 0.15546875 0.1693359375 0.15546875
2 0.38046875 0.7296875 0.148046875 0.1609375
2 0.821875 0.71953125 0.1142578125 0.1853515625
2 0.8375 0.90078125 0.122265625 0.15859375
2 0.8765625 0.29375 0.134765625 0.154296875
2 0.346875 0.30078125 0.1396484375 0.1755859375
2 0.20546875 0.08125 0.1734375 0.1625
2 0.17421875 0.54375 0.14140625 0.2326171875
2 0.3765625 0.89765625 0.1455078125 0.1939453125
2 0.928125 0.82109375 0.09765625 0.253125
2 0.27734375 0.9234375 0.1359375 0.153125
2 0.60859375 0.9796875 0.1328125 0.040625
2 0.45703125 0.971875 0.1359375 0.05625
2 0.9421875 0.38671875 0.115625 0.1578125