1 0.6515625 0.384375 0.1759765625 0.21484375
1 0.915625 0.2390625 0.1453125 0.259765625
1 0.45234375 0.90859375 0.1359375 0.1828125
1 0.5328125 0.52734375 0.244140625 0.22890625
1 0.80546875 0.82109375 0.1765625 0.2119140625
1 0.40078125 0.01953125 0.1484375 0.0390625
2 0.2359375 0.8078125 0.2029296875 0.221875
2 0.27109375 0.05703125 0.2140625 0.1140625
2 0.22265625 0.14609375 0.1390625 0.184375
2 0.0578125 0.053125 0.115625 0.10625
2 0.06875 0.8125 0.1375 0.221875
1 0.05390625 0.5984375 0.1078125 0.1875
1 0.03359375 0.3984375 0.0671875 0.228125
0 0.97421875 0.4171875 0.0515625 0.221875
1 0.94375 0.90703125 0.1125 0.1859375
1 0.103125 0.95390625 0.153125 0.0921875