1 0.2328125 0.7890625 0.14375 0.20546875
0 0.5703125 0.2578125 0.2494140625 0.1576171875
2 0.6328125 0.7734375 0.1724609375 0.2306640625
2 0.4625 0.72890625 0.154296875 0.209375
2 0.08046875 0.68828125 0.1609375 0.2359375
2 0.8453125 0.31015625 0.15625 0.2294921875
2 0.884375 0.78671875 0.1505859375 0.2109375
1 0.6484375 0.4453125 0.1767578125 0.2103515625
1 0.35390625 0.07578125 0.1515625 0.1515625
1 0.934375 0.5140625 0.13125 0.19375
2 0.1625 0.1171875 0.141796875 0.1849609375
2 0.61640625 0.0421875 0.1703125 0.084375
2 0.86640625 0.03203125 0.1671875 0.0640625
1 0.36875 0.984375 0.199609375 0.03125
1 0.68515625 0.984375 0.1359375 0.03125
2 0.8328125 0.93125 0.1875 0.1375
2 0.96953125 0.97890625 0.0578125 0.0421875
2 0.978125 0.72109375 0.0435546875 0.203125
2 0.06953125 0.09140625 0.1390625 0.1828125