1 0.21328125 0.76015625 0.1419921875 0.2037109375
0 0.54609375 0.234375 0.2421875 0.145703125
2 0.6078125 0.74453125 0.1671875 0.22734375
2 0.440625 0.70078125 0.1578125 0.210546875
2 0.07265625 0.6609375 0.1453125 0.234375
2 0.8171875 0.2859375 0.1767578125 0.241796875
2 0.85546875 0.7578125 0.1390625 0.203515625
1 0.6234375 0.4203125 0.174609375 0.2083984375
1 0.33359375 0.06328125 0.1421875 0.1265625
1 0.92109375 0.48828125 0.1578125 0.1921875
2 0.14453125 0.0953125 0.1447265625 0.18515625
2 0.590625 0.03046875 0.1625 0.0609375
2 0.8375 0.01875 0.1625 0.0375
1 0.34921875 0.96796875 0.1984375 0.0640625
1 0.6609375 0.9671875 0.133984375 0.065625
2 0.80625 0.915625 0.184375 0.16875
2 0.9546875 0.96328125 0.090625 0.0734375
2 0.96171875 0.69375 0.0765625 0.203125
2 0.0609375 0.08046875 0.121875 0.1609375