1 0.66484375 0.88203125 0.1236328125 0.1671875
1 0.6703125 0.7046875 0.1544921875 0.16640625
1 0.89375 0.4921875 0.1375 0.1548828125
1 0.43203125 0.1078125 0.13515625 0.169921875
1 0.3203125 0.07734375 0.15 0.1546875
1 0.26796875 0.22578125 0.1349609375 0.1734375
1 0.128125 0.2125 0.1412109375 0.1978515625
2 0.36796875 0.5484375 0.14609375 0.1783203125
2 0.39296875 0.8265625 0.15390625 0.169921875
2 0.5921875 0.5265625 0.1423828125 0.168359375
2 0.79609375 0.71796875 0.1267578125 0.21640625
2 0.7421875 0.56484375 0.1228515625 0.16328125
2 0.6 0.309375 0.122265625 0.20234375
2 0.05234375 0.6609375 0.1044921875 0.183984375
2 0.36796875 0.2796875 0.14921875 0.18203125
2 0.0640625 0.4875 0.128125 0.175
2 0.06328125 0.37421875 0.1265625 0.2046875
1 0.74609375 0.42578125 0.14609375 0.1578125
0 0.70390625 0.19921875 0.1244140625 0.2109375
0 0.47578125 0.28515625 0.1296875 0.265625
0 0.94921875 0.315625 0.1015625 0.246875
0 0.990625 0.903125 0.01875 0.19375
1 0.9796875 0.8015625 0.0103515625 0.034765625
2 0.60390625 0.028125 0.1390625 0.05625
2 0.30078125 0.81484375 0.1271484375 0.1982421875
2 0.209375 0.8453125 0.125 0.177734375