3 0.2875 0.58828125 0.1177734375 0.2755859375
1 0.12421875 0.79375 0.1591796875 0.1861328125
1 0.0765625 0.40390625 0.1501953125 0.16484375
1 0.2109375 0.4890625 0.110546875 0.1978515625
1 0.49375 0.5109375 0.166015625 0.1794921875
1 0.61484375 0.91328125 0.1390625 0.1734375
1 0.46796875 0.90625 0.1546875 0.1875
2 0.83203125 0.93671875 0.1390625 0.1265625
2 0.896875 0.6484375 0.178125 0.1779296875
0 0.86171875 0.79140625 0.1671875 0.09765625
2 0.2890625 0.20078125 0.1619140625 0.2197265625
2 0.35546875 0.753125 0.16796875 0.1990234375
2 0.13828125 0.15390625 0.1734375 0.204296875
2 0.45625 0.15078125 0.1828125 0.2265625
1 0.59921875 0.70625 0.15234375 0.1748046875
2 0.44453125 0.65078125 0.1458984375 0.1654296875
2 0.75703125 0.82421875 0.14375 0.20859375
2 0.709375 0.64609375 0.1787109375 0.25625
2 0.01015625 0.77578125 0.0203125 0.1984375
2 0.659375 0.009375 0.128125 0.01875
2 0.82578125 0.01953125 0.1265625 0.0390625