3 0.43359375 0.42734375 0.1962890625 0.259375
1 0.13203125 0.0734375 0.1296875 0.146875
1 0.20703125 0.19453125 0.1439453125 0.1703125
1 0.72890625 0.134375 0.1408203125 0.1830078125
1 0.5234375 0.05078125 0.134375 0.1015625
1 0.41171875 0.7734375 0.1408203125 0.1765625
1 0.9125 0.55390625 0.1353515625 0.159375
1 0.8515625 0.19296875 0.127734375 0.17421875
0 0.3390625 0.94140625 0.11875 0.1171875
2 0.05546875 0.5015625 0.1109375 0.1625
2 0.1578125 0.45703125 0.1130859375 0.16171875
2 0.02265625 0.6609375 0.0453125 0.178125
2 0.61875 0.27109375 0.1904296875 0.2150390625
2 0.5421875 0.928125 0.11875 0.14375
2 0.98515625 0.28359375 0.0296875 0.1640625
2 0.9015625 0.01171875 0.140625 0.0234375
1 0.20390625 0.96328125 0.1359375 0.0734375
0 0.39765625 0.04921875 0.1234375 0.0984375