0 0.82421875 0.340625 0.121484375 0.17265625
0 0.359375 0.89765625 0.13125 0.2046875
0 0.3671875 0.06640625 0.109375 0.1328125
2 0.225 0.5203125 0.146484375 0.20234375
2 0.5265625 0.85390625 0.1533203125 0.1490234375
2 0.0890625 0.184375 0.123828125 0.170703125
2 0.26484375 0.840625 0.09453125 0.183203125
1 0.465625 0.16953125 0.140234375 0.1828125
1 0.68203125 0.3234375 0.15234375 0.190625
1 0.63828125 0.16171875 0.11796875 0.1359375
2 0.51171875 0.52265625 0.18125 0.2173828125
2 0.35 0.553125 0.128515625 0.2083984375
2 0.15 0.72734375 0.1576171875 0.18515625
2 0.17265625 0.2953125 0.1556640625 0.1947265625
2 0.53046875 0.6921875 0.174609375 0.155859375
2 0.0359375 0.64453125 0.071875 0.1703125
2 0.74140625 0.946875 0.121875 0.10625
2 0.63515625 0.96953125 0.1328125 0.0609375
2 0.4921875 0.95234375 0.134375 0.0953125
2 0.91015625 0.9546875 0.1578125 0.090625
2 0.01484375 0.9546875 0.0296875 0.090625
2 0.8265625 0.0203125 0.103125 0.040625
2 0.7453125 0.12421875 0.139453125 0.191796875