3 0.4390625 0.465625 0.187890625 0.2505859375
1 0.14140625 0.11015625 0.1150390625 0.16015625
1 0.21796875 0.2375 0.1361328125 0.165234375
1 0.72734375 0.17890625 0.1298828125 0.175
1 0.525 0.07265625 0.134375 0.1453125
1 0.41796875 0.80390625 0.134765625 0.17109375
1 0.90625 0.5890625 0.1392578125 0.16171875
1 0.846875 0.2359375 0.13515625 0.176171875
0 0.346875 0.9546875 0.115625 0.090625
2 0.0609375 0.5375 0.121875 0.159375
2 0.16953125 0.49453125 0.1181640625 0.1638671875
2 0.02890625 0.69453125 0.0578125 0.1734375
2 0.6203125 0.3125 0.177734375 0.2025390625
2 0.5453125 0.94375 0.109375 0.1125
2 0.98125 0.325 0.0375 0.1625
2 0.9921875 0.0953125 0.015625 0.171875
2 0.89609375 0.03359375 0.1453125 0.0671875
1 0.2140625 0.97578125 0.134375 0.0484375
0 0.40390625 0.0734375 0.1328125 0.146875
2 0.015625 0.04375 0.03125 0.0875