1 0.45703125 0.71015625 0.1390625 0.1849609375
1 0.6109375 0.81484375 0.1306640625 0.1708984375
1 0.8953125 0.8109375 0.13203125 0.16171875
1 0.5859375 0.05703125 0.140625 0.1140625
1 0.0484375 0.525 0.096875 0.159375
1 0.88125 0.62578125 0.1181640625 0.1466796875
1 0.97109375 0.6265625 0.0578125 0.19375
1 0.80390625 0.90625 0.133203125 0.135546875
0 0.07421875 0.04296875 0.1484375 0.0859375
0 0.07109375 0.7203125 0.1421875 0.178125
2 0.77109375 0.15390625 0.1248046875 0.1419921875
2 0.296875 0.2265625 0.153125 0.1587890625
2 0.15078125 0.171875 0.1232421875 0.14609375
2 0.0953125 0.33359375 0.142578125 0.1732421875
2 0.24296875 0.53359375 0.13984375 0.1640625
2 0.21171875 0.69140625 0.12109375 0.1564453125
2 0.86796875 0.21640625 0.16953125 0.1640625
2 0.36640625 0.0640625 0.1359375 0.128125
2 0.4421875 0.1328125 0.104296875 0.1666015625
2 0.68515625 0.9484375 0.1546875 0.103125
0 0.70546875 0.6640625 0.17578125 0.1416015625
2 0.93359375 0.29765625 0.1328125 0.1828125
1 0.7953125 0.0328125 0.159375 0.065625
2 0.04296875 0.096875 0.0859375 0.19375
2 0.01484375 0.2984375 0.0296875 0.171875
2 0.190625 0.95703125 0.13125 0.0859375
2 0.98984375 0.31171875 0.0203125 0.1453125
2 0.9953125 0.1375 0.009375 0.13125