0 0.8109375 0.44375 0.12578125 0.1791015625
0 0.409375 0.265625 0.1353515625 0.2525390625
0 0.2578125 0.459375 0.16796875 0.116015625
0 0.0421875 0.4140625 0.084375 0.26875
0 0.16484375 0.27265625 0.1048828125 0.2654296875
0 0.11015625 0.84453125 0.1599609375 0.17890625
2 0.55703125 0.35703125 0.1658203125 0.1828125
2 0.23671875 0.7296875 0.14296875 0.1912109375
2 0.10234375 0.653125 0.123046875 0.18125
2 0.92265625 0.55625 0.1376953125 0.203125
2 0.75390625 0.69921875 0.1921875 0.1708984375
2 0.57265625 0.89453125 0.1515625 0.2109375
2 0.93203125 0.27421875 0.1359375 0.2421875
2 0.2765625 0.56640625 0.1298828125 0.1140625
3 0.14609375 0.11953125 0.1484375 0.1904296875
2 0.6953125 0.18125 0.149609375 0.20234375
2 0.32734375 0.11484375 0.1015625 0.150390625
2 0.4609375 0.05234375 0.134375 0.1046875
2 0.940625 0.0453125 0.11875 0.090625
2 0.94453125 0.77421875 0.1109375 0.1640625
0 0.40546875 0.9359375 0.0837890625 0.1279296875
1 0.15078125 0.94921875 0.1390625 0.1015625
2 0.0328125 0.9484375 0.065625 0.103125
3 0.9 0.9203125 0.175 0.159375
1 0.05390625 0.2203125 0.1078125 0.190625
2 0.65625 0.94921875 0.1125 0.1015625
2 0.76953125 0.92265625 0.1265625 0.1546875
2 0.2734375 0.04375 0.128125 0.0875
2 0.021875 0.65859375 0.04375 0.1453125
2 0.4796875 0.95234375 0.115625 0.0953125