1 0.44765625 0.01953125 0.1078125 0.0390625
1 0.52109375 0.58046875 0.07890625 0.05234375
1 0.3734375 0.8953125 0.0515625 0.103125
1 0.41640625 0.584375 0.103125 0.0546875
1 0.14140625 0.64453125 0.05546875 0.0421875
4 0.13125 0.6359375 0.03828125 0.05234375
3 0.16796875 0.12578125 0.059375 0.06640625
3 0.07265625 0.28203125 0.0609375 0.07265625
3 0.2921875 0.26328125 0.02890625 0.0734375
3 0.42109375 0.69453125 0.071875 0.0453125
3 0.47578125 0.6640625 0.06796875 0.04765625
3 0.41171875 0.96015625 0.07265625 0.05390625
3 0.5125 0.40234375 0.084375 0.0484375
3 0.37265625 0.4375 0.075 0.0671875
3 0.9015625 0.20078125 0.08203125 0.04765625
3 0.67890625 0.07265625 0.07109375 0.04765625
3 0.584375 0.95234375 0.05390625 0.0765625
1 0.6140625 0.74453125 0.065625 0.05
4 0.59609375 0.7234375 0.05390625 0.0484375
0 0.0578125 0.16875 0.04765625 0.0765625
0 0.09296875 0.0296875 0.05625 0.05703125
4 0.140625 0.01328125 0.05 0.02578125
4 0.3421875 0.07890625 0.04375 0.065625
4 0.21015625 0.26953125 0.0640625 0.06875
4 0.15 0.31171875 0.059375 0.04765625
0 0.1171875 0.3609375 0.05546875 0.075
4 0.015625 0.378125 0.03125 0.06953125
4 0.35 0.36484375 0.0625 0.075
4 0.0140625 0.72890625 0.028125 0.0734375
4 0.009375 0.82734375 0.01875 0.04609375
1 0.009375 0.9671875 0.01875 0.03984375
4 0.0546875 0.86875 0.06796875 0.0828125
4 0.13203125 0.7828125 0.06875 0.1296875
4 0.1984375 0.70390625 0.0765625 0.0953125
0 0.27421875 0.7703125 0.0546875 0.0734375
4 0.18046875 0.890625 0.06328125 0.08515625
4 0.45546875 0.76015625 0.07734375 0.075
4 0.303125 0.90234375 0.06875 0.103125
4 0.26796875 0.98828125 0.04140625 0.0234375
4 0.40546875 0.90625 0.05234375 0.06015625
4 0.4390625 0.98828125 0.0625 0.0234375
4 0.553125 0.12421875 0.0671875 0.053125
4 0.61015625 0.15390625 0.053125 0.075
4 0.70625 0.13359375 0.065625 0.08125
4 0.6921875 0.2375 0.04296875 0.05703125
4 0.71953125 0.2921875 0.04453125 0.0765625
4 0.5890625 0.31640625 0.04921875 0.06953125
4 0.578125 0.403125 0.06171875 0.0828125
4 0.60078125 0.46015625 0.06875 0.053125
4 0.5296875 0.9484375 0.06796875 0.071875
4 0.5625 0.6390625 0.05703125 0.06171875
4 0.621875 0.66171875 0.075 0.0953125
1 0.59453125 0.7703125 0.059375 0.06484375
4 0.68359375 0.93359375 0.0546875 0.05546875
4 0.715625 0.8671875 0.065625 0.075
4 0.74296875 0.79609375 0.0640625 0.08515625
0 0.7484375 0.9453125 0.05078125 0.07578125
0 0.64140625 0.9703125 0.05546875 0.05625
3 0.71171875 0.98046875 0.05546875 0.03515625
4 0.790625 0.86328125 0.0484375 0.0921875
4 0.8296875 0.81953125 0.0734375 0.0734375
4 0.8734375 0.7921875 0.05859375 0.109375
4 0.95703125 0.7703125 0.046875 0.065625
4 0.9265625 0.840625 0.046875 0.06328125
4 0.984375 0.9234375 0.03125 0.046875
4 0.95 0.94453125 0.053125 0.06171875
4 0.92890625 0.99140625 0.025 0.0171875
4 0.78125 0.63046875 0.0671875 0.07265625
4 0.63125 0.515625 0.06171875 0.05
4 0.67265625 0.55546875 0.0703125 0.06953125
0 0.753125 0.36640625 0.04765625 0.06484375
0 0.7796875 0.440625 0.0453125 0.06015625
4 0.88203125 0.3625 0.06484375 0.04765625
4 0.9046875 0.30625 0.05390625 0.065625
4 0.96640625 0.35859375 0.046875 0.04453125
4 0.984375 0.41796875 0.02890625 0.06171875
4 0.9875 0.0359375 0.02109375 0.0375
4 0.89765625 0.53125 0.0515625 0.075
4 0.84296875 0.49921875 0.05859375 0.04765625
4 0.84609375 0.56171875 0.0484375 0.08046875