4 0.33359375 0.4984375 0.0609375 0.07578125
0 0.96015625 0.6140625 0.0515625 0.0734375
0 0.7203125 0.79921875 0.0640625 0.0734375
0 0.87890625 0.47421875 0.05625 0.0796875
0 0.2890625 0.175 0.05234375 0.0671875
4 0.81484375 0.95625 0.0703125 0.0796875
4 0.7203125 0.6484375 0.0578125 0.0859375
4 0.60234375 0.6140625 0.0734375 0.096875
4 0.17890625 0.5859375 0.05390625 0.0890625
4 0.21015625 0.6609375 0.06171875 0.08515625
4 0.41171875 0.8140625 0.0625 0.09765625
4 0.025 0.13984375 0.05 0.1015625
4 0.121875 0.03515625 0.065625 0.0703125
4 0.06953125 0.29296875 0.06171875 0.0734375
4 0.1296875 0.3328125 0.06484375 0.06953125
4 0.17734375 0.2703125 0.06796875 0.0671875
4 0.2203125 0.1828125 0.0625 0.0828125
4 0.55625 0.8015625 0.05625 0.0828125
4 0.5984375 0.859375 0.0515625 0.07734375
4 0.54140625 0.9453125 0.06640625 0.07890625
1 0.478125 0.92421875 0.10078125 0.06953125
1 0.68828125 0.50390625 0.096875 0.04921875
1 0.40703125 0.25546875 0.07109375 0.059375
1 0.24921875 0.32265625 0.05703125 0.0734375
1 0.58828125 0.19296875 0.07421875 0.05625
1 0.253125 0.78984375 0.06484375 0.0953125
1 0.9625 0.146875 0.075 0.059375
4 0.33828125 0.3171875 0.06953125 0.1
4 0.2625 0.390625 0.06015625 0.0671875
0 0.19609375 0.4234375 0.059375 0.07890625
4 0.7796875 0.5421875 0.06875 0.06015625
4 0.92578125 0.5359375 0.078125 0.06484375
4 0.4484375 0.52109375 0.078125 0.096875
4 0.54375 0.3484375 0.07265625 0.09921875
4 0.52109375 0.22734375 0.05703125 0.0859375
4 0.7046875 0.40078125 0.06875 0.0828125
4 0.5484375 0.08984375 0.05546875 0.07578125
4 0.39140625 0.11640625 0.0578125 0.07265625
4 0.30546875 0.08203125 0.05234375 0.0734375
4 0.334375 0.11484375 0.05546875 0.0875
4 0.34375 0.20625 0.065625 0.08515625
3 0.38828125 0.30390625 0.04765625 0.09296875
3 0.80703125 0.028125 0.07109375 0.05625
4 0.51484375 0.690625 0.0703125 0.06953125
4 0.77734375 0.69921875 0.05625 0.07578125
0 0.878125 0.73984375 0.06640625 0.08515625
4 0.82265625 0.21328125 0.07421875 0.1015625
4 0.971875 0.07734375 0.05390625 0.08515625
4 0.971875 0.22421875 0.05546875 0.08984375
4 0.98359375 0.3328125 0.0328125 0.0734375
4 0.90625 0.8546875 0.0703125 0.07890625
4 0.49609375 0.84296875 0.06171875 0.075
4 0.1546875 0.9671875 0.0734375 0.065625
4 0.88984375 0.95234375 0.06171875 0.0796875
0 0.74375 0.03515625 0.0625 0.0703125