3 0.43515625 0.4546875 0.07265625 0.06484375
3 0.5109375 0.6046875 0.06640625 0.0734375
3 0.1953125 0.56484375 0.08046875 0.05234375
3 0.96875 0.38359375 0.0625 0.06875
4 0.25390625 0.3984375 0.0625 0.0796875
4 0.7140625 0.596875 0.059375 0.07734375
4 0.84140625 0.65390625 0.05390625 0.07578125
4 0.86015625 0.73203125 0.059375 0.08515625
4 0.815625 0.1453125 0.0625 0.0734375
4 0.22421875 0.109375 0.0515625 0.0796875
4 0.290625 0.028125 0.06484375 0.05625
4 0.44765625 0.03203125 0.0609375 0.0640625
4 0.521875 0.03359375 0.0609375 0.0671875
4 0.5765625 0.04296875 0.06484375 0.0859375
4 0.68125 0.0953125 0.06875 0.0796875
4 0.85 0.0328125 0.06875 0.065625
4 0.9171875 0.03203125 0.0640625 0.06328125
4 0.9046875 0.3015625 0.06171875 0.08984375
4 0.796875 0.3953125 0.06015625 0.07734375
4 0.596875 0.45546875 0.08046875 0.0890625
0 0.7828125 0.484375 0.06015625 0.08984375
0 0.628125 0.73359375 0.0625 0.07578125
0 0.51171875 0.93203125 0.05625 0.07890625
0 0.32265625 0.76328125 0.05703125 0.0796875
0 0.06484375 0.2234375 0.06171875 0.08125
0 0.39140625 0.29140625 0.06015625 0.08515625
0 0.36796875 0.42578125 0.0609375 0.07578125
0 0.69453125 0.7328125 0.06171875 0.07890625
0 0.74921875 0.63828125 0.053125 0.0671875
0 0.7953125 0.5765625 0.0609375 0.08125
4 0.24453125 0.3046875 0.06171875 0.09375
4 0.2 0.45234375 0.0609375 0.09296875
4 0.315625 0.5125 0.05703125 0.07578125
4 0.3890625 0.63046875 0.06953125 0.0875
4 0.2765625 0.70234375 0.065625 0.08984375
4 0.2734375 0.8203125 0.0625 0.0890625
4 0.19921875 0.8 0.065625 0.0828125
4 0.015625 0.4046875 0.03125 0.075
4 0.01484375 0.24453125 0.0296875 0.096875
4 0.4515625 0.6671875 0.06171875 0.08515625
4 0.546875 0.73359375 0.0515625 0.0828125
4 0.75703125 0.71953125 0.07109375 0.09375
4 0.8328125 0.8703125 0.065625 0.09921875
4 0.93359375 0.725 0.059375 0.08359375
1 0.9265625 0.60546875 0.0515625 0.075
4 0.9640625 0.50703125 0.05546875 0.1171875
4 0.91875 0.50859375 0.0515625 0.0671875
0 0.9796875 0.86875 0.03984375 0.0671875
4 0.59375 0.96328125 0.071875 0.0734375
4 0.05703125 0.96484375 0.059375 0.06328125
4 0.01640625 0.88359375 0.03203125 0.0734375
4 0.71328125 0.02734375 0.0484375 0.05234375
4 0.05546875 0.31484375 0.0640625 0.05