1 0.29375 0.40625 0.06640625 0.05078125
1 0.42578125 0.21953125 0.09921875 0.05390625
1 0.14453125 0.10703125 0.0609375 0.059375
1 0.078125 0.0515625 0.0359375 0.10234375
1 0.41328125 0.065625 0.071875 0.05390625
1 0.528125 0.7890625 0.0859375 0.04921875
1 0.05625 0.80859375 0.09375 0.04765625
1 0.159375 0.69609375 0.08515625 0.04453125
3 0.09375 0.69140625 0.04375 0.09375
3 0.05546875 0.71796875 0.07578125 0.046875
3 0.52734375 0.8640625 0.09609375 0.04765625
1 0.7046875 0.5765625 0.08203125 0.0515625
1 0.88359375 0.37421875 0.08359375 0.0703125
1 0.73671875 0.72890625 0.0359375 0.1171875
3 0.73203125 0.41015625 0.03828125 0.1171875
3 0.81015625 0.5453125 0.059375 0.0921875
3 0.915625 0.9796875 0.075 0.03984375
3 0.6875 0.7171875 0.07734375 0.05078125
3 0.74765625 0.9390625 0.059375 0.04296875
3 0.77890625 0.8234375 0.04609375 0.0625
3 0.74375 0.0625 0.06328125 0.04296875
3 0.1109375 0.3625 0.059375 0.0734375
4 0.10703125 0.221875 0.0625 0.05078125
0 0.053125 0.25859375 0.04765625 0.0625
4 0.05546875 0.3609375 0.05546875 0.084375
4 0.10390625 0.40234375 0.0578125 0.0640625
4 0.18125 0.50078125 0.05390625 0.08125
4 0.2875 0.33359375 0.05 0.08984375
4 0.3984375 0.34921875 0.0609375 0.06796875
0 0.5984375 0.36953125 0.0609375 0.06015625
4 0.5421875 0.2296875 0.0625 0.07265625
0 0.5734375 0.18203125 0.05390625 0.07109375
4 0.1015625 0.75546875 0.0625 0.07265625
4 0.278125 0.7109375 0.03984375 0.0921875
4 0.3453125 0.73984375 0.06328125 0.0796875
0 0.02734375 0.878125 0.05390625 0.0921875
4 0.475 0.80390625 0.06171875 0.0578125
0 0.49921875 0.69921875 0.06015625 0.06796875
4 0.459375 0.6375 0.05 0.06484375
4 0.43671875 0.56328125 0.0515625 0.06875
4 0.47734375 0.46953125 0.0484375 0.06640625
4 0.49375 0.54140625 0.059375 0.075
4 0.50703125 0.61953125 0.0515625 0.06796875
4 0.2796875 0.02578125 0.034375 0.0515625
4 0.3984375 0.1453125 0.04375 0.03203125
4 0.69296875 0.0390625 0.034375 0.078125
4 0.6671875 0.02890625 0.05 0.0578125
4 0.90625 0.0171875 0.0546875 0.03203125
4 0.85390625 0.06640625 0.06328125 0.05546875
4 0.61640625 0.225 0.05390625 0.05546875
4 0.62421875 0.28203125 0.04453125 0.0359375
4 0.7734375 0.17421875 0.0515625 0.0921875
0 0.8390625 0.28515625 0.05625 0.075
0 0.78984375 0.34375 0.05390625 0.07265625
4 0.775 0.4140625 0.0515625 0.05078125
4 0.69140625 0.40546875 0.04609375 0.0734375
4 0.8515625 0.36796875 0.03984375 0.046875
4 0.7046875 0.64140625 0.07265625 0.05625
0 0.79296875 0.74609375 0.0609375 0.084375
0 0.6453125 0.92265625 0.05390625 0.0703125
0 0.94140625 0.6859375 0.05234375 0.0625
4 0.8875 0.7515625 0.06640625 0.059375
4 0.746875 0.98203125 0.071875 0.02734375
4 0.98359375 0.178125 0.0328125 0.075
4 0.98359375 0.25625 0.0328125 0.0640625
4 0.96171875 0.3984375 0.071875 0.05625
4 0.9875 0.49140625 0.025 0.0546875