3 0.10625 0.32421875 0.08046875 0.0421875
3 0.4765625 0.49296875 0.07578125 0.046875
3 0.2453125 0.46015625 0.08984375 0.0484375
3 0.63671875 0.8515625 0.071875 0.06171875
3 0.4703125 0.98203125 0.059375 0.0359375
3 0.3859375 0.2390625 0.08515625 0.05
3 0.01875 0.175 0.0375 0.09375
1 0.4875 0.584375 0.0953125 0.0640625
1 0.46640625 0.85625 0.090625 0.04375
1 0.6796875 0.44375 0.08828125 0.034375
1 0.97890625 0.47421875 0.03984375 0.05625
3 0.9234375 0.74609375 0.07109375 0.05078125
3 0.140625 0.61171875 0.07109375 0.05625
4 0.26484375 0.81328125 0.06953125 0.065625
4 0.35 0.03828125 0.0625 0.0765625
4 0.33203125 0.10703125 0.0578125 0.065625
4 0.36484375 0.17421875 0.0515625 0.06484375
4 0.24921875 0.25390625 0.0515625 0.07265625
4 0.06015625 0.1890625 0.0515625 0.08046875
4 0.365625 0.36640625 0.06796875 0.09375
4 0.01640625 0.403125 0.03203125 0.05625
4 0.07421875 0.525 0.0578125 0.0796875
4 0.51328125 0.35234375 0.06484375 0.09296875
4 0.4125 0.46015625 0.05703125 0.0796875
4 0.35625 0.48984375 0.06015625 0.084375
4 0.071875 0.59609375 0.0671875 0.06015625
4 0.3109375 0.59296875 0.08203125 0.0890625
4 0.178125 0.69375 0.06796875 0.08671875
4 0.1015625 0.73125 0.09140625 0.09609375
4 0.35546875 0.89921875 0.07109375 0.09453125
4 0.22578125 0.96484375 0.065625 0.0671875
4 0.540625 0.75234375 0.06953125 0.09296875
4 0.55859375 0.84453125 0.059375 0.075
4 0.509375 0.96015625 0.05546875 0.065625
4 0.346875 0.98828125 0.04765625 0.0234375
4 0.74296875 0.0171875 0.0609375 0.034375
4 0.734375 0.32890625 0.05234375 0.09375
4 0.634375 0.3734375 0.0515625 0.0796875
4 0.74765625 0.42890625 0.06796875 0.09375
4 0.58046875 0.55234375 0.06171875 0.07734375
4 0.74296875 0.51015625 0.053125 0.06875
4 0.89609375 0.60625 0.05625 0.0765625
4 0.9125 0.68125 0.06328125 0.0765625
4 0.70703125 0.7578125 0.065625 0.07890625
0 0.603125 0.96171875 0.059375 0.07421875
4 0.73671875 0.9390625 0.0546875 0.0515625
4 0.7140625 0.9859375 0.04765625 0.02734375
4 0.8875 0.8484375 0.06484375 0.08984375
4 0.925 0.925 0.06953125 0.07734375
4 0.9671875 0.875 0.065625 0.09375
4 0.971875 0.78203125 0.05390625 0.0765625
4 0.99296875 0.69765625 0.0140625 0.06875
4 0.9921875 0.21015625 0.015625 0.07265625
4 0.8515625 0.00625 0.053125 0.0125