4 0.515625 0.48359375 0.06953125 0.0859375
4 0.45703125 0.328125 0.05703125 0.09140625
4 0.55 0.221875 0.0859375 0.1
4 0.5703125 0.15234375 0.053125 0.06953125
4 0.62265625 0.19296875 0.05625 0.07734375
4 0.62421875 0.09453125 0.0625 0.08359375
4 0.42109375 0.11640625 0.0640625 0.075
4 0.41953125 0.22578125 0.0625 0.06171875
4 0.24453125 0.1546875 0.0578125 0.075
4 0.171875 0.06171875 0.05703125 0.075
4 0.234375 0.31640625 0.075 0.08125
4 0.29296875 0.3890625 0.0734375 0.0796875
4 0.303125 0.5046875 0.05 0.0734375
4 0.36015625 0.5859375 0.07421875 0.09140625
4 0.23671875 0.57734375 0.053125 0.07265625
4 0.21484375 0.6421875 0.04609375 0.08125
4 0.16171875 0.64140625 0.05234375 0.07265625
4 0.0875 0.85625 0.05546875 0.07578125
4 0.43515625 0.6515625 0.05546875 0.07578125
4 0.4734375 0.7171875 0.05546875 0.07890625
4 0.515625 0.8296875 0.0703125 0.1
4 0.58046875 0.7734375 0.0578125 0.0859375
4 0.46015625 0.9328125 0.0578125 0.07265625
4 0.50859375 0.91015625 0.053125 0.06875
4 0.68828125 0.6453125 0.05703125 0.075
4 0.8 0.57578125 0.0625 0.08984375
4 0.7953125 0.68203125 0.0703125 0.1015625
4 0.8921875 0.5859375 0.0578125 0.09765625
4 0.8953125 0.86640625 0.05625 0.06875
4 0.81875 0.9125 0.06171875 0.0828125
4 0.9453125 0.84609375 0.053125 0.0859375
4 0.8984375 0.73515625 0.0375 0.06328125
4 0.909375 0.78046875 0.059375 0.06875
4 0.94375 0.70625 0.05 0.07265625
4 0.771875 0.29921875 0.06171875 0.0890625
4 0.73671875 0.2015625 0.06953125 0.07890625
4 0.784375 0.034375 0.065625 0.06875
4 0.8875 0.2421875 0.0765625 0.07265625
4 0.92109375 0.0390625 0.05234375 0.075
4 0.97265625 0.50078125 0.0546875 0.0734375
4 0.9234375 0.3109375 0.0453125 0.07578125
1 0.234375 0.4609375 0.09296875 0.07578125
3 0.07734375 0.45546875 0.08125 0.04765625
1 0.38359375 0.3953125 0.08046875 0.05390625
1 0.31015625 0.09453125 0.084375 0.07578125
3 0.765625 0.38515625 0.08359375 0.07265625
3 0.8375 0.36796875 0.0953125 0.06875
1 0.9515625 0.3359375 0.0515625 0.10625
1 0.66171875 0.79921875 0.11328125 0.0390625
3 0.74921875 0.8109375 0.07734375 0.1125
1 0.26171875 0.7140625 0.0609375 0.1109375
3 0.278125 0.6296875 0.06015625 0.06875
0 0.0640625 0.540625 0.05390625 0.07578125
0 0.03828125 0.76953125 0.059375 0.075
0 0.0546875 0.92890625 0.059375 0.08125
4 0.66953125 0.0328125 0.0515625 0.0578125
3 0.9015625 0.11171875 0.08046875 0.05625
4 0.9546875 0.4359375 0.04921875 0.07109375
4 0.703125 0.92421875 0.0765625 0.07578125
3 0.6296875 0.8140625 0.05703125 0.07265625
0 0.23359375 0.97578125 0.0640625 0.0484375
4 0.6140625 0.9578125 0.0671875 0.0828125
4 0.13203125 0.70234375 0.05703125 0.04453125
4 0.01328125 0.63125 0.0171875 0.0765625
4 0.4125 0.0203125 0.05546875 0.02734375
4 0.93984375 0.175 0.065625 0.06171875
4 0.853125 0.97890625 0.0859375 0.0359375