2 0.38125 0.62265625 0.0671875 0.0921875
1 0.5375 0.3125 0.0734375 0.04140625
1 0.54296875 0.3375 0.05546875 0.021875
1 0.271875 0.178125 0.1015625 0.1046875
1 0.5953125 0.071875 0.065625 0.07578125
1 0.7578125 0.7796875 0.10390625 0.12265625
3 0.5640625 0.1265625 0.06640625 0.0578125
4 0.54140625 0.1421875 0.046875 0.0578125
2 0.45546875 0.96171875 0.06171875 0.07109375
1 0.803125 0.08359375 0.07734375 0.0359375
1 0.95390625 0.28203125 0.0859375 0.06015625
4 0.9421875 0.31875 0.05546875 0.059375
1 0.85625 0.7921875 0.1078125 0.06484375
0 0.01640625 0.0203125 0.0328125 0.040625
4 0.0203125 0.08828125 0.040625 0.07109375
4 0.05703125 0.13203125 0.04140625 0.046875
4 0.12109375 0.0296875 0.06484375 0.05625
0 0.11875 0.09921875 0.065625 0.078125
4 0.1859375 0.02578125 0.071875 0.0515625
0 0.240625 0.0515625 0.0515625 0.08125
4 0.27421875 0.01171875 0.05703125 0.0234375
4 0.3796875 0.02578125 0.04921875 0.0453125
4 0.540625 0.03046875 0.06484375 0.06015625
4 0.509375 0.078125 0.05546875 0.0828125
4 0.15546875 0.1421875 0.04609375 0.0671875
4 0.02734375 0.21328125 0.05 0.0703125
4 0.05234375 0.31875 0.05234375 0.0796875
0 0.14453125 0.2703125 0.05546875 0.07421875
4 0.0734375 0.37109375 0.059375 0.07109375
0 0.034375 0.43671875 0.04765625 0.08515625
4 0.059375 0.575 0.06171875 0.0890625
4 0.0140625 0.59453125 0.02578125 0.078125
4 0.16640625 0.45546875 0.06171875 0.08125
4 0.12109375 0.51171875 0.08203125 0.08671875
4 0.11640625 0.58828125 0.0515625 0.08671875
4 0.246875 0.38359375 0.0671875 0.090625
4 0.35078125 0.26015625 0.04140625 0.0703125
0 0.2078125 0.60234375 0.05234375 0.0703125
0 0.165625 0.703125 0.0609375 0.07734375
4 0.134375 0.7765625 0.0796875 0.08125
4 0.028125 0.7515625 0.0453125 0.07109375
0 0.01328125 0.884375 0.0265625 0.071875
0 0.21328125 0.78046875 0.05546875 0.08125
4 0.24453125 0.8546875 0.05390625 0.08125
0 0.30859375 0.83046875 0.05390625 0.08359375
4 0.24453125 0.90703125 0.05390625 0.07734375
0 0.1953125 0.9765625 0.06484375 0.04375
0 0.128125 0.96171875 0.0515625 0.06328125
0 0.4375 0.6671875 0.05703125 0.06328125
0 0.53125 0.6625 0.05546875 0.07578125
0 0.540625 0.4859375 0.05703125 0.06328125
4 0.3921875 0.484375 0.0625 0.078125
0 0.3859375 0.71796875 0.065625 0.0703125
4 0.4765625 0.809375 0.05 0.0796875
4 0.48671875 0.87265625 0.059375 0.0671875
4 0.621875 0.82421875 0.05859375 0.08515625
4 0.57890625 0.88359375 0.06875 0.09375
4 0.6125 0.73515625 0.05234375 0.06015625
0 0.60859375 0.63203125 0.05703125 0.06875
4 0.446875 0.4328125 0.0609375 0.06875
4 0.4453125 0.3765625 0.04765625 0.06328125
4 0.48984375 0.359375 0.04921875 0.0671875
4 0.665625 0.3578125 0.07109375 0.07578125
4 0.7125 0.496875 0.05703125 0.08359375
0 0.690625 0.746875 0.0546875 0.0703125
4 0.521875 0.97578125 0.06171875 0.04765625
0 0.7046875 0.975 0.05 0.04921875
4 0.70859375 0.84296875 0.07109375 0.08828125
4 0.490625 0.2046875 0.078125 0.08515625
4 0.62734375 0.28046875 0.0515625 0.06484375
4 0.61875 0.32734375 0.05859375 0.05625
4 0.66484375 0.165625 0.05390625 0.0671875
4 0.63671875 0.09453125 0.05703125 0.08125
4 0.69453125 0.0875 0.04921875 0.08125
0 0.721875 0.025 0.05703125 0.04921875
4 0.8140625 0.01171875 0.05 0.0234375
4 0.8125 0.04921875 0.06484375 0.06015625
0 0.88125 0.03046875 0.065625 0.06015625
4 0.78984375 0.159375 0.05546875 0.065625
0 0.83203125 0.16875 0.05390625 0.0703125
4 0.7421875 0.2109375 0.059375 0.0671875
0 0.83671875 0.30625 0.0578125 0.07734375
4 0.9453125 0.153125 0.07734375 0.0921875
0 0.87421875 0.36640625 0.0484375 0.07578125
0 0.91484375 0.3859375 0.0546875 0.065625
0 0.90390625 0.459375 0.05546875 0.07265625
4 0.83359375 0.46796875 0.0546875 0.0796875
0 0.85859375 0.50859375 0.05390625 0.07578125
4 0.8453125 0.65078125 0.05546875 0.0703125
0 0.92578125 0.8453125 0.05703125 0.1
4 0.87109375 0.871875 0.0515625 0.07734375
0 0.83515625 0.9234375 0.059375 0.0671875
4 0.81328125 0.9765625 0.0765625 0.046875
4 0.98203125 0.86328125 0.03515625 0.09765625
0 0.94765625 0.97734375 0.05703125 0.0421875
4 0.990625 0.9671875 0.01875 0.065625
4 0.98984375 0.375 0.01953125 0.07421875