1 0.4671875 0.39921875 0.10078125 0.1
1 0.88984375 0.61953125 0.0609375 0.1234375
1 0.29765625 0.509375 0.05703125 0.10703125
3 0.47890625 0.78046875 0.034375 0.11640625
3 0.7515625 0.625 0.09921875 0.07265625
3 0.5109375 0.12890625 0.06484375 0.09296875
3 0.3875 0.92734375 0.07265625 0.05546875
3 0.0671875 0.31796875 0.05546875 0.08359375
3 0.234375 0.03046875 0.0609375 0.06015625
3 0.9 0.1671875 0.0578125 0.10625
3 0.7859375 0.3109375 0.084375 0.0578125
4 0.57890625 0.64140625 0.08046875 0.1109375
4 0.88828125 0.846875 0.06640625 0.09765625
4 0.71953125 0.87109375 0.0609375 0.08515625
4 0.67265625 0.91171875 0.05546875 0.0890625
4 0.6109375 0.88046875 0.07109375 0.1
4 0.56328125 0.94609375 0.06640625 0.07265625
4 0.46015625 0.91484375 0.05625 0.0796875
4 0.44375 0.84296875 0.06953125 0.06015625
4 0.20546875 0.82578125 0.08515625 0.1
4 0.2765625 0.9484375 0.07109375 0.09296875
4 0.20078125 0.9671875 0.08125 0.06328125
4 0.17421875 0.8953125 0.05625 0.06953125
4 0.05859375 0.921875 0.06171875 0.08125
4 0.15078125 0.6171875 0.0625 0.07734375
4 0.209375 0.55546875 0.0765625 0.07265625
4 0.271875 0.65390625 0.06171875 0.0859375
4 0.2359375 0.73125 0.0640625 0.09140625
4 0.41484375 0.5640625 0.07109375 0.0828125
4 0.41328125 0.4875 0.0609375 0.07109375
4 0.3421875 0.3640625 0.0609375 0.08359375
4 0.2578125 0.2734375 0.0625 0.08125
4 0.33046875 0.2421875 0.0578125 0.07265625
4 0.32890625 0.159375 0.05 0.07578125
4 0.27109375 0.08125 0.0578125 0.07265625
4 0.39375 0.1234375 0.059375 0.0796875
4 0.45625 0.1015625 0.0515625 0.075
4 0.46328125 0.24453125 0.0640625 0.09296875
0 0.5 0.31328125 0.0578125 0.07265625
4 0.69609375 0.2 0.06875 0.07734375
0 0.82578125 0.21796875 0.0578125 0.0796875
4 0.8234375 0.121875 0.0796875 0.0859375
4 0.93984375 0.25078125 0.05234375 0.07890625
4 0.9234375 0.3515625 0.06015625 0.0890625
4 0.88828125 0.4171875 0.05234375 0.07265625
4 0.978125 0.303125 0.04375 0.075
4 0.98359375 0.634375 0.03203125 0.0890625
4 0.1296875 0.403125 0.06953125 0.08515625
4 0.08203125 0.48046875 0.06640625 0.0828125
4 0.02265625 0.38046875 0.04453125 0.0796875
4 0.1921875 0.4046875 0.04765625 0.0796875
4 0.2390625 0.36953125 0.0578125 0.07578125
4 0.1296875 0.184375 0.06171875 0.06171875
4 0.1140625 0.1046875 0.06171875 0.10625
4 0.15703125 0.04375 0.07421875 0.0828125
4 0.0625 0.0671875 0.0484375 0.06171875
4 0.021875 0.5765625 0.04375 0.1015625
4 0.0171875 0.20078125 0.034375 0.1015625