1 0.18515625 0.21796875 0.0734375 0.06796875
1 0.33125 0.47421875 0.09765625 0.07421875
1 0.4828125 0.49375 0.0765625 0.07890625
3 0.95703125 0.12109375 0.046875 0.07265625
2 0.9265625 0.08828125 0.06171875 0.08828125
3 0.53203125 0.571875 0.06875 0.07421875
3 0.42109375 0.9265625 0.06796875 0.05234375
2 0.37265625 0.82109375 0.05703125 0.07734375
1 0.4734375 0.10390625 0.08203125 0.0859375
1 0.3609375 0.2640625 0.0734375 0.046875
1 0.71796875 0.09765625 0.040625 0.090625
3 0.48828125 0.83046875 0.08515625 0.0421875
3 0.8765625 0.95390625 0.07109375 0.0765625
0 0.928125 0.84296875 0.06171875 0.07109375
0 0.29921875 0.41640625 0.06171875 0.07890625
0 0.07421875 0.41171875 0.06171875 0.075
3 0.28984375 0.834375 0.0703125 0.0515625
0 0.0828125 0.71171875 0.071875 0.09609375
4 0.02265625 0.06328125 0.040625 0.08046875
4 0.0625 0.01484375 0.05625 0.0296875
0 0.14140625 0.04921875 0.05 0.07265625
4 0.21640625 0.0640625 0.0546875 0.07734375
4 0.2859375 0.02734375 0.0546875 0.0515625
4 0.09296875 0.1546875 0.05546875 0.07421875
4 0.16796875 0.1578125 0.05703125 0.0703125
4 0.21953125 0.159375 0.046875 0.0609375
0 0.29921875 0.2046875 0.0546875 0.071875
4 0.3875 0.1140625 0.06328125 0.05625
4 0.22265625 0.27421875 0.06328125 0.071875
4 0.246875 0.33359375 0.046875 0.0546875
4 0.11640625 0.32109375 0.05390625 0.06875
4 0.025 0.315625 0.0421875 0.07890625
4 0.2265625 0.4046875 0.05546875 0.08359375
4 0.3890625 0.32890625 0.040625 0.07265625
0 0.42734375 0.2578125 0.053125 0.0671875
4 0.4375 0.16484375 0.0609375 0.0609375
4 0.53984375 0.28984375 0.06171875 0.07265625
4 0.51875 0.40625 0.0421875 0.0671875
4 0.009375 0.58671875 0.01875 0.0609375
4 0.01484375 0.96328125 0.02421875 0.065625
4 0.16796875 0.87578125 0.06640625 0.06484375
4 0.16796875 0.90546875 0.03125 0.02734375
4 0.17109375 0.93671875 0.05546875 0.0625
0 0.24140625 0.73984375 0.0609375 0.0796875
1 0.41484375 0.68984375 0.02578125 0.065625
4 0.41796875 0.6765625 0.04765625 0.06484375
4 0.36953125 0.66953125 0.059375 0.075
4 0.33359375 0.75625 0.05390625 0.06953125
0 0.43125 0.7828125 0.05390625 0.065625
4 0.440625 0.865625 0.05625 0.0640625
4 0.43046875 0.9921875 0.0421875 0.015625
1 0.61875 0.08359375 0.06015625 0.08671875
4 0.653125 0.021875 0.0390625 0.04375
4 0.69296875 0.03203125 0.0421875 0.0640625
4 0.640625 0.1640625 0.05546875 0.08671875
4 0.7015625 0.271875 0.05234375 0.0671875
4 0.78203125 0.2796875 0.053125 0.0703125
4 0.73671875 0.3734375 0.05390625 0.0765625
4 0.58515625 0.43359375 0.0640625 0.07265625
4 0.62734375 0.48828125 0.0546875 0.05546875
4 0.66171875 0.52734375 0.05390625 0.06875
0 0.81640625 0.375 0.059375 0.0765625
4 0.79296875 0.44296875 0.04921875 0.05546875
4 0.75703125 0.50546875 0.0578125 0.0765625
0 0.9046875 0.37734375 0.05703125 0.06953125
0 0.93046875 0.29296875 0.05390625 0.0703125
0 0.94296875 0.01875 0.0578125 0.0375
4 0.99140625 0.07734375 0.0140625 0.0546875
4 0.9875 0.1328125 0.02109375 0.06875
4 0.984375 0.353125 0.03046875 0.0578125
4 0.96328125 0.3546875 0.0515625 0.08359375
4 0.79375 0.5703125 0.06484375 0.06484375
1 0.76484375 0.628125 0.065625 0.08359375
4 0.771875 0.625 0.0375 0.02890625
0 0.66484375 0.60390625 0.05 0.0765625
4 0.640625 0.68359375 0.0578125 0.08046875
4 0.70546875 0.7109375 0.04375 0.06015625
4 0.62265625 0.77109375 0.0515625 0.0640625
4 0.6921875 0.803125 0.059375 0.0609375
0 0.63828125 0.87265625 0.059375 0.08671875
4 0.76953125 0.89765625 0.06484375 0.07421875
4 0.75390625 0.965625 0.0640625 0.0578125
4 0.815625 0.9578125 0.0546875 0.0625
4 0.9453125 0.653125 0.0609375 0.07265625
4 0.984375 0.53046875 0.03125 0.084375
4 0.9921875 0.6359375 0.015625 0.0640625
0 0.9765625 0.9796875 0.04609375 0.03984375