2 0.01640625 0.2171875 0.03125 0.07109375
2 0.02265625 0.60625 0.04453125 0.06015625
2 0.09609375 0.9734375 0.0640625 0.053125
2 0.271875 0.4765625 0.05703125 0.0875
1 0.35546875 0.78359375 0.13203125 0.05
1 0.3671875 0.38359375 0.11328125 0.08515625
1 0.49375 0.28203125 0.10546875 0.05703125
4 0.4171875 0.3890625 0.0546875 0.0828125
2 0.575 0.09296875 0.065625 0.09921875
2 0.6984375 0.1671875 0.06171875 0.0734375
2 0.76484375 0.23359375 0.05703125 0.075
0 0.6453125 0.7125 0.065625 0.07265625
4 0.11796875 0.03046875 0.0703125 0.0609375
4 0.08125 0.0828125 0.05859375 0.07109375
4 0.115625 0.16328125 0.06484375 0.0828125
0 0.175 0.190625 0.0484375 0.07109375
4 0.12421875 0.24140625 0.05859375 0.0828125
3 0.05234375 0.2765625 0.075 0.05625
4 0.02734375 0.359375 0.05390625 0.078125
4 0.02734375 0.42890625 0.0546875 0.07109375
0 0.01484375 0.5078125 0.0296875 0.065625
4 0.109375 0.5265625 0.05546875 0.07265625
0 0.14375 0.4109375 0.0515625 0.0578125
0 0.28125 0.13984375 0.0546875 0.06015625
4 0.378125 0.11015625 0.0640625 0.08671875
0 0.45 0.0984375 0.04453125 0.07265625
4 0.5421875 0.02890625 0.084375 0.05234375
4 0.65546875 0.10625 0.05390625 0.08671875
4 0.57578125 0.23125 0.05703125 0.07734375
4 0.284375 0.21796875 0.0578125 0.06328125
0 0.3859375 0.2203125 0.0515625 0.08125
4 0.45625 0.23125 0.0796875 0.09609375
4 0.528125 0.31796875 0.06484375 0.07265625
4 0.3015625 0.3015625 0.06171875 0.078125
4 0.28125 0.4 0.06171875 0.07109375
0 0.228125 0.51796875 0.06171875 0.06875
0 0.19375 0.59296875 0.0515625 0.059375
4 0.2453125 0.6015625 0.05546875 0.08515625
4 0.27109375 0.63125 0.05859375 0.0671875
0 0.66484375 0.2359375 0.065625 0.0796875
4 0.63671875 0.3515625 0.0546875 0.06875
4 0.55703125 0.38984375 0.07109375 0.06328125
4 0.6203125 0.44296875 0.03671875 0.059375
4 0.60078125 0.4265625 0.0453125 0.06484375
4 0.65703125 0.4859375 0.0625 0.07421875
4 0.525 0.46953125 0.05234375 0.06875
4 0.49140625 0.45859375 0.04765625 0.06015625
4 0.46015625 0.51875 0.06484375 0.07578125
0 0.37890625 0.5265625 0.05234375 0.078125
0 0.12578125 0.703125 0.05703125 0.07421875
4 0.05625 0.66484375 0.05 0.07109375
0 0.0859375 0.825 0.0515625 0.06484375
4 0.03046875 0.76484375 0.05234375 0.07109375
1 0.2390625 0.85625 0.075 0.065625
0 0.12265625 0.9140625 0.04453125 0.0671875
4 0.21171875 0.95546875 0.06875 0.08359375
4 0.45234375 0.925 0.0609375 0.07578125
4 0.50546875 0.8265625 0.05546875 0.0703125
0 0.39375 0.840625 0.04921875 0.06875
4 0.58984375 0.77734375 0.0546875 0.0828125
4 0.54609375 0.69609375 0.05 0.07265625
4 0.584375 0.6046875 0.05859375 0.07578125
4 0.6609375 0.60703125 0.08359375 0.07734375
0 0.45859375 0.690625 0.05703125 0.0671875
0 0.3796875 0.60390625 0.0515625 0.0671875
4 0.35 0.6484375 0.05703125 0.06328125
4 0.2734375 0.728125 0.0390625 0.0796875
4 0.3234375 0.73515625 0.04765625 0.05625
4 0.371875 0.72734375 0.05703125 0.0671875
0 0.44375 0.76875 0.04140625 0.05390625
0 0.51953125 0.94140625 0.0640625 0.07265625
4 0.59765625 0.97734375 0.06875 0.0453125
4 0.68046875 0.9609375 0.0671875 0.078125
4 0.01484375 0.984375 0.0296875 0.03125
0 0.7453125 0.04140625 0.06484375 0.07421875
4 0.69921875 0.065625 0.0484375 0.08125
4 0.890625 0.06796875 0.078125 0.08359375
0 0.9234375 0.14375 0.0578125 0.065625
4 0.9890625 0.1078125 0.01640625 0.0671875
4 0.97578125 0.17265625 0.04609375 0.07421875
0 0.81640625 0.3375 0.0515625 0.078125
4 0.88203125 0.4078125 0.06484375 0.07421875
4 0.94453125 0.39765625 0.05 0.07578125
1 0.9796875 0.45546875 0.03828125 0.0703125
4 0.95390625 0.5078125 0.0625 0.07578125
4 0.93203125 0.58125 0.0546875 0.065625
4 0.978125 0.61640625 0.04140625 0.078125
4 0.78671875 0.5015625 0.03828125 0.06328125
0 0.734375 0.515625 0.06484375 0.07265625
4 0.69453125 0.58671875 0.04921875 0.06328125
4 0.7609375 0.63828125 0.05390625 0.0671875
4 0.82890625 0.55390625 0.065625 0.0890625
4 0.87265625 0.61953125 0.06484375 0.07109375
4 0.83828125 0.66640625 0.07109375 0.06328125
4 0.88046875 0.7265625 0.06875 0.090625
4 0.765625 0.7515625 0.0609375 0.07109375
0 0.91328125 0.81875 0.0609375 0.07109375
0 0.7875 0.88125 0.0515625 0.07578125
0 0.8828125 0.97578125 0.05703125 0.0421875
4 0.97265625 0.9875 0.0453125 0.025