3 0.0546875 0.08828125 0.071875 0.06015625
3 0.34453125 0.18125 0.07578125 0.0453125
3 0.63671875 0.0953125 0.03125 0.096875
3 0.2234375 0.5890625 0.06328125 0.05625
3 0.0703125 0.9703125 0.03984375 0.0578125
3 0.10546875 0.9625 0.05625 0.07265625
3 0.3515625 0.57578125 0.05625 0.07890625
1 0.22421875 0.70546875 0.0859375 0.04296875
1 0.6171875 0.61953125 0.0890625 0.0796875
3 0.38828125 0.8578125 0.06640625 0.05546875
3 0.70625 0.07265625 0.07109375 0.08359375
3 0.75703125 0.11015625 0.08046875 0.05234375
3 0.971875 0.0109375 0.05625 0.01796875
3 0.68515625 0.65546875 0.05 0.10078125
3 0.659375 0.96640625 0.0828125 0.059375
3 0.88203125 0.6203125 0.06328125 0.05546875
1 0.909375 0.5859375 0.08203125 0.03828125
1 0.6734375 0.35390625 0.09375 0.0625
1 0.82734375 0.38984375 0.0859375 0.04453125
3 0.94921875 0.82734375 0.040625 0.10703125
3 0.85546875 0.2890625 0.06640625 0.0640625
3 0.86015625 0.16171875 0.075 0.04453125
0 0.19921875 0.7625 0.06484375 0.07265625
4 0.03046875 0.034375 0.0609375 0.06875
4 0.10625 0.02421875 0.0703125 0.04765625
4 0.23515625 0.0203125 0.05390625 0.040625
4 0.29921875 0.015625 0.0515625 0.03125
4 0.38359375 0.00859375 0.03828125 0.0171875
4 0.378125 0.0578125 0.05390625 0.0671875
4 0.55859375 0.07421875 0.075 0.09453125
4 0.5046875 0.18046875 0.06171875 0.07734375
4 0.53046875 0.234375 0.06484375 0.071875
4 0.37734375 0.3046875 0.0640625 0.0640625
4 0.29296875 0.28828125 0.078125 0.10390625
4 0.17578125 0.10859375 0.0703125 0.07734375
4 0.075 0.19453125 0.0703125 0.08359375
4 0.146875 0.31328125 0.0734375 0.09609375
4 0.38984375 0.3875 0.0859375 0.08359375
1 0.1796875 0.42578125 0.10859375 0.03671875
4 0.12421875 0.48515625 0.07109375 0.08828125
4 0.0296875 0.51875 0.05703125 0.09609375
4 0.36171875 0.4875 0.046875 0.06953125
4 0.41796875 0.46796875 0.06953125 0.09375
4 0.38203125 0.65546875 0.04453125 0.059375
4 0.48359375 0.71171875 0.06484375 0.08359375
4 0.50859375 0.775 0.05234375 0.0625
4 0.30625 0.8109375 0.0484375 0.0578125
0 0.39921875 0.953125 0.05625 0.0796875
4 0.25625 0.984375 0.0484375 0.03125
4 0.0203125 0.9859375 0.0390625 0.028125
4 0.65390625 0.02109375 0.053125 0.04140625
4 0.59765625 0.00859375 0.04609375 0.01640625
4 0.73203125 0.1671875 0.05234375 0.0765625
4 0.87109375 0.2390625 0.07265625 0.084375
4 0.75078125 0.50234375 0.0484375 0.06015625
4 0.95625 0.56171875 0.040625 0.08671875
4 0.609375 0.784375 0.05546875 0.07734375
4 0.77265625 0.859375 0.0796875 0.1015625
4 0.89296875 0.87890625 0.053125 0.0703125
4 0.78828125 0.9515625 0.06328125 0.05625
4 0.7 0.90546875 0.0703125 0.0515625
4 0.5765625 0.98203125 0.06328125 0.03125