2 0.11015625 0.03046875 0.06640625 0.0609375
3 0.39921875 0.021875 0.07734375 0.040625
3 0.321875 0.01796875 0.07109375 0.03515625
1 0.86171875 0.728125 0.078125 0.06953125
1 0.69921875 0.79296875 0.084375 0.0515625
1 0.9296875 0.85546875 0.0703125 0.0796875
4 0.6234375 0.04609375 0.07109375 0.05703125
4 0.95546875 0.85078125 0.05703125 0.084375
4 0.03828125 0.0265625 0.05390625 0.05234375
4 0.02578125 0.09375 0.05078125 0.08203125
4 0.1765625 0.0390625 0.059375 0.078125
4 0.21796875 0.009375 0.05078125 0.01875
4 0.0859375 0.12890625 0.06171875 0.09375
4 0.071875 0.26875 0.0484375 0.075
4 0.31171875 0.18359375 0.05234375 0.07890625
4 0.36875 0.178125 0.0515625 0.0859375
4 0.3515625 0.25546875 0.0671875 0.05703125
4 0.4109375 0.284375 0.046875 0.07578125
4 0.46953125 0.27734375 0.05234375 0.07890625
4 0.5859375 0.03203125 0.059375 0.0640625
4 0.528125 0.015625 0.05390625 0.025
4 0.58828125 0.10234375 0.05703125 0.06484375
4 0.64296875 0.1390625 0.0546875 0.05859375
4 0.465625 0.36015625 0.065625 0.07890625
4 0.37421875 0.35390625 0.06171875 0.078125
4 0.35625 0.41953125 0.05078125 0.05703125
4 0.32265625 0.4765625 0.05859375 0.075
4 0.48359375 0.43515625 0.06171875 0.06171875
0 0.021875 0.51796875 0.03671875 0.071875
4 0.18515625 0.58671875 0.04140625 0.0515625
4 0.26796875 0.615625 0.05859375 0.0734375
4 0.44453125 0.596875 0.065625 0.08046875
4 0.58671875 0.56484375 0.05859375 0.06875
4 0.64296875 0.5453125 0.04921875 0.0703125
4 0.5171875 0.61953125 0.0640625 0.0703125
4 0.6125 0.61953125 0.05078125 0.07890625
4 0.675 0.65 0.05703125 0.071875
4 0.7265625 0.36953125 0.065625 0.071875
4 0.1390625 0.69296875 0.06171875 0.07890625
4 0.02734375 0.7109375 0.04921875 0.0703125
4 0.12421875 0.81484375 0.05703125 0.0703125
4 0.17421875 0.83671875 0.059375 0.08515625
4 0.3453125 0.68203125 0.05078125 0.065625
4 0.34453125 0.77265625 0.03984375 0.0515625
4 0.34140625 0.86953125 0.05390625 0.071875
4 0.34609375 0.97421875 0.0515625 0.0515625
4 0.128125 0.984375 0.05703125 0.0265625
4 0.44453125 0.9578125 0.05625 0.071875
4 0.515625 0.9078125 0.059375 0.071875
4 0.61953125 0.8140625 0.05625 0.078125
4 0.68828125 0.934375 0.059375 0.096875
4 0.55859375 0.9765625 0.05234375 0.03984375
4 0.77109375 0.28515625 0.0609375 0.08359375
4 0.77578125 0.115625 0.065625 0.08515625
4 0.7984375 0.01015625 0.05859375 0.0203125
4 0.7484375 0.42734375 0.05625 0.0546875
4 0.76875 0.4859375 0.0484375 0.065625
4 0.8203125 0.46875 0.06171875 0.08515625
4 0.86328125 0.51640625 0.05625 0.078125
4 0.84296875 0.5828125 0.046875 0.0703125
4 0.77578125 0.65234375 0.059375 0.06796875
4 0.86875 0.0390625 0.075 0.078125
4 0.96875 0.01796875 0.05859375 0.03515625
4 0.9265625 0.06796875 0.05703125 0.075
4 0.8921875 0.12109375 0.05390625 0.071875
4 0.9625 0.19375 0.05625 0.08203125
4 0.98984375 0.39453125 0.01875 0.08046875
4 0.9828125 0.51328125 0.03359375 0.08046875
4 0.984375 0.58671875 0.03125 0.0578125
4 0.9859375 0.659375 0.02421875 0.06171875
4 0.71328125 0.70078125 0.05390625 0.06328125
4 0.75 0.75859375 0.05390625 0.06484375
4 0.8140625 0.784375 0.0625 0.08359375
4 0.7484375 0.84609375 0.05625 0.08046875
4 0.8578125 0.90078125 0.05859375 0.0703125
4 0.92890625 0.94609375 0.05703125 0.08828125