3 0.08125 0.340625 0.07890625 0.04296875
3 0.26484375 0.34765625 0.0859375 0.04609375
3 0.03828125 0.38359375 0.0609375 0.0796875
3 0.1515625 0.43359375 0.03046875 0.0984375
3 0.5234375 0.57265625 0.0359375 0.09921875
3 0.5390625 0.88203125 0.034375 0.09921875
3 0.5078125 0.8765625 0.03984375 0.06875
1 0.178125 0.9 0.0515625 0.10546875
1 0.4328125 0.621875 0.10234375 0.04765625
1 0.65078125 0.23671875 0.05625 0.09140625
1 0.87265625 0.7046875 0.08671875 0.04609375
4 0.15 0.18359375 0.04609375 0.07265625
4 0.36328125 0.18125 0.04453125 0.0703125
4 0.01640625 0.3140625 0.03203125 0.08359375
4 0.23515625 0.4140625 0.05390625 0.0703125
4 0.18828125 0.4796875 0.05703125 0.075
4 0.07578125 0.54140625 0.071875 0.04375
4 0.0578125 0.4671875 0.04453125 0.05625
4 0.1484375 0.5734375 0.06171875 0.0703125
4 0.0796875 0.6125 0.0703125 0.065625
4 0.1109375 0.734375 0.04921875 0.0796875
4 0.015625 0.6953125 0.03125 0.06953125
4 0.0890625 0.83046875 0.0375 0.0703125
4 0.0421875 0.7484375 0.0734375 0.05078125
4 0.05703125 0.75078125 0.0421875 0.12734375
4 0.01171875 0.95390625 0.0234375 0.059375
4 0.0265625 0.91796875 0.0484375 0.0765625
4 0.2140625 0.70546875 0.05390625 0.06875
4 0.275 0.5921875 0.05390625 0.07265625
0 0.31484375 0.6625 0.053125 0.07265625
4 0.2 0.81171875 0.05625 0.075
0 0.37109375 0.51640625 0.0546875 0.07890625
4 0.4046875 0.3765625 0.04921875 0.08203125
4 0.46484375 0.4921875 0.06015625 0.06484375
4 0.3984375 0.8203125 0.06015625 0.09140625
4 0.503125 0.79453125 0.0640625 0.08203125
4 0.55078125 0.7765625 0.0609375 0.09921875
4 0.1828125 0.0734375 0.0546875 0.07890625
4 0.44609375 0.02578125 0.06015625 0.05078125
4 0.58046875 0.0640625 0.05703125 0.07265625
4 0.48828125 0.33671875 0.0625 0.04609375
4 0.55625 0.96953125 0.0515625 0.0546875
0 0.65859375 0.028125 0.053125 0.05546875
4 0.7203125 0.0421875 0.0609375 0.08203125
4 0.77421875 0.07421875 0.0703125 0.06015625
0 0.8671875 0.0625 0.0578125 0.0765625
4 0.97578125 0.00859375 0.0484375 0.0171875
4 0.928125 0.13046875 0.05703125 0.0515625
4 0.70625 0.16328125 0.053125 0.07421875
0 0.92109375 0.23515625 0.0515625 0.06953125
0 0.87265625 0.2796875 0.053125 0.06875
4 0.82109375 0.43046875 0.04921875 0.0765625
4 0.76015625 0.309375 0.0515625 0.0484375
4 0.6578125 0.31953125 0.06171875 0.06953125
4 0.5859375 0.3609375 0.065625 0.0625
4 0.61640625 0.46796875 0.0609375 0.08046875
0 0.57265625 0.55703125 0.059375 0.0703125
0 0.63046875 0.60390625 0.0671875 0.08828125
0 0.72421875 0.6578125 0.06015625 0.084375
4 0.7328125 0.73125 0.06796875 0.059375
4 0.70625 0.7671875 0.06484375 0.0625
4 0.66640625 0.809375 0.0390625 0.0515625
4 0.61015625 0.88515625 0.0296875 0.04609375
4 0.5890625 0.8953125 0.03984375 0.0609375
4 0.69609375 0.85859375 0.0546875 0.06953125
0 0.725 0.9140625 0.0546875 0.06953125
4 0.63515625 0.9734375 0.0625 0.05078125
0 0.93984375 0.83828125 0.059375 0.06875
4 0.98671875 0.921875 0.02578125 0.0609375
4 0.98828125 0.70234375 0.02265625 0.0703125
4 0.99140625 0.63125 0.0171875 0.065625
0 0.9796875 0.53125 0.040625 0.090625
4 0.97421875 0.39609375 0.0515625 0.08203125