1 0.565625 0.28515625 0.159375 0.05078125
1 0.4171875 0.6171875 0.12890625 0.11015625
2 0.34453125 0.9265625 0.06171875 0.075
2 0.2140625 0.06875 0.05078125 0.06640625
2 0.7546875 0.596875 0.0578125 0.0703125
1 0.88046875 0.59921875 0.09921875 0.0796875
0 0.03046875 0.0265625 0.0484375 0.053125
4 0.0578125 0.1515625 0.05234375 0.07578125
4 0.02109375 0.2171875 0.0359375 0.08046875
4 0.04609375 0.2890625 0.04765625 0.0734375
4 0.10390625 0.24453125 0.04296875 0.0390625
4 0.2171875 0.18671875 0.0546875 0.065625
4 0.2921875 0.09140625 0.04375 0.05390625
4 0.21015625 0.015625 0.07421875 0.03046875
4 0.32421875 0.0296875 0.075 0.05859375
4 0.48125 0.02265625 0.0671875 0.040625
4 0.43515625 0.0796875 0.06484375 0.084375
0 0.38828125 0.23046875 0.05546875 0.07421875
0 0.3171875 0.1984375 0.053125 0.0671875
4 0.26484375 0.29765625 0.0609375 0.0734375
0 0.36796875 0.3328125 0.05859375 0.08125
4 0.3234375 0.44140625 0.04375 0.06953125
4 0.240625 0.46796875 0.0625 0.08671875
4 0.0640625 0.48203125 0.0609375 0.07734375
4 0.04765625 0.403125 0.05390625 0.08125
4 0.52890625 0.1796875 0.0546875 0.0734375
0 0.596875 0.13046875 0.0453125 0.07734375
4 0.58828125 0.33125 0.0734375 0.05
4 0.5171875 0.3859375 0.059375 0.065625
4 0.5421875 0.4796875 0.096875 0.0953125
4 0.58515625 0.5234375 0.0671875 0.08046875
4 0.321875 0.5609375 0.05546875 0.08125
4 0.2484375 0.57734375 0.059375 0.0796875
4 0.15 0.6203125 0.06484375 0.0734375
4 0.040625 0.609375 0.05859375 0.078125
4 0.02578125 0.76171875 0.0453125 0.09296875
4 0.02578125 0.9140625 0.04921875 0.096875
4 0.0640625 0.9875 0.0671875 0.02421875
4 0.14921875 0.9828125 0.0625 0.0296875
0 0.20703125 0.89296875 0.06796875 0.0796875
0 0.2171875 0.78125 0.05234375 0.06875
4 0.14765625 0.74453125 0.065625 0.06875
0 0.3421875 0.71328125 0.0546875 0.06953125
4 0.44453125 0.7390625 0.0578125 0.07734375
4 0.37734375 0.60078125 0.06796875 0.07109375
4 0.45703125 0.66640625 0.065625 0.06015625
0 0.39296875 0.82578125 0.05859375 0.0734375
4 0.5625 0.5984375 0.05 0.05859375
4 0.57890625 0.67421875 0.06484375 0.0734375
4 0.54921875 0.7671875 0.05234375 0.07421875
0 0.6265625 0.9453125 0.05390625 0.078125
4 0.53046875 0.97265625 0.0640625 0.0546875
0 0.67265625 0.03203125 0.0578125 0.05390625
4 0.7109375 0.14921875 0.0765625 0.09296875
4 0.87265625 0.0875 0.0609375 0.0796875
4 0.64765625 0.3296875 0.04921875 0.0734375
0 0.68828125 0.39765625 0.05859375 0.07109375
4 0.7609375 0.31484375 0.05546875 0.0734375
4 0.75 0.39375 0.053125 0.06171875
4 0.79453125 0.48125 0.053125 0.06328125
4 0.87734375 0.4359375 0.07109375 0.08828125
4 0.72890625 0.52890625 0.046875 0.07578125
4 0.63359375 0.53515625 0.05 0.0734375
4 0.83984375 0.5609375 0.0640625 0.06171875
0 0.696875 0.61953125 0.06328125 0.07421875
0 0.675 0.71640625 0.05703125 0.078125
4 0.8453125 0.68359375 0.05859375 0.0609375
4 0.89296875 0.64375 0.06328125 0.07578125
4 0.9765625 0.69765625 0.04609375 0.0796875
0 0.840625 0.75859375 0.07265625 0.0890625
4 0.79140625 0.85234375 0.06484375 0.078125
4 0.76015625 0.975 0.0484375 0.05
4 0.67265625 0.98125 0.0671875 0.0328125
4 0.95703125 0.8875 0.05234375 0.06484375
4 0.91875 0.965625 0.0578125 0.06875
4 0.98125 0.9765625 0.0375 0.0375
4 0.990625 0.8390625 0.01875 0.06875