3 0.28046875 0.025 0.075 0.040625
3 0.13359375 0.453125 0.06875 0.0734375
3 0.203125 0.88984375 0.0703125 0.046875
3 0.11171875 0.72265625 0.05546875 0.0828125
3 0.33828125 0.5734375 0.0765625 0.04140625
1 0.09296875 0.928125 0.14375 0.0359375
1 0.36640625 0.95703125 0.08359375 0.07734375
1 0.16015625 0.07578125 0.0796875 0.06640625
1 0.38671875 0.46796875 0.10625 0.05234375
1 0.534375 0.8546875 0.084375 0.07890625
1 0.63984375 0.66953125 0.115625 0.046875
1 0.840625 0.60546875 0.075 0.0984375
3 0.603125 0.5125 0.0578125 0.07109375
3 0.54765625 0.64609375 0.0640625 0.06875
3 0.6015625 0.76328125 0.07265625 0.0546875
3 0.89296875 0.75 0.034375 0.109375
3 0.7109375 0.984375 0.03359375 0.03046875
3 0.69453125 0.06171875 0.0640625 0.05
3 0.7375 0.11640625 0.05625 0.06796875
3 0.71875 0.28671875 0.03671875 0.09921875
3 0.66328125 0.3609375 0.06328125 0.05
3 0.8484375 0.359375 0.06640625 0.05390625
3 0.42265625 0.2375 0.06484375 0.06015625
3 0.3984375 0.2765625 0.040625 0.07890625
1 0.84375 0.00859375 0.025 0.0171875
1 0.91328125 0.41640625 0.08359375 0.084375
3 0.921875 0.8546875 0.0296875 0.08515625
0 0.1953125 0.7421875 0.06328125 0.07890625
4 0.03671875 0.12109375 0.0484375 0.075
0 0.0171875 0.40078125 0.034375 0.07421875
4 0.4328125 0.1671875 0.046875 0.04765625
4 0.49921875 0.171875 0.0546875 0.08515625
0 0.31484375 0.30703125 0.0515625 0.08671875
4 0.1359375 0.50234375 0.0578125 0.06015625
4 0.009375 0.575 0.01875 0.04765625
0 0.28046875 0.5125 0.05390625 0.071875
0 0.1625 0.66875 0.06015625 0.075
4 0.06171875 0.70859375 0.0421875 0.04296875
4 0.04921875 0.7140625 0.06015625 0.0625
0 0.403125 0.58828125 0.06484375 0.07421875
4 0.36015625 0.703125 0.05703125 0.075
4 0.48828125 0.96953125 0.04765625 0.05546875
4 0.4578125 0.9890625 0.0390625 0.02109375
4 0.5890625 0.92890625 0.05234375 0.06875
4 0.5421875 0.8078125 0.05234375 0.0578125
4 0.60234375 0.196875 0.05390625 0.07109375
4 0.74921875 0.0515625 0.06875 0.06015625
4 0.73671875 0.01796875 0.03828125 0.03515625
4 0.903125 0.0109375 0.0546875 0.021875
4 0.95078125 0.10390625 0.0609375 0.07109375
4 0.946875 0.15546875 0.0546875 0.0796875
4 0.8859375 0.13359375 0.05390625 0.09375
0 0.7984375 0.16484375 0.059375 0.078125
4 0.74921875 0.22109375 0.0640625 0.05859375
4 0.71796875 0.16796875 0.0421875 0.05703125
4 0.86953125 0.2296875 0.053125 0.065625
4 0.92421875 0.3078125 0.06953125 0.09296875
4 0.7328125 0.35703125 0.0671875 0.071875
4 0.53203125 0.321875 0.06796875 0.0890625
4 0.59609375 0.43828125 0.078125 0.05390625
4 0.77421875 0.4421875 0.04375 0.0828125
4 0.72265625 0.4765625 0.0578125 0.09921875
4 0.659375 0.53515625 0.05 0.06171875
4 0.63046875 0.60859375 0.05390625 0.0671875
4 0.68203125 0.6328125 0.0453125 0.06015625
0 0.64296875 0.80390625 0.04921875 0.071875
4 0.58984375 0.85625 0.06328125 0.08125
4 0.77421875 0.88359375 0.04375 0.05625
4 0.80390625 0.8734375 0.0484375 0.06171875
4 0.80546875 0.9484375 0.07109375 0.084375
4 0.8484375 0.94296875 0.05546875 0.065625
4 0.96796875 0.85390625 0.04921875 0.08046875
4 0.9890625 0.953125 0.02109375 0.08125
4 0.98125 0.75546875 0.0375 0.05625
4 0.96015625 0.746875 0.06328125 0.0796875
4 0.97890625 0.55234375 0.04140625 0.0890625
4 0.75390625 0.53671875 0.07578125 0.08828125