3 0.4078125 0.63046875 0.11328125 0.05390625
3 0.5234375 0.521875 0.11015625 0.04375
3 0.41796875 0.45078125 0.08359375 0.06171875
3 0.72578125 0.5125 0.0484375 0.1171875
3 0.88515625 0.0453125 0.05703125 0.08984375
3 0.22109375 0.3515625 0.0515625 0.11328125
3 0.15078125 0.23359375 0.090625 0.05234375
3 0.03359375 0.03515625 0.0671875 0.0703125
4 0.31796875 0.221875 0.0625 0.0875
4 0.2359375 0.1078125 0.06640625 0.08359375
4 0.3765625 0.08046875 0.0640625 0.09375
4 0.109375 0.07578125 0.08984375 0.096875
4 0.1234375 0.3 0.06875 0.08515625
4 0.12578125 0.434375 0.0640625 0.07265625
4 0.2125 0.50703125 0.0609375 0.0859375
4 0.14921875 0.51953125 0.07109375 0.1
4 0.2140625 0.58984375 0.06171875 0.0828125
4 0.29765625 0.634375 0.059375 0.07109375
4 0.38203125 0.54140625 0.0734375 0.0828125
4 0.51484375 0.58359375 0.07421875 0.0828125
4 0.45546875 0.7234375 0.07109375 0.096875
4 0.328125 0.7296875 0.06640625 0.08984375
4 0.42734375 0.85625 0.0703125 0.109375
4 0.31171875 0.92421875 0.06796875 0.09296875
4 0.24453125 0.9453125 0.06015625 0.09140625
4 0.58125 0.76484375 0.05546875 0.08359375
4 0.66015625 0.78515625 0.0703125 0.0859375
4 0.68203125 0.575 0.06484375 0.07734375
4 0.6734375 0.49140625 0.059375 0.05625
4 0.6796875 0.42109375 0.065625 0.09140625
4 0.48984375 0.40234375 0.08046875 0.103125
4 0.396875 0.3984375 0.06875 0.08515625
4 0.40703125 0.24921875 0.05234375 0.07578125
4 0.51484375 0.23125 0.06171875 0.0890625
4 0.490625 0.1421875 0.05703125 0.08125
4 0.44609375 0.04140625 0.08046875 0.0828125
4 0.69375 0.0625 0.0625 0.0890625
4 0.72734375 0.2234375 0.06171875 0.08359375
4 0.85234375 0.17421875 0.04921875 0.07890625
4 0.93828125 0.15234375 0.06875 0.0734375
4 0.94921875 0.0609375 0.06015625 0.06875
4 0.89609375 0.35859375 0.0625 0.07890625
4 0.94375 0.3234375 0.04765625 0.0953125
4 0.803125 0.5015625 0.05234375 0.07890625
4 0.76875 0.58125 0.0578125 0.0875
4 0.88671875 0.57890625 0.06953125 0.0953125
4 0.828125 0.678125 0.0625 0.08515625
4 0.86640625 0.74453125 0.0484375 0.07890625
4 0.853125 0.871875 0.0609375 0.096875
4 0.9125 0.8671875 0.05703125 0.0828125
4 0.953125 0.58671875 0.0640625 0.1015625
4 0.94296875 0.4578125 0.059375 0.08125
4 0.5640625 0.9609375 0.05546875 0.0734375
3 0.21328125 0.421875 0.078125 0.05234375