1 0.6 0.440625 0.08828125 0.08515625
1 0.13671875 0.75625 0.10390625 0.0953125
1 0.66796875 0.76171875 0.09453125 0.059375
3 0.37265625 0.49453125 0.04765625 0.11640625
3 0.43515625 0.43125 0.0625 0.1046875
3 0.7875 0.20546875 0.0953125 0.07890625
3 0.946875 0.38359375 0.0578125 0.1
3 0.80234375 0.45390625 0.07734375 0.05234375
3 0.85 0.84296875 0.0703125 0.06328125
3 0.44375 0.13671875 0.07109375 0.06484375
3 0.34609375 0.72265625 0.07265625 0.075
2 0.70078125 0.5734375 0.078125 0.103125
0 0.54140625 0.36796875 0.0640625 0.0734375
0 0.34375 0.3234375 0.0609375 0.08515625
0 0.36328125 0.246875 0.0625 0.06875
0 0.52265625 0.6421875 0.05546875 0.07578125
0 0.6015625 0.53984375 0.06171875 0.075
0 0.025 0.5359375 0.04765625 0.0828125
0 0.1296875 0.26875 0.06171875 0.07890625
0 0.88046875 0.57890625 0.0625 0.0875
0 0.78359375 0.9171875 0.053125 0.07734375
0 0.41484375 0.6953125 0.06796875 0.09140625
4 0.14765625 0.52421875 0.0625 0.08515625
4 0.0453125 0.45390625 0.06484375 0.07109375
4 0.08125 0.36640625 0.0625 0.08125
4 0.03046875 0.24765625 0.0578125 0.0875
4 0.09453125 0.15078125 0.0703125 0.06484375
4 0.03671875 0.03671875 0.0609375 0.07109375
4 0.203125 0.06171875 0.053125 0.07265625
4 0.21328125 0.171875 0.05703125 0.0890625
4 0.234375 0.2859375 0.06875 0.0953125
4 0.221875 0.4078125 0.06484375 0.07890625
4 0.1953125 0.65078125 0.05390625 0.08984375
4 0.08203125 0.64375 0.0625 0.08125
4 0.34375 0.63828125 0.07109375 0.0875
4 0.52109375 0.8640625 0.05546875 0.096875
4 0.334375 0.84296875 0.05390625 0.0734375
4 0.13203125 0.88359375 0.06875 0.0734375
4 0.08125 0.7484375 0.05703125 0.07578125
4 0.13359375 0.79609375 0.0921875 0.0875
4 0.28671875 0.94609375 0.05546875 0.0734375
4 0.3359375 0.91015625 0.07265625 0.06015625
4 0.38984375 0.8515625 0.065625 0.09375
4 0.58515625 0.825 0.040625 0.06171875
4 0.621875 0.85390625 0.05390625 0.07890625
4 0.73515625 0.93359375 0.05625 0.07109375
4 0.94765625 0.88671875 0.06875 0.1
4 0.959375 0.7703125 0.0703125 0.08984375
4 0.7890625 0.2921875 0.05625 0.07734375
4 0.59921875 0.2296875 0.06171875 0.07265625
4 0.58125 0.16015625 0.07265625 0.0875
4 0.5515625 0.265625 0.04921875 0.0796875
4 0.15703125 0.15703125 0.05703125 0.09140625
4 0.07734375 0.2453125 0.0515625 0.08125
4 0.44375 0.5109375 0.08359375 0.0859375
4 0.3875 0.59453125 0.05703125 0.0796875
4 0.62734375 0.66015625 0.06015625 0.08359375
4 0.68828125 0.46171875 0.06640625 0.0890625
3 0.84375 0.38359375 0.0453125 0.10859375
3 0.959375 0.09765625 0.05390625 0.0890625
3 0.90859375 0.0390625 0.06796875 0.04765625
4 0.90625 0.2484375 0.05546875 0.08125
4 0.52265625 0.0359375 0.0765625 0.071875
4 0.42578125 0.03359375 0.05234375 0.0671875
4 0.725 0.69765625 0.07265625 0.09140625
4 0.72890625 0.771875 0.0703125 0.08984375
0 0.8421875 0.49296875 0.05625 0.07890625
0 0.98046875 0.6140625 0.0390625 0.08125
0 0.97421875 0.16171875 0.0515625 0.0734375
4 0.0171875 0.33203125 0.034375 0.0828125
0 0.62578125 0.97265625 0.06875 0.0515625
3 0.08671875 0.97109375 0.0625 0.0578125
4 0.9421875 0.975 0.0734375 0.05
4 0.82265625 0.97578125 0.05390625 0.046875
4 0.4875 0.978125 0.0828125 0.0296875
4 0.16640625 0.98125 0.090625 0.03203125
4 0.984375 0.434375 0.02734375 0.07890625
4 0.390625 0.0234375 0.0609375 0.046875
4 0.8875 0.04453125 0.065625 0.08046875
4 0.9359375 0.7375 0.0671875 0.0765625