4 0.315625 0.73515625 0.06015625 0.07890625
4 0.38203125 0.77109375 0.06796875 0.08125
4 0.09375 0.77578125 0.06171875 0.0796875
4 0.35078125 0.478125 0.0640625 0.059375
4 0.140625 0.959375 0.04453125 0.08125
4 0.25859375 0.9390625 0.06484375 0.09140625
4 0.221875 0.9171875 0.04140625 0.08125
4 0.18984375 0.92890625 0.04453125 0.06328125
4 0.6296875 0.64140625 0.053125 0.08359375
4 0.5578125 0.68984375 0.0515625 0.06015625
4 0.3765625 0.6828125 0.05546875 0.0796875
4 0.7875 0.97421875 0.0703125 0.0515625
4 0.77265625 0.0515625 0.04140625 0.06484375
4 0.6078125 0.30234375 0.0625 0.06875
4 0.5421875 0.315625 0.0625 0.07265625
4 0.028125 0.084375 0.05546875 0.0734375
4 0.0796875 0.62578125 0.0515625 0.06875
4 0.15078125 0.79609375 0.05234375 0.0890625
4 0.7546875 0.62890625 0.05546875 0.10625
4 0.93125 0.6390625 0.05546875 0.0671875
4 0.965625 0.61171875 0.04375 0.06484375
4 0.8578125 0.728125 0.06015625 0.08515625
4 0.7546875 0.478125 0.03984375 0.06484375
4 0.03046875 0.15078125 0.0609375 0.07265625
4 0.5453125 0.103125 0.06484375 0.06953125
4 0.2734375 0.07265625 0.04140625 0.06328125
4 0.29296875 0.02890625 0.05546875 0.0578125
4 0.2765625 0.25703125 0.0484375 0.08359375
4 0.73515625 0.7125 0.04375 0.08515625
0 0.04609375 0.4578125 0.06015625 0.07578125
4 0.240625 0.54921875 0.05234375 0.07890625
4 0.23984375 0.66640625 0.06796875 0.07734375
0 0.11015625 0.67890625 0.053125 0.06015625
0 0.01796875 0.5578125 0.0359375 0.075
4 0.13125 0.44609375 0.053125 0.075
0 0.090625 0.2015625 0.0625 0.08125
0 0.11640625 0.0625 0.0578125 0.07578125
4 0.2078125 0.28046875 0.06015625 0.07890625
0 0.2125 0.1390625 0.053125 0.06171875
0 0.2328125 0.2015625 0.05546875 0.06875
4 0.278125 0.1453125 0.05234375 0.0796875
4 0.321875 0.1015625 0.0515625 0.07734375
4 0.36875 0.05390625 0.0609375 0.07578125
4 0.4109375 0.17109375 0.05234375 0.0671875
4 0.4171875 0.2796875 0.05234375 0.07734375
0 0.53359375 0.190625 0.0484375 0.06171875
0 0.7375 0.1484375 0.0484375 0.0671875
0 0.83046875 0.22265625 0.0578125 0.06953125
0 0.7796875 0.28515625 0.059375 0.06953125
0 0.8453125 0.30390625 0.0625 0.08515625
0 0.9015625 0.2609375 0.05546875 0.06875
0 0.75234375 0.40390625 0.05234375 0.07578125
2 0.51328125 0.41875 0.06484375 0.075
4 0.6265625 0.50859375 0.06015625 0.0828125
0 0.42578125 0.59453125 0.0640625 0.07109375
2 0.29921875 0.52734375 0.06484375 0.07890625
0 0.490625 0.796875 0.0515625 0.06328125
2 0.43359375 0.86953125 0.05703125 0.07734375
4 0.53125 0.85 0.04609375 0.07578125
0 0.728125 0.82578125 0.05234375 0.06328125
0 0.76796875 0.76953125 0.0578125 0.0671875
0 0.83125 0.934375 0.05234375 0.0671875
0 0.928125 0.875 0.05 0.0671875
0 0.953125 0.9546875 0.0609375 0.06953125
0 0.653125 0.87109375 0.05625 0.0796875
0 0.4453125 0.94375 0.06484375 0.06328125
0 0.0359375 0.9140625 0.0484375 0.07890625
4 0.3546875 0.9546875 0.0515625 0.0828125
4 0.12734375 0.9015625 0.053125 0.07109375
4 0.09375 0.93671875 0.05234375 0.06171875
4 0.3546875 0.65078125 0.0609375 0.075
3 0.25625 0.44296875 0.040625 0.09296875
3 0.5 0.54140625 0.08125 0.0515625
3 0.3625 0.31875 0.03359375 0.0859375
3 0.35625 0.1671875 0.0359375 0.1015625
3 0.5765625 0.5203125 0.0375 0.07578125
1 0.690625 0.6171875 0.075 0.04609375
3 0.68671875 0.68984375 0.0625 0.0734375
3 0.88515625 0.6859375 0.0375 0.0875
3 0.66171875 0.20234375 0.0421875 0.0875
3 0.59765625 0.39765625 0.06796875 0.06328125
3 0.1828125 0.0671875 0.06875 0.07734375
4 0.60078125 0.23046875 0.065625 0.0828125
4 0.6296875 0.42421875 0.05390625 0.06953125
4 0.5734375 0.6515625 0.04453125 0.06015625
1 0.76171875 0.94296875 0.05625 0.05546875
4 0.85703125 0.12578125 0.06171875 0.09140625
3 0.95625 0.06796875 0.07265625 0.06171875
4 0.75625 0.50625 0.05234375 0.059375
4 0.7234375 0.47265625 0.04609375 0.065625
4 0.9890625 0.55390625 0.02109375 0.065625
4 0.94140625 0.0203125 0.065625 0.02734375
4 0.98359375 0.02578125 0.02890625 0.0421875
4 0.5453125 0.984375 0.05078125 0.02578125