1 0.23359375 0.015625 0.034375 0.03046875
1 0.26875 0.1921875 0.0765625 0.06171875
1 0.53671875 0.92890625 0.090625 0.09921875
1 0.465625 0.8640625 0.0734375 0.08828125
1 0.0875 0.7234375 0.0765625 0.05390625
1 0.434375 0.61171875 0.04140625 0.10078125
1 0.1921875 0.22421875 0.0625 0.06796875
1 0.3296875 0.1890625 0.06796875 0.046875
3 0.33671875 0.91640625 0.03671875 0.10078125
1 0.215625 0.82421875 0.08046875 0.0640625
3 0.6453125 0.54296875 0.08515625 0.06015625
3 0.259375 0.38203125 0.05 0.08125
3 0.3109375 0.48515625 0.078125 0.07890625
3 0.34375 0.70234375 0.08984375 0.06171875
3 0.57890625 0.93671875 0.0765625 0.0578125
3 0.64921875 0.3625 0.0734375 0.0734375
1 0.9765625 0.08515625 0.04609375 0.03984375
1 0.965625 0.33203125 0.046875 0.07578125
1 0.81640625 0.3328125 0.0921875 0.03515625
1 0.85078125 0.18359375 0.08359375 0.04375
0 0.37421875 0.64765625 0.06796875 0.0796875
3 0.93828125 0.83203125 0.07578125 0.059375
3 0.97265625 0.51953125 0.05390625 0.06328125
2 0.20390625 0.3890625 0.05625 0.0765625
4 0.29765625 0.0234375 0.05390625 0.046875
4 0.47265625 0.1671875 0.0546875 0.0703125
4 0.58359375 0.07265625 0.0609375 0.06171875
4 0.5078125 0.33984375 0.04375 0.06640625
4 0.5640625 0.34296875 0.071875 0.05078125
4 0.23046875 0.259375 0.0421875 0.08359375
4 0.290625 0.27421875 0.0578125 0.08359375
4 0.39921875 0.41484375 0.0609375 0.07578125
4 0.1625 0.4921875 0.0546875 0.07734375
4 0.00859375 0.41171875 0.01640625 0.08125
4 0.19375 0.58671875 0.059375 0.08828125
4 0.475 0.71171875 0.06015625 0.07578125
4 0.5296875 0.53515625 0.0578125 0.0859375
0 0.53125 0.47890625 0.0484375 0.06484375
4 0.5875 0.4890625 0.05703125 0.07265625
4 0.01171875 0.671875 0.02265625 0.0328125
4 0.01640625 0.7234375 0.0328125 0.07734375
4 0.09921875 0.88359375 0.0703125 0.096875
4 0.3875 0.98359375 0.05625 0.03203125
4 0.0078125 0.98203125 0.015625 0.0359375
4 0.5015625 0.9734375 0.05546875 0.05234375
4 0.62734375 0.015625 0.05703125 0.03125
4 0.65625 0.1046875 0.0671875 0.0859375
0 0.68046875 0.221875 0.0625 0.0734375
4 0.84375 0.03515625 0.0359375 0.0625
4 0.96640625 0.040625 0.0671875 0.06875
4 0.94609375 0.23671875 0.05390625 0.09453125
4 0.98125 0.24921875 0.0328125 0.0828125
0 0.78515625 0.425 0.0546875 0.0828125
0 0.6765625 0.48125 0.0609375 0.0703125
4 0.8234375 0.48984375 0.0515625 0.04140625
4 0.86953125 0.51953125 0.06640625 0.06796875
4 0.8515625 0.59453125 0.04765625 0.075
4 0.8078125 0.61640625 0.04765625 0.07109375
4 0.7578125 0.58515625 0.04609375 0.07265625
4 0.7875 0.678125 0.06640625 0.0578125
4 0.7796875 0.77578125 0.040625 0.090625
4 0.69609375 0.77109375 0.07109375 0.06015625
4 0.7171875 0.82890625 0.0609375 0.06640625
4 0.7390625 0.921875 0.06953125 0.11171875
4 0.78359375 0.86328125 0.075 0.090625
0 0.82890625 0.79609375 0.065625 0.0828125
4 0.890625 0.75546875 0.0765625 0.09453125