3 0.6 0.6875 0.08828125 0.09140625
3 0.9046875 0.5203125 0.04375 0.11640625
3 0.4359375 0.2765625 0.08984375 0.08125
3 0.43515625 0.4859375 0.07734375 0.06953125
3 0.2859375 0.446875 0.078125 0.06953125
3 0.24375 0.74375 0.078125 0.0796875
3 0.546875 0.7421875 0.06640625 0.06484375
3 0.05390625 0.1015625 0.06640625 0.0890625
3 0.021875 0.071875 0.04375 0.0828125
3 0.021875 0.19921875 0.04375 0.08125
4 0.17890625 0.64921875 0.05703125 0.0828125
4 0.1171875 0.7265625 0.06015625 0.07890625
4 0.13984375 0.79765625 0.0765625 0.08984375
4 0.1953125 0.8546875 0.059375 0.0796875
4 0.13203125 0.89375 0.065625 0.0859375
4 0.20234375 0.95859375 0.07109375 0.0828125
4 0.396875 0.9171875 0.065625 0.0734375
4 0.35625 0.73125 0.05703125 0.08359375
4 0.2875 0.51796875 0.08828125 0.0796875
4 0.20390625 0.2921875 0.053125 0.07890625
4 0.16796875 0.18203125 0.0625 0.0796875
4 0.090625 0.2953125 0.07265625 0.09765625
4 0.028125 0.2703125 0.05625 0.075
4 0.4609375 0.39609375 0.078125 0.0859375
4 0.56875 0.28046875 0.0578125 0.0828125
4 0.5890625 0.20234375 0.053125 0.07265625
4 0.6703125 0.1609375 0.059375 0.08515625
4 0.65 0.07421875 0.07109375 0.09375
4 0.64921875 0.27734375 0.06171875 0.0796875
4 0.57734375 0.3953125 0.07109375 0.06484375
4 0.54609375 0.4671875 0.05546875 0.07578125
4 0.596875 0.54140625 0.05625 0.07734375
4 0.60859375 0.609375 0.0640625 0.06484375
4 0.44765625 0.80390625 0.053125 0.06484375
4 0.54140625 0.86796875 0.0640625 0.08359375
4 0.60234375 0.85078125 0.06171875 0.10859375
4 0.72265625 0.8578125 0.0625 0.09140625
4 0.68984375 0.43984375 0.04921875 0.08125
4 0.7765625 0.31171875 0.06640625 0.08984375
4 0.7984375 0.19609375 0.06015625 0.07578125
4 0.9125 0.09453125 0.0640625 0.0828125
4 0.91484375 0.90703125 0.065625 0.06953125
4 0.97734375 0.85234375 0.0453125 0.0734375
4 0.978125 0.68203125 0.04375 0.08984375
4 0.92890625 0.5921875 0.05 0.06875
4 0.88984375 0.96328125 0.0625 0.0734375
4 0.96796875 0.965625 0.053125 0.065625
4 0.809375 0.6015625 0.05234375 0.06953125
3 0.42578125 0.7515625 0.0609375 0.059375