2 0.45 0.06328125 0.0609375 0.078125
3 0.02578125 0.746875 0.05078125 0.06953125
1 0.909375 0.2921875 0.11796875 0.0734375
1 0.8125 0.31953125 0.10859375 0.0796875
1 0.809375 0.48515625 0.07265625 0.05078125
1 0.54453125 0.65625 0.15390625 0.0765625
1 0.51796875 0.8578125 0.12421875 0.07265625
2 0.52265625 0.9484375 0.05703125 0.075
2 0.45625 0.446875 0.059375 0.071875
2 0.5578125 0.06953125 0.0609375 0.08125
2 0.2578125 0.75 0.06015625 0.08046875
4 0.0953125 0.0828125 0.0578125 0.08125
4 0.19921875 0.0515625 0.0515625 0.06171875
4 0.13984375 0.02109375 0.0453125 0.0375
4 0.32734375 0.0171875 0.0484375 0.0296875
4 0.1609375 0.184375 0.0515625 0.078125
4 0.08046875 0.15078125 0.0578125 0.0671875
4 0.01171875 0.20703125 0.0234375 0.0671875
4 0.0140625 0.29921875 0.028125 0.0765625
4 0.06796875 0.2875 0.06796875 0.0890625
0 0.065625 0.44296875 0.0453125 0.08125
0 0.1890625 0.45703125 0.05859375 0.0671875
4 0.1515625 0.525 0.0546875 0.078125
4 0.21640625 0.32734375 0.090625 0.07109375
4 0.25546875 0.30625 0.0546875 0.06015625
4 0.196875 0.221875 0.059375 0.05859375
0 0.271875 0.25234375 0.0609375 0.07421875
4 0.3109375 0.17734375 0.05 0.071875
4 0.35546875 0.13828125 0.0640625 0.0796875
4 0.40078125 0.10234375 0.05390625 0.078125
4 0.36640625 0.20390625 0.06953125 0.08828125
0 0.34140625 0.26796875 0.05 0.06171875
4 0.26875 0.39609375 0.0484375 0.05703125
4 0.375 0.440625 0.053125 0.07109375
4 0.48125 0.3359375 0.03828125 0.065625
0 0.52421875 0.37109375 0.0515625 0.0734375
0 0.559375 0.484375 0.05234375 0.0796875
4 0.30546875 0.56875 0.0609375 0.0734375
4 0.3390625 0.634375 0.05703125 0.07421875
0 0.36953125 0.71640625 0.05 0.071875
4 0.31875 0.78125 0.0734375 0.1
0 0.24140625 0.8484375 0.05 0.06328125
0 0.15 0.8828125 0.0578125 0.0734375
4 0.09453125 0.92890625 0.0640625 0.08515625
3 0.02578125 0.8171875 0.0515625 0.05234375
4 0.02265625 0.6640625 0.04375 0.07578125
4 0.39375 0.8828125 0.0609375 0.0734375
4 0.39140625 0.959375 0.075 0.06875
4 0.340625 0.978125 0.05625 0.04375
0 0.240625 0.9796875 0.0625 0.0375
4 0.07890625 0.98984375 0.053125 0.01953125
4 0.5203125 0.7671875 0.0671875 0.07734375
4 0.60078125 0.0234375 0.059375 0.04609375
4 0.65078125 0.00859375 0.03671875 0.0171875
4 0.7625 0.0234375 0.07265625 0.04609375
4 0.83359375 0.0265625 0.0640625 0.053125
4 0.86640625 0.08359375 0.05859375 0.0796875
0 0.93125 0.0609375 0.05546875 0.08046875
4 0.8671875 0.1453125 0.0578125 0.08046875
0 0.81796875 0.225 0.05859375 0.07578125
0 0.75 0.196875 0.0578125 0.065625
0 0.61953125 0.1109375 0.05546875 0.07109375
4 0.8125 0.38359375 0.0671875 0.06875
4 0.85 0.434375 0.03984375 0.06484375
0 0.92109375 0.3796875 0.0453125 0.07578125
4 0.9875 0.40703125 0.02421875 0.07421875
4 0.94296875 0.49609375 0.0546875 0.0671875
4 0.88203125 0.5078125 0.05390625 0.04375
0 0.8671875 0.57421875 0.0578125 0.0671875
0 0.77109375 0.5921875 0.046875 0.08046875
0 0.725 0.5734375 0.05390625 0.078125
4 0.81953125 0.62109375 0.0640625 0.07109375
4 0.85546875 0.68671875 0.05859375 0.06953125
0 0.80390625 0.71171875 0.05390625 0.07578125
4 0.60859375 0.6234375 0.06875 0.08125
4 0.6125 0.72890625 0.0765625 0.05859375
4 0.56484375 0.7640625 0.04140625 0.084375
0 0.59765625 0.7984375 0.0515625 0.07734375
0 0.69921875 0.81796875 0.05234375 0.07109375
4 0.753125 0.81328125 0.04609375 0.08046875
4 0.67734375 0.88515625 0.059375 0.0734375
4 0.8859375 0.87265625 0.065625 0.08671875
4 0.96953125 0.821875 0.05703125 0.08515625
0 0.87421875 0.95078125 0.053125 0.07578125
0 0.62421875 0.96640625 0.0546875 0.06015625
4 0.8296875 0.98671875 0.059375 0.0265625