1 0.6296875 0.3859375 0.0703125 0.1109375
3 0.10625 0.334375 0.0671875 0.0421875
3 0.3265625 0.44921875 0.05078125 0.065625
3 0.22421875 0.45859375 0.0671875 0.0703125
3 0.2 0.53046875 0.08671875 0.04609375
3 0.37734375 0.65703125 0.07578125 0.07109375
3 0.49921875 0.70625 0.04765625 0.07421875
3 0.64375 0.61875 0.071875 0.03671875
3 0.77578125 0.4859375 0.0765625 0.06875
3 0.82109375 0.640625 0.06875 0.05078125
3 0.7546875 0.853125 0.065625 0.04765625
3 0.73359375 0.9390625 0.06953125 0.05625
1 0.75546875 0.69453125 0.0296875 0.1234375
1 0.73671875 0.62578125 0.05390625 0.09140625
1 0.97109375 0.74453125 0.0546875 0.084375
4 0.1109375 0.03046875 0.078125 0.0609375
4 0.02265625 0.0984375 0.0453125 0.08125
4 0.034375 0.16953125 0.0640625 0.0703125
4 0.034375 0.25390625 0.06640625 0.0828125
4 0.20859375 0.171875 0.0703125 0.10234375
4 0.3921875 0.09375 0.06328125 0.090625
4 0.42109375 0.01953125 0.0703125 0.0390625
4 0.55703125 0.028125 0.05625 0.05546875
4 0.38828125 0.33125 0.05703125 0.07109375
4 0.4421875 0.36875 0.0609375 0.07734375
4 0.3984375 0.440625 0.0625 0.0703125
4 0.35 0.39921875 0.0578125 0.075
4 0.32265625 0.34296875 0.0421875 0.08125
4 0.2296875 0.4046875 0.06015625 0.0515625
4 0.13203125 0.48671875 0.06796875 0.08828125
4 0.32890625 0.5453125 0.0546875 0.1046875
4 0.36953125 0.515625 0.04765625 0.07890625
4 0.415625 0.55390625 0.0546875 0.0875
4 0.39765625 0.8875 0.0578125 0.06796875
4 0.45234375 0.94765625 0.0640625 0.075
4 0.55234375 0.98359375 0.0578125 0.03203125
4 0.57265625 0.90390625 0.065625 0.090625
4 0.534375 0.8171875 0.05 0.075
4 0.26875 0.97734375 0.05546875 0.04140625
4 0.1828125 0.97734375 0.05390625 0.03671875
4 0.12578125 0.9859375 0.0546875 0.02734375
4 0.9 0.01484375 0.0609375 0.0296875
4 0.68359375 0.13828125 0.06171875 0.0796875
4 0.9890625 0.23359375 0.021875 0.03046875
4 0.99296875 0.37421875 0.0140625 0.06875
4 0.93828125 0.35390625 0.0515625 0.075
4 0.884375 0.375 0.0546875 0.07109375
4 0.6609375 0.43203125 0.06171875 0.06640625
0 0.61640625 0.55 0.05546875 0.07109375
4 0.846875 0.4984375 0.05390625 0.05234375
4 0.81015625 0.57578125 0.07109375 0.0875
4 0.9171875 0.62734375 0.05 0.0734375
4 0.6703125 0.6203125 0.05625 0.084375
4 0.68359375 0.79765625 0.05078125 0.0828125
4 0.61328125 0.8046875 0.07734375 0.0578125
4 0.6234375 0.87265625 0.05078125 0.0875
4 0.78359375 0.784375 0.05390625 0.06640625
4 0.8640625 0.7828125 0.065625 0.08125
4 0.9625 0.82890625 0.06015625 0.0828125