1 0.56953125 0.03046875 0.08125 0.0578125
1 0.51953125 0.16953125 0.07578125 0.07578125
1 0.47890625 0.7234375 0.09140625 0.07734375
1 0.6484375 0.940625 0.103125 0.040625
1 0.4421875 0.36015625 0.0734375 0.059375
1 0.52109375 0.02578125 0.07265625 0.0484375
3 0.153125 0.0234375 0.05 0.04609375
3 0.1 0.14453125 0.05 0.09453125
3 0.17265625 0.43984375 0.071875 0.0578125
3 0.02734375 0.45546875 0.053125 0.046875
3 0.19921875 0.54609375 0.04453125 0.0953125
3 0.36640625 0.7171875 0.07578125 0.059375
3 0.9234375 0.075 0.065625 0.0734375
3 0.946875 0.1390625 0.084375 0.05
1 0.86796875 0.31484375 0.0765625 0.08671875
1 0.7046875 0.74140625 0.0828125 0.06640625
3 0.7171875 0.27421875 0.08671875 0.05
4 0.01875 0.1765625 0.03125 0.09296875
4 0.128125 0.2875 0.0671875 0.09609375
4 0.4171875 0.040625 0.0765625 0.06328125
4 0.45234375 0.0890625 0.0671875 0.059375
4 0.47890625 0.15859375 0.0609375 0.0609375
4 0.5234375 0.21796875 0.0515625 0.04921875
4 0.41953125 0.2828125 0.06875 0.10390625
4 0.4828125 0.30390625 0.06484375 0.0765625
4 0.421875 0.4453125 0.0796875 0.09296875
4 0.47421875 0.49921875 0.06953125 0.0859375
4 0.43359375 0.5484375 0.0609375 0.07734375
4 0.38046875 0.5296875 0.06640625 0.09296875
4 0.12265625 0.528125 0.0671875 0.06328125
4 0.15546875 0.5796875 0.06796875 0.05390625
4 0.04921875 0.52890625 0.0578125 0.08984375
4 0.29140625 0.784375 0.075 0.07109375
4 0.18515625 0.7515625 0.059375 0.07890625
4 0.1734375 0.86015625 0.06015625 0.07421875
4 0.23984375 0.9578125 0.05703125 0.07734375
4 0.446875 0.80625 0.07109375 0.09375
4 0.496875 0.6515625 0.065625 0.0609375
4 0.13359375 0.99140625 0.0359375 0.01640625
4 0.07890625 0.9921875 0.04296875 0.015625
4 0.88203125 0.01796875 0.06171875 0.03515625
4 0.97890625 0.0125 0.04140625 0.02421875
4 0.98203125 0.08359375 0.03359375 0.05546875
4 0.97734375 0.06875 0.04140625 0.08046875
4 0.7640625 0.08984375 0.0765625 0.0765625
4 0.578125 0.24375 0.0796875 0.09609375
4 0.61640625 0.33828125 0.06953125 0.090625
4 0.6296875 0.3953125 0.0375 0.05546875
4 0.66640625 0.4296875 0.07109375 0.06328125
4 0.7984375 0.3921875 0.0703125 0.0953125
0 0.69453125 0.490625 0.05546875 0.07890625
4 0.60703125 0.546875 0.05390625 0.0765625
4 0.55078125 0.6140625 0.078125 0.07890625
4 0.6296875 0.65234375 0.06875 0.0921875
4 0.97421875 0.53046875 0.05 0.075
4 0.878125 0.603125 0.065625 0.075
4 0.865625 0.559375 0.0296875 0.03828125
4 0.8171875 0.578125 0.05390625 0.07890625
4 0.96484375 0.659375 0.06171875 0.08203125
4 0.97734375 0.75625 0.04296875 0.0765625
4 0.7515625 0.80625 0.06875 0.084375
4 0.6046875 0.84296875 0.0734375 0.09609375
4 0.946875 0.9359375 0.053125 0.07265625
1 0.29609375 0.43671875 0.0828125 0.07109375