1 0.22421875 0.471875 0.0859375 0.07421875
1 0.24765625 0.6125 0.08125 0.0953125
1 0.45703125 0.6484375 0.10625 0.0421875
1 0.2484375 0.75078125 0.0765625 0.04375
3 0.32265625 0.8046875 0.03828125 0.1265625
3 0.659375 0.5796875 0.090625 0.03828125
3 0.715625 0.68828125 0.07890625 0.03671875
1 0.64765625 0.26875 0.0828125 0.06875
1 0.840625 0.9828125 0.08046875 0.034375
3 0.71328125 0.16328125 0.07265625 0.07890625
3 0.840625 0.5828125 0.078125 0.040625
3 0.91796875 0.65234375 0.0796875 0.04765625
3 0.57265625 0.425 0.075 0.05078125
3 0.6296875 0.97890625 0.09140625 0.04140625
3 0.8609375 0.4859375 0.075 0.03984375
4 0.30234375 0.0203125 0.03828125 0.040625
4 0.30859375 0.03671875 0.06875 0.07265625
4 0.2171875 0.015625 0.06796875 0.03125
4 0.33515625 0.09375 0.06484375 0.0765625
4 0.34140625 0.1734375 0.0578125 0.08203125
4 0.29296875 0.20859375 0.06328125 0.10390625
4 0.26640625 0.321875 0.05703125 0.08828125
4 0.01484375 0.16484375 0.028125 0.06484375
4 0.5140625 0.04296875 0.05625 0.0671875
4 0.571875 0.2453125 0.04765625 0.0625
4 0.33984375 0.32109375 0.0546875 0.03515625
4 0.35078125 0.3703125 0.06328125 0.0484375
4 0.29765625 0.47578125 0.05625 0.06953125
4 0.37421875 0.54453125 0.053125 0.0609375
4 0.1109375 0.45625 0.06015625 0.084375
4 0.05546875 0.4609375 0.0421875 0.053125
4 0.01171875 0.58984375 0.0234375 0.0546875
4 0.034375 0.64296875 0.053125 0.07265625
4 0.0125 0.74921875 0.021875 0.059375
4 0.19453125 0.88203125 0.06015625 0.08046875
4 0.18671875 0.9625 0.0609375 0.0609375
4 0.0671875 0.9875 0.06171875 0.025
4 0.34921875 0.75078125 0.05390625 0.08203125
4 0.74296875 0.025 0.06796875 0.0484375
4 0.8703125 0.08828125 0.059375 0.08828125
4 0.803125 0.109375 0.0609375 0.05078125
0 0.978125 0.13828125 0.04296875 0.08828125
4 0.83515625 0.18046875 0.05234375 0.0765625
4 0.81875 0.22109375 0.04453125 0.06484375
4 0.8609375 0.26171875 0.059375 0.0671875
4 0.88046875 0.32734375 0.08515625 0.06484375
4 0.82265625 0.3484375 0.046875 0.0671875
4 0.9421875 0.34921875 0.06171875 0.09375
0 0.8625 0.41328125 0.06015625 0.0765625
4 0.9234375 0.51015625 0.06328125 0.08515625
4 0.69765625 0.45703125 0.0609375 0.0671875
4 0.709375 0.50703125 0.0921875 0.09296875
4 0.7484375 0.565625 0.05546875 0.0515625
4 0.6046875 0.640625 0.03828125 0.07734375
4 0.68828125 0.628125 0.06328125 0.059375
0 0.66640625 0.73984375 0.05703125 0.07890625
0 0.71171875 0.871875 0.05546875 0.084375
4 0.8578125 0.94296875 0.06015625 0.04375
4 0.97890625 0.6890625 0.034375 0.04296875
4 0.90859375 0.98984375 0.04140625 0.0203125