1 0.10703125 0.32109375 0.06484375 0.06875
1 0.05 0.33359375 0.05703125 0.06328125
1 0.4984375 0.5828125 0.08515625 0.0546875
4 0.0125 0.9875 0.02421875 0.02265625
1 0.03046875 0.9765625 0.04921875 0.046875
3 0.35078125 0.64609375 0.08515625 0.04765625
1 0.92578125 0.07421875 0.065625 0.0515625
1 0.9203125 0.08984375 0.07890625 0.06015625
3 0.76015625 0.44296875 0.071875 0.0875
1 0.9484375 0.825 0.0625 0.046875
1 0.96171875 0.809375 0.06015625 0.0734375
1 0.5453125 0.80234375 0.071875 0.04453125
1 0.55078125 0.78984375 0.07265625 0.046875
1 0.92578125 0.98203125 0.0421875 0.0359375
1 0.83984375 0.03125 0.0546875 0.0609375
4 0.06171875 0.05546875 0.05234375 0.05625
4 0.0953125 0.04453125 0.0453125 0.08671875
4 0.11640625 0.103125 0.0515625 0.0796875
0 0.30859375 0.02109375 0.05390625 0.0421875
4 0.3453125 0.09296875 0.05859375 0.07421875
4 0.29453125 0.09296875 0.05703125 0.07421875
0 0.246875 0.171875 0.0484375 0.065625
4 0.1 0.18359375 0.04453125 0.059375
4 0.1390625 0.2421875 0.08203125 0.06484375
4 0.2296875 0.2296875 0.07421875 0.078125
0 0.30546875 0.2359375 0.05859375 0.06328125
4 0.35859375 0.24375 0.05234375 0.078125
4 0.03125 0.353125 0.0578125 0.065625
4 0.36328125 0.38046875 0.04921875 0.0546875
4 0.275 0.4109375 0.06484375 0.07734375
4 0.2046875 0.51796875 0.0546875 0.0578125
4 0.1421875 0.53984375 0.059375 0.0796875
0 0.0921875 0.496875 0.05546875 0.07421875
4 0.0421875 0.565625 0.059375 0.06875
4 0.35 0.46328125 0.0390625 0.08359375
4 0.36484375 0.584375 0.05234375 0.05390625
0 0.48671875 0.33125 0.05234375 0.0671875
0 0.47109375 0.265625 0.04921875 0.06484375
4 0.4953125 0.15546875 0.0484375 0.0890625
4 0.55625 0.153125 0.05234375 0.08125
4 0.5609375 0.07109375 0.05 0.07421875
4 0.61875 0.04375 0.0421875 0.07421875
4 0.6546875 0.05390625 0.04140625 0.06328125
4 0.50625 0.0171875 0.05390625 0.034375
4 0.46328125 0.04375 0.05859375 0.07421875
0 0.6671875 0.2234375 0.0515625 0.07265625
4 0.56640625 0.32109375 0.0546875 0.07421875
4 0.5453125 0.37890625 0.0578125 0.07109375
4 0.58984375 0.44375 0.05234375 0.06328125
4 0.65546875 0.471875 0.05390625 0.08125
0 0.5921875 0.50703125 0.05703125 0.0546875
4 0.13828125 0.63984375 0.059375 0.059375
4 0.0140625 0.6875 0.0265625 0.1171875
4 0.15625 0.68984375 0.08046875 0.06015625
4 0.11640625 0.753125 0.0671875 0.07578125
4 0.1171875 0.8265625 0.05 0.06484375
4 0.18515625 0.86796875 0.06171875 0.09375
0 0.27265625 0.92578125 0.0546875 0.07421875
4 0.3296875 0.7453125 0.05703125 0.08125
4 0.41953125 0.7671875 0.065625 0.05390625
4 0.49296875 0.6953125 0.05 0.06015625
4 0.5359375 0.72421875 0.07421875 0.08671875
4 0.621875 0.77578125 0.075 0.06015625
4 0.51328125 0.8515625 0.05234375 0.065625
4 0.5359375 0.94609375 0.07421875 0.04921875
4 0.48671875 0.92421875 0.0625 0.04140625
4 0.61484375 0.9328125 0.04609375 0.08828125
4 0.4703125 0.98984375 0.065625 0.0203125
4 0.38671875 0.9890625 0.05390625 0.021875
4 0.11484375 0.93125 0.0578125 0.09609375
4 0.13125 0.97421875 0.05546875 0.0421875
4 0.1984375 0.91484375 0.065625 0.046875
4 0.0453125 0.940625 0.05859375 0.06171875
4 0.0671875 0.92578125 0.04765625 0.07421875
4 0.7578125 0.03046875 0.0640625 0.06015625
4 0.8515625 0.1390625 0.08828125 0.04921875
4 0.83515625 0.08828125 0.0671875 0.0796875
4 0.8875 0.02578125 0.05390625 0.0453125
4 0.9734375 0.0203125 0.05 0.040625
4 0.9671875 0.23515625 0.05703125 0.07734375
0 0.7359375 0.1765625 0.05546875 0.07578125
0 0.73515625 0.24921875 0.05703125 0.059375
4 0.6984375 0.34453125 0.05390625 0.0796875
4 0.771875 0.34296875 0.0515625 0.06171875
4 0.77421875 0.5421875 0.03515625 0.08515625
1 0.840625 0.54609375 0.075 0.0671875
4 0.73203125 0.5671875 0.05703125 0.065625
4 0.7203125 0.70390625 0.05234375 0.07265625
4 0.97265625 0.540625 0.05234375 0.078125
4 0.87734375 0.60078125 0.04921875 0.0703125
4 0.9046875 0.76328125 0.07421875 0.0703125
4 0.80234375 0.8296875 0.05703125 0.06875
4 0.96484375 0.94765625 0.05390625 0.08515625
4 0.98125 0.7375 0.03515625 0.07421875
4 0.9875 0.7859375 0.025 0.0578125