1 0.1765625 0.12890625 0.04296875 0.11796875
1 0.19921875 0.7359375 0.071875 0.05390625
3 0.459375 0.26875 0.06875 0.0875
3 0.84921875 0.35234375 0.0859375 0.065625
3 0.56640625 0.6765625 0.09765625 0.0546875
3 0.93125 0.7875 0.078125 0.05546875
3 0.6671875 0.89375 0.07265625 0.040625
1 0.546875 0.721875 0.08203125 0.05546875
1 0.73125 0.4890625 0.0625 0.1234375
2 0.4453125 0.978125 0.059375 0.03984375
4 0.02890625 0.08671875 0.0578125 0.07265625
4 0.10390625 0.04921875 0.03984375 0.06875
4 0.46171875 0.028125 0.06328125 0.05546875
4 0.1546875 0.20078125 0.06328125 0.08203125
4 0.01015625 0.19921875 0.0203125 0.05546875
4 0.04609375 0.23515625 0.06015625 0.07890625
4 0.0296875 0.32890625 0.059375 0.0578125
4 0.23046875 0.18828125 0.0359375 0.0640625
4 0.3375 0.2078125 0.065625 0.0796875
4 0.4609375 0.1625 0.0609375 0.0515625
4 0.48046875 0.228125 0.06328125 0.06015625
4 0.38984375 0.29453125 0.0703125 0.08515625
4 0.5609375 0.38046875 0.06328125 0.0703125
4 0.51640625 0.50546875 0.0734375 0.09375
4 0.3765625 0.5453125 0.06796875 0.08828125
4 0.4125 0.63984375 0.06328125 0.08203125
4 0.18828125 0.76640625 0.05703125 0.0625
4 0.25234375 0.68828125 0.0453125 0.059375
4 0.31484375 0.76484375 0.0703125 0.07265625
4 0.28203125 0.8375 0.05703125 0.06875
4 0.2375 0.878125 0.0625 0.04765625
4 0.12734375 0.88046875 0.07109375 0.08203125
4 0.115625 0.94140625 0.07265625 0.059375
4 0.16875 0.97578125 0.05625 0.0484375
4 0.284375 0.9109375 0.03671875 0.053125
4 0.38984375 0.9203125 0.05234375 0.07265625
4 0.33828125 0.965625 0.0640625 0.059375
4 0.4203125 0.74375 0.06796875 0.08828125
4 0.42890625 0.8328125 0.04453125 0.05078125
4 0.48515625 0.89765625 0.04140625 0.05546875
4 0.496875 0.90625 0.071875 0.10390625
4 0.56796875 0.9140625 0.06328125 0.08515625
4 0.90625 0.02421875 0.053125 0.0453125
4 0.853125 0.09140625 0.0703125 0.09140625
4 0.6828125 0.10234375 0.0546875 0.09375
4 0.69609375 0.190625 0.0625 0.10078125
4 0.63515625 0.29296875 0.071875 0.09765625
4 0.9296875 0.2078125 0.05703125 0.09375
4 0.5828125 0.446875 0.04375 0.0625
4 0.8265625 0.46953125 0.053125 0.065625
4 0.91171875 0.50078125 0.06953125 0.0796875
4 0.87265625 0.6015625 0.05234375 0.0765625
4 0.821875 0.68671875 0.04921875 0.0640625
4 0.73671875 0.5921875 0.05625 0.08359375
4 0.675 0.59765625 0.06875 0.0890625
4 0.715625 0.66484375 0.05546875 0.0640625
4 0.65703125 0.71015625 0.07265625 0.05
4 0.671875 0.775 0.065625 0.07265625
4 0.60546875 0.8390625 0.06484375 0.06484375
4 0.7921875 0.8890625 0.06875 0.09609375
4 0.63046875 0.93359375 0.0421875 0.06484375
4 0.63671875 0.98515625 0.06796875 0.0296875