1 0.2359375 0.07109375 0.08125 0.10625
1 0.203125 0.73125 0.06796875 0.09765625
1 0.0484375 0.6921875 0.07890625 0.04609375
1 0.05390625 0.178125 0.06484375 0.075
4 0.06015625 0.18046875 0.03984375 0.03046875
1 0.67109375 0.0140625 0.03203125 0.02734375
1 0.9640625 0.0109375 0.0296875 0.021875
1 0.59609375 0.4609375 0.07265625 0.040625
1 0.75625 0.68046875 0.0890625 0.03203125
1 0.87734375 0.58203125 0.078125 0.0578125
4 0.59765625 0.375 0.06484375 0.071875
4 0.01328125 0.0328125 0.01953125 0.065625
4 0.01640625 0.15625 0.03125 0.06171875
4 0.1015625 0.04140625 0.06796875 0.0828125
4 0.20234375 0.096875 0.0578125 0.06484375
4 0.27109375 0.121875 0.0578125 0.07734375
4 0.32890625 0.04609375 0.04921875 0.065625
4 0.40546875 0.01328125 0.0640625 0.02578125
4 0.43046875 0.06953125 0.059375 0.075
4 0.45 0.14765625 0.06015625 0.07109375
4 0.3953125 0.2484375 0.04921875 0.0671875
4 0.06171875 0.25859375 0.0640625 0.0828125
4 0.1671875 0.48828125 0.06484375 0.0890625
4 0.209375 0.52265625 0.05546875 0.0734375
4 0.2921875 0.33671875 0.05234375 0.0734375
4 0.3734375 0.359375 0.05234375 0.0671875
4 0.4328125 0.3390625 0.0625 0.08125
4 0.54609375 0.26328125 0.046875 0.0609375
4 0.57890625 0.31171875 0.053125 0.06953125
0 0.62578125 0.2328125 0.06015625 0.07265625
4 0.49296875 0.40078125 0.04453125 0.07734375
4 0.4359375 0.48203125 0.05625 0.07734375
4 0.5046875 0.49375 0.0640625 0.08046875
4 0.4703125 0.559375 0.0515625 0.06953125
4 0.5390625 0.5765625 0.0640625 0.0828125
4 0.16328125 0.5859375 0.0578125 0.07265625
4 0.08671875 0.63671875 0.06796875 0.08125
4 0.1703125 0.8859375 0.053125 0.06328125
4 0.21328125 0.96796875 0.059375 0.05859375
4 0.3203125 0.96875 0.05625 0.0625
4 0.36484375 0.71328125 0.06953125 0.09453125
4 0.3765625 0.63515625 0.05625 0.06875
4 0.421875 0.68203125 0.04921875 0.06328125
4 0.55078125 0.71484375 0.065625 0.0953125
4 0.56328125 0.8140625 0.07265625 0.05546875
4 0.5046875 0.89453125 0.059375 0.0828125
0 0.56875 0.93359375 0.05625 0.075
4 0.578125 0.98359375 0.06875 0.028125
4 0.62734375 0.02109375 0.06953125 0.0421875
4 0.7875 0.04296875 0.0609375 0.07734375
4 0.74921875 0.14609375 0.05546875 0.0828125
4 0.69375 0.14921875 0.046875 0.06875
4 0.8359375 0.128125 0.065625 0.06953125
4 0.92890625 0.1375 0.053125 0.0734375
4 0.84609375 0.23125 0.0484375 0.08125
4 0.88671875 0.27265625 0.0484375 0.06953125
4 0.9421875 0.22578125 0.04921875 0.07578125
4 0.98046875 0.1765625 0.0390625 0.07578125
4 0.96328125 0.33515625 0.059375 0.06484375
4 0.87265625 0.4140625 0.0625 0.06953125
4 0.8 0.428125 0.04921875 0.07265625
4 0.75 0.39296875 0.0484375 0.0671875
4 0.6609375 0.3625 0.06015625 0.07890625
4 0.6953125 0.4421875 0.05546875 0.06953125
4 0.74765625 0.48125 0.06484375 0.0953125
4 0.7140625 0.5515625 0.0578125 0.084375
4 0.95 0.45078125 0.06328125 0.0609375
4 0.9796875 0.39765625 0.0390625 0.0734375
4 0.9203125 0.52421875 0.040625 0.053125
4 0.95859375 0.55078125 0.053125 0.07734375
4 0.9828125 0.58671875 0.02578125 0.07265625
4 0.896875 0.65703125 0.05234375 0.075
4 0.95703125 0.69296875 0.04921875 0.05703125
4 0.975 0.87265625 0.04765625 0.08515625
4 0.6921875 0.7546875 0.0453125 0.0609375
4 0.7296875 0.765625 0.05546875 0.07578125
4 0.75078125 0.83046875 0.0625 0.07890625
0 0.6875 0.85859375 0.059375 0.08828125
4 0.8703125 0.97734375 0.05390625 0.04453125
4 0.79296875 0.98203125 0.04921875 0.0359375