1 0.2234375 0.25390625 0.05078125 0.1515625
4 0.2234375 0.19375 0.06796875 0.0625
4 0.23125 0.2546875 0.07578125 0.059375
4 0.2359375 0.328125 0.04765625 0.07265625
3 0.47109375 0.47890625 0.078125 0.04453125
3 0.56171875 0.60078125 0.0828125 0.05234375
1 0.6640625 0.5421875 0.08828125 0.03671875
3 0.98046875 0.715625 0.03828125 0.04921875
2 0.68984375 0.4671875 0.05078125 0.07578125
0 0.534375 0.66640625 0.0546875 0.06484375
4 0.11640625 0.01171875 0.04921875 0.02109375
4 0.28125 0.02890625 0.0609375 0.05703125
4 0.2921875 0.1234375 0.05703125 0.065625
4 0.33203125 0.1796875 0.0578125 0.08515625
4 0.38828125 0.10546875 0.0546875 0.07421875
4 0.4609375 0.0546875 0.0640625 0.07109375
4 0.50234375 0.14140625 0.05859375 0.0734375
4 0.496875 0.2421875 0.0625 0.0796875
4 0.06875 0.15703125 0.053125 0.06953125
4 0.153125 0.2203125 0.05390625 0.06484375
4 0.10390625 0.2890625 0.05234375 0.06875
4 0.02421875 0.2578125 0.04765625 0.08828125
4 0.0125 0.33359375 0.02421875 0.0546875
4 0.03359375 0.4125 0.05390625 0.0734375
4 0.0921875 0.36953125 0.04765625 0.07109375
4 0.1796875 0.3125 0.05390625 0.06328125
4 0.115625 0.45625 0.0546875 0.08125
4 0.21640625 0.4203125 0.06953125 0.065625
4 0.29765625 0.36953125 0.0671875 0.08125
0 0.175 0.4765625 0.053125 0.07109375
4 0.0109375 0.4828125 0.02109375 0.10859375
4 0.50234375 0.396875 0.05703125 0.06875
4 0.56640625 0.39765625 0.0609375 0.065625
4 0.2625 0.5328125 0.06484375 0.09140625
0 0.371875 0.54609375 0.05 0.0734375
4 0.4296875 0.59296875 0.05703125 0.07578125
4 0.421875 0.6859375 0.0609375 0.08125
4 0.421875 0.76875 0.059375 0.065625
4 0.45234375 0.8796875 0.0578125 0.08125
4 0.534375 0.9171875 0.0421875 0.05703125
4 0.57734375 0.84296875 0.05859375 0.08125
4 0.52109375 0.97421875 0.0578125 0.04375
4 0.46171875 0.98359375 0.05234375 0.0328125
4 0.2796875 0.8203125 0.0515625 0.071875
4 0.29375 0.75859375 0.05703125 0.06484375
4 0.2609375 0.696875 0.04140625 0.08671875
4 0.2375 0.6359375 0.0453125 0.07109375
4 0.19296875 0.61640625 0.04375 0.05390625
4 0.1828125 0.553125 0.0671875 0.05859375
4 0.1421875 0.6109375 0.0640625 0.1015625
4 0.0640625 0.61015625 0.0546875 0.07734375
4 0.0984375 0.68671875 0.05390625 0.0671875
4 0.02265625 0.71484375 0.04296875 0.07421875
4 0.16484375 0.784375 0.05546875 0.0796875
4 0.2203125 0.79765625 0.04921875 0.07578125
4 0.1140625 0.896875 0.04921875 0.07421875
4 0.17890625 0.91875 0.0515625 0.071875
4 0.07265625 0.9625 0.0609375 0.0734375
4 0.14921875 0.9890625 0.0453125 0.021875
4 0.203125 0.97421875 0.0703125 0.05
1 0.85703125 0.02265625 0.04296875 0.040625
4 0.8984375 0.01953125 0.0609375 0.0390625
4 0.69296875 0.01328125 0.0578125 0.0265625
4 0.80234375 0.05078125 0.05859375 0.07421875
4 0.87578125 0.0921875 0.05859375 0.09921875
4 0.63359375 0.07890625 0.0625 0.09375
4 0.659375 0.33984375 0.06484375 0.078125
4 0.63359375 0.4453125 0.0609375 0.07421875
4 0.8875 0.25390625 0.0609375 0.07109375
4 0.97109375 0.23671875 0.0546875 0.07578125
4 0.84609375 0.359375 0.059375 0.07734375
4 0.77890625 0.4921875 0.05234375 0.07578125
4 0.8953125 0.4171875 0.05390625 0.05625
4 0.9671875 0.403125 0.0609375 0.0828125
4 0.90703125 0.4921875 0.04296875 0.065625
4 0.84609375 0.51796875 0.0515625 0.06875
4 0.659375 0.64921875 0.0546875 0.07734375
4 0.74609375 0.6015625 0.0578125 0.07734375
0 0.61953125 0.7796875 0.0578125 0.06484375
4 0.91484375 0.6796875 0.07109375 0.0796875
4 0.96796875 0.58828125 0.05390625 0.07109375
4 0.97109375 0.6546875 0.05234375 0.07109375
4 0.9296875 0.746875 0.07890625 0.06328125
4 0.88359375 0.79453125 0.05859375 0.0734375
4 0.82734375 0.85234375 0.05390625 0.078125
4 0.8984375 0.9171875 0.065625 0.084375
4 0.978125 0.86796875 0.04375 0.0734375