1 0.1484375 0.30546875 0.05625 0.11796875
1 0.4203125 0.40234375 0.07265625 0.0703125
1 0.14765625 0.41796875 0.0734375 0.04375
3 0.03359375 0.20078125 0.0640625 0.03984375
3 0.0609375 0.2421875 0.07265625 0.04296875
3 0.15546875 0.39453125 0.025 0.05546875
3 0.1953125 0.54765625 0.084375 0.06484375
3 0.33046875 0.91171875 0.0625 0.0546875
3 0.21015625 0.74453125 0.05546875 0.08203125
3 0.0546875 0.81796875 0.05546875 0.0890625
1 0.615625 0.0671875 0.09609375 0.06015625
1 0.64453125 0.83359375 0.07109375 0.09609375
1 0.9640625 0.76875 0.0671875 0.0625
3 0.965625 0.68203125 0.06796875 0.0515625
3 0.77734375 0.69140625 0.078125 0.04296875
3 0.68515625 0.4875 0.08125 0.05703125
3 0.88203125 0.53359375 0.059375 0.0828125
1 0.6671875 0.59453125 0.06953125 0.08671875
3 0.25625 0.17734375 0.08125 0.046875
3 0.3234375 0.16171875 0.075 0.07109375
2 0.0859375 0.0203125 0.06640625 0.03984375
2 0.28515625 0.6625 0.06953125 0.08046875
4 0.259375 0.11640625 0.0734375 0.06328125
4 0.07890625 0.15859375 0.05703125 0.06484375
4 0.12265625 0.2125 0.053125 0.06640625
4 0.1734375 0.28046875 0.06328125 0.08828125
4 0.08203125 0.33359375 0.0609375 0.096875
4 0.109375 0.41953125 0.06171875 0.090625
0 0.21875 0.4875 0.06328125 0.07265625
4 0.29921875 0.2609375 0.059375 0.07265625
4 0.38125 0.153125 0.0609375 0.08828125
4 0.52734375 0.0828125 0.0546875 0.06328125
4 0.72890625 0.02734375 0.06796875 0.053125
4 0.03828125 0.72578125 0.034375 0.04140625
4 0.0515625 0.69375 0.05546875 0.059375
4 0.2390625 0.81484375 0.06171875 0.0671875
4 0.2421875 0.84921875 0.03828125 0.03671875
3 0.0953125 0.89296875 0.0703125 0.0609375
4 0.15546875 0.93359375 0.0484375 0.07265625
4 0.0546875 0.940625 0.05234375 0.0796875
4 0.34140625 0.95859375 0.059375 0.0609375
4 0.37109375 0.925 0.05546875 0.075
4 0.52109375 0.66875 0.03984375 0.05
4 0.56015625 0.91796875 0.0546875 0.0640625
4 0.46953125 0.32734375 0.03984375 0.0578125
4 0.52578125 0.23125 0.0578125 0.065625
4 0.54765625 0.37421875 0.06171875 0.06015625
4 0.54609375 0.44140625 0.0640625 0.0609375
4 0.50859375 0.4875 0.06015625 0.0546875
4 0.58515625 0.16953125 0.0484375 0.05625
0 0.73359375 0.1484375 0.05625 0.0765625
4 0.85078125 0.15546875 0.06484375 0.0625
0 0.86484375 0.0359375 0.05625 0.071875
4 0.97421875 0.0171875 0.0515625 0.034375
4 0.9875 0.0578125 0.025 0.04765625
4 0.98515625 0.11484375 0.0234375 0.04375
4 0.99375 0.17265625 0.0109375 0.0484375
4 0.971875 0.2296875 0.0546875 0.06953125
4 0.88828125 0.21953125 0.0640625 0.075
0 0.6296875 0.3375 0.05703125 0.0796875
0 0.59921875 0.41328125 0.05546875 0.07421875
4 0.59765625 0.51171875 0.06015625 0.06015625
4 0.575 0.53203125 0.046875 0.0578125
4 0.7375 0.56484375 0.06484375 0.0484375
4 0.815625 0.515625 0.059375 0.0609375
4 0.93828125 0.54453125 0.04921875 0.059375
4 0.890625 0.78046875 0.06875 0.065625
4 0.84609375 0.85078125 0.05234375 0.06484375
4 0.7828125 0.83125 0.06171875 0.0703125
4 0.7078125 0.846875 0.0625 0.0609375
4 0.984375 0.846875 0.03046875 0.059375