1 0.70234375 0.3890625 0.08671875 0.12890625
1 0.5921875 0.5859375 0.08125 0.09921875
1 0.15859375 0.70859375 0.1125 0.11640625
1 0.3890625 0.77734375 0.08515625 0.10859375
1 0.509375 0.82734375 0.08359375 0.0953125
3 0.90390625 0.10703125 0.07421875 0.05625
1 0.09296875 0.43125 0.0609375 0.096875
2 0.4484375 0.17265625 0.059375 0.08515625
2 0.30546875 0.2890625 0.0765625 0.0796875
3 0.09296875 0.2546875 0.08828125 0.096875
2 0.82265625 0.65 0.05703125 0.07890625
0 0.80390625 0.0453125 0.059375 0.0796875
0 0.7171875 0.16171875 0.05703125 0.06328125
0 0.7765625 0.34296875 0.0578125 0.0734375
0 0.73984375 0.2890625 0.04609375 0.06875
0 0.66015625 0.34296875 0.0609375 0.06953125
0 0.20390625 0.959375 0.0515625 0.07109375
4 0.06484375 0.815625 0.0578125 0.07734375
0 0.85546875 0.70625 0.04453125 0.05390625
0 0.8375 0.46953125 0.06484375 0.0796875
0 0.578125 0.0359375 0.06875 0.071875
4 0.4390625 0.4109375 0.065625 0.07734375
0 0.1484375 0.53203125 0.06015625 0.08359375
0 0.240625 0.56796875 0.06015625 0.07265625
0 0.46640625 0.63046875 0.0625 0.08125
0 0.91171875 0.53046875 0.06171875 0.0859375
4 0.02734375 0.16953125 0.0546875 0.05
4 0.1203125 0.059375 0.0609375 0.07734375
4 0.15078125 0.16640625 0.09453125 0.09765625
4 0.275 0.06484375 0.06953125 0.109375
4 0.34453125 0.1921875 0.06171875 0.09296875
4 0.22578125 0.35234375 0.06171875 0.07578125
4 0.15546875 0.39765625 0.0609375 0.07890625
4 0.2171875 0.45625 0.065625 0.0671875
4 0.3109375 0.4578125 0.08046875 0.08984375
4 0.3 0.6703125 0.065625 0.075
4 0.27890625 0.7359375 0.07265625 0.07265625
4 0.2859375 0.80625 0.06484375 0.065625
4 0.3578125 0.85859375 0.075 0.05546875
4 0.3734375 0.91875 0.06796875 0.05625
4 0.3640625 0.96796875 0.084375 0.06171875
4 0.5359375 0.903125 0.06875 0.0796875
4 0.4328125 0.79375 0.0453125 0.06953125
4 0.45390625 0.71640625 0.06640625 0.0875
4 0.57421875 0.8140625 0.0453125 0.09921875
4 0.62265625 0.86328125 0.0484375 0.0796875
4 0.60859375 0.709375 0.07109375 0.10703125
4 0.65625 0.75703125 0.05625 0.0859375
4 0.665625 0.90703125 0.06171875 0.08359375
4 0.61796875 0.9390625 0.04453125 0.0734375
4 0.70625 0.95390625 0.0703125 0.0859375
4 0.8375 0.92421875 0.06015625 0.09140625
4 0.9171875 0.8734375 0.065625 0.08515625
0 0.975 0.93046875 0.05 0.075
4 0.89296875 0.975 0.065625 0.05
4 0.91484375 0.69453125 0.06171875 0.08984375
4 0.97421875 0.66875 0.0515625 0.078125
4 0.9046875 0.4421875 0.0609375 0.0828125
4 0.7875 0.50625 0.05703125 0.07265625
4 0.76875 0.665625 0.05390625 0.07578125
4 0.703125 0.53984375 0.04921875 0.06171875
4 0.60703125 0.48515625 0.06015625 0.07578125
4 0.55390625 0.50234375 0.05234375 0.075
4 0.63203125 0.6125 0.05625 0.07578125
4 0.5296875 0.4015625 0.0578125 0.065625
4 0.5140625 0.1953125 0.06484375 0.0890625
4 0.59296875 0.12734375 0.05234375 0.07265625
4 0.64921875 0.146875 0.07421875 0.07734375
4 0.64453125 0.225 0.06484375 0.07578125
4 0.69375 0.2609375 0.05703125 0.08125
4 0.86640625 0.2828125 0.05703125 0.08125
4 0.9359375 0.26640625 0.075 0.10859375
4 0.6859375 0.04609375 0.08125 0.0921875
4 0.221875 0.0515625 0.0453125 0.08515625
4 0.20234375 0.3 0.06015625 0.0875
4 0.13984375 0.31171875 0.0734375 0.0953125
4 0.0328125 0.7 0.065625 0.1
4 0.14765625 0.6125 0.059375 0.09140625
0 0.13828125 0.9765625 0.06015625 0.04609375
4 0.978125 0.07578125 0.04375 0.0875
4 0.1359375 0.5109375 0.03671875 0.040625