1 0.08671875 0.409375 0.11796875 0.07890625
1 0.22109375 0.54609375 0.10390625 0.0640625
1 0.315625 0.7 0.10078125 0.05234375
1 0.5953125 0.42734375 0.09375 0.0703125
1 0.59765625 0.7171875 0.07578125 0.05625
1 0.49765625 0.7296875 0.14453125 0.04765625
1 0.5703125 0.86953125 0.0640625 0.0984375
1 0.415625 0.92109375 0.059375 0.08125
1 0.5671875 0.12421875 0.08671875 0.10078125
1 0.26875 0.2421875 0.09765625 0.06875
1 0.978125 0.15546875 0.04375 0.06796875
1 0.90390625 0.640625 0.09140625 0.1421875
1 0.75625 0.80859375 0.08828125 0.07265625
1 0.571875 0.97109375 0.06328125 0.05390625
4 0.55546875 0.9859375 0.04453125 0.02734375
4 0.609375 0.97421875 0.04453125 0.05078125
2 0.4375 0.68203125 0.06640625 0.07890625
4 0.02265625 0.17109375 0.04140625 0.09765625
4 0.23046875 0.07734375 0.05859375 0.0828125
4 0.21640625 0.02578125 0.05546875 0.04921875
0 0.3015625 0.03671875 0.05234375 0.06484375
0 0.36171875 0.0453125 0.05546875 0.07109375
4 0.2265625 0.18671875 0.05 0.10703125
0 0.15703125 0.17734375 0.06171875 0.06953125
4 0.30625 0.2828125 0.07421875 0.065625
4 0.38828125 0.18046875 0.05234375 0.05625
4 0.41640625 0.18671875 0.0515625 0.065625
4 0.5421875 0.1734375 0.05390625 0.0703125
4 0.4796875 0.009375 0.0515625 0.01875
4 0.59609375 0.021875 0.06875 0.04375
4 0.62265625 0.21796875 0.0703125 0.06328125
4 0.621875 0.2921875 0.05546875 0.06484375
4 0.58828125 0.30078125 0.0453125 0.07109375
0 0.490625 0.378125 0.04921875 0.0828125
0 0.40859375 0.49765625 0.04921875 0.059375
0 0.48125 0.496875 0.0578125 0.08125
0 0.4421875 0.553125 0.04921875 0.0703125
0 0.41484375 0.6046875 0.0515625 0.07578125
0 0.35859375 0.55546875 0.05 0.059375
0 0.31484375 0.50625 0.04921875 0.07578125
4 0.26796875 0.33515625 0.04140625 0.06328125
4 0.26640625 0.40390625 0.04921875 0.06328125
0 0.2109375 0.4796875 0.05859375 0.07734375
0 0.15859375 0.28828125 0.04765625 0.0546875
4 0.034375 0.28046875 0.0515625 0.0703125
4 0.0171875 0.346875 0.034375 0.0703125
4 0.021875 0.409375 0.0359375 0.06328125
0 0.02890625 0.55703125 0.0578125 0.08671875
0 0.14609375 0.48359375 0.05703125 0.07109375
0 0.13203125 0.5609375 0.0578125 0.0703125
0 0.0421875 0.690625 0.05859375 0.07421875
4 0.16015625 0.70859375 0.090625 0.0578125
0 0.1546875 0.778125 0.0671875 0.07265625
0 0.04921875 0.87265625 0.0484375 0.05390625
0 0.1203125 0.88359375 0.05 0.06484375
0 0.10625 0.96171875 0.05703125 0.06328125
4 0.0515625 0.9859375 0.05234375 0.02734375
0 0.21171875 0.8046875 0.05234375 0.07109375
4 0.225 0.859375 0.05390625 0.0671875
4 0.21015625 0.9046875 0.05703125 0.0703125
4 0.175 0.9671875 0.08359375 0.0546875
4 0.35078125 0.90078125 0.05859375 0.07265625
4 0.375 0.84921875 0.0765625 0.0671875
4 0.4515625 0.83828125 0.04921875 0.04765625
4 0.47109375 0.81953125 0.04140625 0.059375
4 0.36484375 0.98515625 0.03671875 0.02890625
0 0.51953125 0.83125 0.04375 0.0671875
4 0.584375 0.7796875 0.0546875 0.06484375
0 0.55 0.64765625 0.0546875 0.06484375
4 0.64453125 0.6640625 0.05390625 0.08125
0 0.35546875 0.63359375 0.05234375 0.0671875
4 0.63671875 0.8921875 0.04375 0.05390625
4 0.61015625 0.91640625 0.04765625 0.07421875
4 0.71328125 0.08828125 0.0515625 0.07421875
4 0.72265625 0.02109375 0.05390625 0.0421875
4 0.85625 0.03515625 0.05234375 0.059375
4 0.8140625 0.184375 0.07421875 0.08515625
4 0.821875 0.30625 0.03984375 0.0546875
4 0.790625 0.3375 0.0546875 0.06171875
4 0.77734375 0.40546875 0.04921875 0.07265625
4 0.72578125 0.40390625 0.0453125 0.06328125
4 0.715625 0.5515625 0.05859375 0.0703125
0 0.77734375 0.56796875 0.065625 0.08359375
0 0.7296875 0.615625 0.0578125 0.06875
4 0.83046875 0.6296875 0.0609375 0.0703125
0 0.859375 0.53046875 0.05234375 0.07421875
0 0.82578125 0.45859375 0.0515625 0.07421875
4 0.884375 0.428125 0.05390625 0.06484375
4 0.93125 0.37578125 0.05390625 0.059375
4 0.93359375 0.334375 0.04765625 0.06484375
4 0.9890625 0.26171875 0.021875 0.07578125
4 0.9875 0.40234375 0.025 0.0828125
4 0.9765625 0.75859375 0.046875 0.07265625
0 0.965625 0.83828125 0.05546875 0.06171875
0 0.81015625 0.771875 0.05390625 0.06328125
4 0.73515625 0.74609375 0.06796875 0.07421875
0 0.70625 0.8265625 0.0484375 0.06171875
0 0.69921875 0.91328125 0.05 0.06328125
0 0.81640625 0.86015625 0.04765625 0.0671875
0 0.7984375 0.9609375 0.0453125 0.078125
4 0.91640625 0.921875 0.05 0.06328125
4 0.8953125 0.8953125 0.05390625 0.06875