1 0.20703125 0.2703125 0.09296875 0.06484375
3 0.5359375 0.26484375 0.08046875 0.06171875
3 0.42421875 0.50703125 0.03828125 0.09921875
3 0.375 0.571875 0.04765625 0.09375
3 0.06484375 0.578125 0.03828125 0.1078125
3 0.47890625 0.978125 0.05390625 0.04375
3 0.28515625 0.48671875 0.0671875 0.0515625
1 0.6890625 0.10546875 0.046875 0.121875
1 0.71328125 0.44140625 0.1015625 0.07890625
3 0.69453125 0.52421875 0.05703125 0.0828125
3 0.88671875 0.56171875 0.03125 0.08828125
3 0.70703125 0.39296875 0.05546875 0.06796875
3 0.71640625 0.26796875 0.0578125 0.0953125
3 0.771875 0.50703125 0.0765625 0.06015625
4 0.028125 0.0203125 0.05390625 0.03984375
0 0.053125 0.05625 0.06171875 0.0609375
4 0.0328125 0.11640625 0.059375 0.06328125
4 0.11953125 0.1265625 0.071875 0.07421875
4 0.115625 0.2109375 0.075 0.04453125
4 0.24609375 0.05078125 0.06796875 0.090625
4 0.29765625 0.09453125 0.06015625 0.0734375
4 0.390625 0.00859375 0.0515625 0.01640625
4 0.51640625 0.0890625 0.0625 0.0796875
4 0.021875 0.30390625 0.04140625 0.06328125
4 0.0234375 0.45234375 0.04296875 0.07890625
4 0.0734375 0.48515625 0.07265625 0.0921875
4 0.48515625 0.31953125 0.04921875 0.08046875
4 0.534375 0.3546875 0.06484375 0.06484375
4 0.46640625 0.5359375 0.06640625 0.08203125
4 0.18515625 0.5703125 0.0546875 0.06640625
1 0.14453125 0.6171875 0.0609375 0.06640625
4 0.27734375 0.7265625 0.07109375 0.06328125
1 0.2359375 0.7859375 0.075 0.05703125
4 0.409375 0.640625 0.071875 0.06640625
4 0.41484375 0.82265625 0.0625 0.04921875
4 0.1859375 0.95078125 0.040625 0.08984375
4 0.01796875 0.684375 0.034375 0.08046875
4 0.02421875 0.60234375 0.046875 0.07265625
4 0.21953125 0.465625 0.06484375 0.08984375
4 0.35390625 0.48984375 0.0625 0.07265625
4 0.39921875 0.559375 0.03515625 0.04140625
4 0.35625 0.58359375 0.0328125 0.04375
4 0.02421875 0.98359375 0.046875 0.028125
4 0.63125 0.0078125 0.06484375 0.015625
4 0.59921875 0.234375 0.0625 0.08828125
4 0.6859375 0.21953125 0.03125 0.040625
4 0.6265625 0.35546875 0.06484375 0.0546875
4 0.6609375 0.37734375 0.05 0.07890625
4 0.553125 0.40546875 0.090625 0.06328125
4 0.909375 0.4875 0.075 0.07421875
4 0.83515625 0.50390625 0.05 0.06953125
0 0.84453125 0.68359375 0.05703125 0.0796875
4 0.86953125 0.75 0.06953125 0.05
4 0.8625 0.8265625 0.05546875 0.0515625
4 0.7015625 0.74453125 0.06640625 0.08984375
4 0.58046875 0.80703125 0.06328125 0.09296875
4 0.74140625 0.81953125 0.0765625 0.0828125
4 0.7265625 0.90078125 0.07109375 0.08828125
4 0.775 0.97421875 0.05078125 0.0515625
4 0.86953125 0.98828125 0.0546875 0.02265625
4 0.63984375 0.4359375 0.028125 0.0265625
4 0.62109375 0.16484375 0.096875 0.06875