1 0.084375 0.15234375 0.08203125 0.04140625
1 0.47734375 0.0953125 0.0875 0.05546875
1 0.253125 0.19609375 0.06015625 0.08359375
1 0.5984375 0.3125 0.0765625 0.05625
3 0.11953125 0.3953125 0.03515625 0.10703125
3 0.2859375 0.28515625 0.065625 0.0625
3 0.4296875 0.56015625 0.065625 0.07734375
3 0.21640625 0.65078125 0.05078125 0.06875
3 0.428125 0.7578125 0.075 0.04765625
3 0.35078125 0.81953125 0.06953125 0.04296875
3 0.03125 0.91015625 0.0609375 0.06171875
1 0.065625 0.9484375 0.0828125 0.05546875
1 0.63984375 0.4203125 0.078125 0.1140625
3 0.965625 0.95859375 0.05234375 0.0796875
3 0.8859375 0.8640625 0.06796875 0.05234375
3 0.646875 0.6828125 0.0828125 0.05234375
4 0.1296875 0.1265625 0.03515625 0.08984375
4 0.0546875 0.18359375 0.06328125 0.059375
4 0.31796875 0.10078125 0.0640625 0.08515625
4 0.36796875 0.134375 0.0359375 0.059375
4 0.43828125 0.01484375 0.06953125 0.0296875
4 0.46328125 0.1640625 0.06796875 0.06953125
4 0.471875 0.2109375 0.06171875 0.06640625
4 0.42109375 0.22734375 0.05234375 0.06796875
4 0.52109375 0.3171875 0.06953125 0.0875
4 0.5 0.45546875 0.06953125 0.0796875
4 0.065625 0.4484375 0.05234375 0.065625
0 0.21328125 0.50078125 0.059375 0.06953125
4 0.48515625 0.5421875 0.0625 0.08515625
4 0.40234375 0.6109375 0.0640625 0.09375
4 0.3546875 0.628125 0.0484375 0.075
4 0.2890625 0.578125 0.05625 0.0921875
4 0.240625 0.60078125 0.0625 0.0515625
4 0.02421875 0.77734375 0.04765625 0.090625
0 0.12890625 0.859375 0.05703125 0.0796875
0 0.25625 0.75546875 0.059375 0.0734375
4 0.3125 0.71171875 0.05703125 0.0765625
4 0.484375 0.73828125 0.05625 0.0734375
4 0.25234375 0.9640625 0.1109375 0.071875
4 0.3625 0.92421875 0.0765625 0.109375
4 0.603125 0.0671875 0.05546875 0.04375
4 0.73515625 0.01171875 0.05625 0.0234375
4 0.88359375 0.0203125 0.0671875 0.03984375
4 0.9265625 0.1140625 0.06328125 0.0765625
0 0.69296875 0.20078125 0.0515625 0.07109375
4 0.84609375 0.271875 0.06484375 0.08828125
4 0.7796875 0.3078125 0.06328125 0.09296875
4 0.6703125 0.32578125 0.0609375 0.0765625
4 0.90546875 0.409375 0.06640625 0.08828125
0 0.9328125 0.48515625 0.05625 0.07890625
4 0.859375 0.5125 0.0515625 0.08515625
4 0.821875 0.5125 0.07734375 0.05390625
4 0.878125 0.58046875 0.07265625 0.0765625
0 0.72421875 0.52890625 0.06484375 0.07890625
4 0.56171875 0.56015625 0.06171875 0.07109375
4 0.79609375 0.65234375 0.0625 0.07421875
4 0.74453125 0.746875 0.0484375 0.07109375
4 0.80703125 0.83671875 0.0609375 0.08828125
4 0.965625 0.7140625 0.04609375 0.06171875
4 0.9890625 0.76796875 0.02109375 0.04453125
4 0.95234375 0.8390625 0.0625 0.0796875
4 0.821875 0.97890625 0.03828125 0.0421875