1 0.19296875 0.35 0.07734375 0.08359375
3 0.1640625 0.2203125 0.0765625 0.075
3 0.234375 0.184375 0.07734375 0.04609375
3 0.2640625 0.790625 0.07265625 0.0734375
3 0.3015625 0.46015625 0.0703125 0.05625
3 0.9453125 0.20625 0.0890625 0.0515625
4 0.45625 0.1671875 0.04609375 0.06875
4 0.2734375 0.56953125 0.05546875 0.0828125
4 0.25390625 0.65234375 0.05546875 0.07734375
4 0.040625 0.5265625 0.05234375 0.07109375
4 0.0265625 0.31640625 0.05234375 0.1015625
4 0.0203125 0.20625 0.040625 0.08984375
4 0.0359375 0.11640625 0.06953125 0.10625
4 0.275 0.33046875 0.0625 0.07578125
4 0.19296875 0.42109375 0.09765625 0.09296875
4 0.078125 0.40859375 0.059375 0.0796875
4 0.2765625 0.8984375 0.059375 0.0828125
4 0.6375 0.7921875 0.059375 0.0859375
4 0.60234375 0.66953125 0.05390625 0.09140625
4 0.66328125 0.59140625 0.06171875 0.08984375
4 0.59453125 0.4609375 0.075 0.09140625
4 0.86171875 0.38828125 0.0796875 0.09140625
4 0.59765625 0.17890625 0.06171875 0.08515625
4 0.53203125 0.0890625 0.07734375 0.09296875
4 0.43515625 0.0328125 0.05625 0.065625
4 0.5296875 0.65234375 0.084375 0.09921875
4 0.540625 0.8328125 0.0640625 0.1
4 0.1203125 0.965625 0.0515625 0.065625
4 0.72578125 0.47734375 0.07109375 0.1046875
4 0.75 0.29453125 0.06953125 0.0859375
4 0.7375 0.2140625 0.05625 0.075
4 0.76328125 0.16640625 0.06171875 0.06953125
4 0.3546875 0.12109375 0.04375 0.0875
4 0.2765625 0.25703125 0.08828125 0.07578125
4 0.3703125 0.4390625 0.07734375 0.0890625
4 0.30703125 0.67421875 0.06484375 0.09140625
4 0.50390625 0.81796875 0.05234375 0.07734375
4 0.0734375 0.5046875 0.05703125 0.07109375
0 0.028125 0.6765625 0.05234375 0.07265625
0 0.08359375 0.70234375 0.06171875 0.0796875
0 0.115625 0.8234375 0.04609375 0.07734375
0 0.3375 0.8671875 0.0609375 0.0828125
0 0.38671875 0.74140625 0.06875 0.08359375
0 0.39296875 0.65703125 0.06015625 0.08125
0 0.309375 0.75546875 0.0640625 0.075
0 0.759375 0.71484375 0.06875 0.096875
0 0.90078125 0.73984375 0.06171875 0.08984375
0 0.75390625 0.875 0.078125 0.09296875
0 0.89765625 0.84921875 0.078125 0.09296875
0 0.47421875 0.34765625 0.0625 0.08125
0 0.54765625 0.39296875 0.0578125 0.08515625
0 0.57421875 0.26171875 0.06875 0.07734375
0 0.66328125 0.25390625 0.05625 0.07734375
0 0.7921875 0.378125 0.06484375 0.0890625
0 0.91484375 0.14140625 0.059375 0.0859375
0 0.93984375 0.0640625 0.06171875 0.07265625
0 0.2453125 0.07890625 0.059375 0.06875
0 0.11484375 0.08359375 0.05703125 0.0796875
0 0.18984375 0.14140625 0.05546875 0.06953125
0 0.2828125 0.13046875 0.0640625 0.065625
0 0.42265625 0.11953125 0.05390625 0.07890625
0 0.4515625 0.92421875 0.0515625 0.07109375
0 0.98046875 0.97265625 0.03828125 0.04921875
0 0.92578125 0.98359375 0.059375 0.0328125
4 0.82890625 0.97578125 0.0421875 0.0484375
4 0.6875 0.975 0.0609375 0.05
4 0.51953125 0.98671875 0.0609375 0.0265625
4 0.2359375 0.9859375 0.05703125 0.028125
4 0.98515625 0.75859375 0.02890625 0.11015625