3 0.40078125 0.83671875 0.0796875 0.05234375
3 0.56484375 0.83125 0.07265625 0.0640625
3 0.6734375 0.01875 0.0640625 0.03671875
3 0.94296875 0.021875 0.0859375 0.04296875
1 0.82109375 0.51484375 0.0859375 0.04765625
4 0.0265625 0.04375 0.053125 0.065625
4 0.1421875 0.08203125 0.05546875 0.07890625
4 0.02421875 0.12109375 0.0484375 0.075
4 0.015625 0.190625 0.03046875 0.07734375
4 0.0640625 0.18828125 0.05234375 0.09453125
4 0.25078125 0.12265625 0.06171875 0.08515625
4 0.34140625 0.059375 0.06015625 0.0796875
4 0.32890625 0.14609375 0.0609375 0.08828125
4 0.46328125 0.1625 0.06171875 0.0609375
4 0.4875 0.2203125 0.04765625 0.0796875
4 0.428125 0.23125 0.06328125 0.07265625
4 0.3671875 0.2140625 0.059375 0.071875
4 0.3234375 0.2625 0.06640625 0.071875
4 0.2328125 0.21796875 0.05703125 0.0703125
4 0.25234375 0.28046875 0.0578125 0.075
4 0.1890625 0.3171875 0.05625 0.09453125
4 0.12421875 0.35078125 0.06015625 0.071875
4 0.02578125 0.3328125 0.0515625 0.07734375
4 0.02890625 0.44375 0.05546875 0.07734375
4 0.01328125 0.51015625 0.0265625 0.0671875
4 0.08671875 0.49375 0.04921875 0.0640625
4 0.1421875 0.415625 0.05625 0.0546875
4 0.234375 0.36875 0.06171875 0.07421875
4 0.30078125 0.378125 0.059375 0.071875
4 0.23515625 0.459375 0.0625 0.071875
4 0.165625 0.55078125 0.053125 0.08046875
4 0.13203125 0.61875 0.05625 0.08984375
4 0.08671875 0.675 0.06171875 0.07265625
4 0.0296875 0.74609375 0.0515625 0.08828125
4 0.06328125 0.825 0.04765625 0.0625
4 0.14921875 0.859375 0.065625 0.06015625
4 0.26015625 0.74453125 0.06015625 0.0796875
4 0.21953125 0.690625 0.065625 0.08984375
4 0.18046875 0.75390625 0.06796875 0.0765625
4 0.2765625 0.8484375 0.06328125 0.075
4 0.1953125 0.9609375 0.08359375 0.07265625
4 0.27578125 0.9875 0.06484375 0.025
4 0.365625 0.98984375 0.04375 0.0171875
4 0.37109375 0.88046875 0.07890625 0.0671875
4 0.49140625 0.6671875 0.06015625 0.07421875
4 0.39921875 0.57109375 0.053125 0.08828125
4 0.3421875 0.53203125 0.0515625 0.0765625
4 0.56484375 0.6203125 0.06953125 0.06484375
0 0.50703125 0.5578125 0.0546875 0.06875
0 0.4609375 0.30859375 0.05546875 0.06953125
4 0.4046875 0.3015625 0.0421875 0.0484375
4 0.38046875 0.39296875 0.0421875 0.07421875
4 0.41171875 0.4421875 0.04765625 0.0609375
4 0.4484375 0.38671875 0.0578125 0.07265625
4 0.54140625 0.3484375 0.05 0.08828125
4 0.54609375 0.44453125 0.0609375 0.07734375
4 0.50234375 0.46875 0.06015625 0.05625
4 0.5828125 0.28984375 0.0546875 0.065625
4 0.57109375 0.14609375 0.0625 0.08515625
0 0.565625 0.525 0.0640625 0.071875
4 0.59375 0.04453125 0.05703125 0.0796875
4 0.78125 0.18515625 0.05703125 0.06953125
4 0.615625 0.19765625 0.06015625 0.07265625
4 0.62890625 0.2671875 0.0515625 0.071875
4 0.69609375 0.23671875 0.0578125 0.06953125
4 0.72265625 0.31171875 0.05 0.08671875
4 0.66171875 0.384375 0.06953125 0.09296875
4 0.6203125 0.3453125 0.065625 0.0796875
4 0.7375 0.3859375 0.0625 0.07265625
4 0.80390625 0.40546875 0.05546875 0.07265625
4 0.67578125 0.46015625 0.06015625 0.071875
4 0.89921875 0.08359375 0.06484375 0.08828125
4 0.9875 0.09921875 0.02421875 0.07421875
4 0.96640625 0.2484375 0.059375 0.07265625
4 0.99296875 0.303125 0.0125 0.05078125
4 0.975 0.3859375 0.04453125 0.05625
4 0.89921875 0.38828125 0.059375 0.07421875
4 0.85078125 0.45546875 0.05546875 0.0890625
4 0.87734375 0.5640625 0.0625 0.06953125
4 0.6796875 0.56015625 0.06015625 0.075
4 0.79921875 0.5734375 0.0546875 0.06953125
4 0.93828125 0.59609375 0.059375 0.07265625
4 0.66875 0.64140625 0.05625 0.07265625
4 0.66875 0.7640625 0.06953125 0.04765625
4 0.69609375 0.9328125 0.06953125 0.07265625
4 0.8421875 0.9140625 0.06953125 0.07734375
4 0.96640625 0.79609375 0.06171875 0.08671875
4 0.9734375 0.93359375 0.053125 0.0765625
4 0.928125 0.9734375 0.06015625 0.05234375
4 0.74609375 0.98203125 0.05546875 0.03515625