1 0.07734375 0.14609375 0.065625 0.0984375
1 0.29609375 0.95703125 0.0921875 0.0828125
1 0.24140625 0.17890625 0.0609375 0.090625
1 0.43125 0.55390625 0.07265625 0.0625
3 0.29296875 0.0953125 0.075 0.06015625
3 0.22421875 0.26640625 0.075 0.07265625
3 0.303125 0.809375 0.04453125 0.103125
3 0.1234375 0.77890625 0.0765625 0.0578125
3 0.09296875 0.4171875 0.0578125 0.09453125
3 0.41484375 0.3546875 0.06796875 0.05234375
3 0.4796875 0.16640625 0.07265625 0.0734375
0 0.2578125 0.48828125 0.06015625 0.08125
0 0.35703125 0.42109375 0.06796875 0.0734375
1 0.60546875 0.61796875 0.1171875 0.06484375
4 0.62109375 0.81015625 0.0609375 0.08359375
3 0.62265625 0.92734375 0.078125 0.07578125
1 0.60546875 0.54296875 0.046875 0.08984375
3 0.72109375 0.371875 0.06328125 0.05234375
1 0.415625 0.21953125 0.0796875 0.0375
1 0.5328125 0.41484375 0.078125 0.04921875
1 0.92578125 0.57578125 0.0515625 0.084375
3 0.9609375 0.6375 0.0546875 0.090625
4 0.1734375 0.034375 0.05546875 0.04921875
4 0.2 0.096875 0.0484375 0.07734375
4 0.1234375 0.10078125 0.0640625 0.05546875
4 0.00859375 0.0859375 0.01640625 0.05546875
4 0.01484375 0.1671875 0.0296875 0.065625
4 0.18828125 0.17109375 0.0671875 0.05625
0 0.4078125 0.140625 0.05078125 0.06171875
4 0.42734375 0.28203125 0.1078125 0.0640625
4 0.46875 0.3515625 0.046875 0.0703125
0 0.525 0.34921875 0.05625 0.07734375
4 0.48203125 0.48984375 0.05625 0.075
4 0.12421875 0.3640625 0.065625 0.0734375
4 0.01484375 0.459375 0.0296875 0.06875
4 0.08359375 0.5515625 0.059375 0.09453125
0 0.04921875 0.66953125 0.05625 0.0828125
4 0.0078125 0.67890625 0.015625 0.04140625
4 0.18125 0.81640625 0.06328125 0.08125
4 0.46796875 0.86328125 0.06171875 0.07890625
0 0.52578125 0.91171875 0.0609375 0.0796875
4 0.559375 0.6953125 0.0640625 0.0828125
4 0.74140625 0.0671875 0.065625 0.05234375
4 0.88046875 0.025 0.0609375 0.05
4 0.978125 0.06875 0.04296875 0.090625
4 0.9453125 0.1484375 0.0578125 0.0828125
4 0.8734375 0.2921875 0.06953125 0.075
4 0.815625 0.17109375 0.046875 0.05625
4 0.76015625 0.1625 0.05390625 0.07578125
4 0.9625 0.27265625 0.05703125 0.0828125
0 0.73359375 0.44609375 0.0578125 0.075
4 0.66171875 0.54375 0.03828125 0.0734375
4 0.71171875 0.546875 0.04453125 0.0859375
4 0.7921875 0.54765625 0.06015625 0.084375
0 0.7046875 0.6296875 0.06328125 0.0734375
4 0.6265625 0.67109375 0.05078125 0.0703125
4 0.8546875 0.659375 0.05390625 0.06640625
4 0.87265625 0.57265625 0.0421875 0.06484375
4 0.91484375 0.5140625 0.06015625 0.05625
0 0.95078125 0.703125 0.0578125 0.08125
4 0.89296875 0.73046875 0.0625 0.09375
4 0.78828125 0.81796875 0.06796875 0.08828125
4 0.703125 0.8421875 0.07265625 0.0734375
4 0.6734375 0.80546875 0.05625 0.07890625
4 0.69140625 0.91953125 0.059375 0.06640625
4 0.7140625 0.9390625 0.04453125 0.0828125
4 0.921875 0.93359375 0.0609375 0.1046875
4 0.62890625 0.97265625 0.06796875 0.0515625