0 0.41640625 0.4 0.0625 0.07890625
0 0.16328125 0.30234375 0.06640625 0.096875
0 0.075 0.084375 0.06953125 0.0859375
3 0.03046875 0.3203125 0.0609375 0.0734375
0 0.75390625 0.17421875 0.0609375 0.08125
0 0.7046875 0.24921875 0.06015625 0.07109375
0 0.815625 0.5390625 0.06171875 0.0859375
0 0.96015625 0.4734375 0.0578125 0.07578125
2 0.5640625 0.528125 0.05703125 0.0796875
0 0.6453125 0.72109375 0.065625 0.09375
0 0.390625 0.6375 0.0578125 0.08125
0 0.38828125 0.50546875 0.0578125 0.075
0 0.21796875 0.82890625 0.0640625 0.0890625
0 0.03125 0.50390625 0.05625 0.09296875
4 0.9328125 0.840625 0.0609375 0.07578125
0 0.4078125 0.04375 0.05703125 0.0796875
0 0.7265625 0.04609375 0.05546875 0.065625
0 0.44765625 0.70703125 0.06484375 0.06328125
0 0.30703125 0.79375 0.0515625 0.0875
3 0.571875 0.74375 0.06484375 0.05625
3 0.6125 0.85078125 0.08203125 0.06171875
3 0.01640625 0.77578125 0.03203125 0.10625
3 0.8984375 0.534375 0.06171875 0.0734375
3 0.93125 0.6859375 0.05234375 0.05625
3 0.9453125 0.765625 0.08515625 0.06484375
1 0.69765625 0.6265625 0.0921875 0.0515625
3 0.5109375 0.23125 0.08125 0.06875
4 0.3078125 0.55078125 0.06171875 0.0734375
4 0.21953125 0.72265625 0.05546875 0.09765625
4 0.05234375 0.83125 0.05 0.0671875
4 0.44765625 0.8140625 0.06953125 0.06328125
4 0.62109375 0.51015625 0.05390625 0.0796875
4 0.80859375 0.4015625 0.0609375 0.07890625
4 0.646875 0.3 0.0578125 0.06484375
4 0.64765625 0.23671875 0.05390625 0.06484375
4 0.58515625 0.31328125 0.0625 0.07265625
4 0.57421875 0.22578125 0.053125 0.0953125
4 0.6375 0.1484375 0.06015625 0.05625
4 0.35859375 0.209375 0.05625 0.07890625
4 0.303125 0.19140625 0.053125 0.0734375
4 0.2953125 0.1265625 0.07109375 0.059375
4 0.32734375 0.08359375 0.04453125 0.06171875
4 0.44921875 0.11015625 0.0453125 0.065625
4 0.47734375 0.1640625 0.0625 0.0828125
4 0.234375 0.16171875 0.0484375 0.05546875
4 0.14765625 0.1265625 0.053125 0.065625
4 0.853125 0.6203125 0.05546875 0.0734375
4 0.94609375 0.55703125 0.0453125 0.07890625
4 0.96015625 0.6296875 0.06484375 0.065625
4 0.846875 0.73203125 0.07109375 0.1265625
4 0.82578125 0.91015625 0.06796875 0.09375
4 0.91328125 0.9109375 0.096875 0.05390625
4 0.83671875 0.203125 0.05234375 0.07109375
4 0.27421875 0.79296875 0.04453125 0.0578125
0 0.3453125 0.02578125 0.06953125 0.0515625
4 0.18359375 0.025 0.07421875 0.05
4 0.634375 0.3765625 0.115625 0.07109375
4 0.64609375 0.43828125 0.0765625 0.08046875
3 0.46796875 0.97890625 0.0890625 0.0421875
4 0.98125 0.05625 0.03359375 0.0828125
4 0.98984375 0.15546875 0.0203125 0.0703125
4 0.98671875 0.25703125 0.02578125 0.08046875
4 0.94453125 0.01875 0.0578125 0.0375
4 0.80625 0.01796875 0.06875 0.0359375