2 0.34140625 0.0234375 0.06875 0.04609375
2 0.415625 0.34609375 0.06171875 0.07421875
1 0.24453125 0.4421875 0.11328125 0.0765625
1 0.409375 0.44765625 0.04765625 0.07265625
1 0.4546875 0.53359375 0.0890625 0.1015625
4 0.10859375 0.36953125 0.0390625 0.04765625
1 0.1484375 0.4703125 0.11328125 0.08828125
1 0.43671875 0.65625 0.1046875 0.09296875
1 0.1484375 0.63515625 0.0796875 0.04609375
1 0.55078125 0.8578125 0.09765625 0.09375
1 0.72421875 0.165625 0.090625 0.11328125
1 0.8140625 0.16796875 0.11015625 0.06015625
1 0.7 0.48046875 0.0671875 0.09296875
0 0.12421875 0.0828125 0.06328125 0.0828125
4 0.09140625 0.15234375 0.09140625 0.0890625
4 0.00625 0.128125 0.0125 0.065625
0 0.171875 0.16171875 0.06015625 0.08515625
4 0.20625 0.2390625 0.05859375 0.078125
0 0.2703125 0.2078125 0.05546875 0.08125
4 0.34453125 0.10078125 0.06796875 0.071875
0 0.39765625 0.04609375 0.05078125 0.065625
0 0.43671875 0.1890625 0.05234375 0.0796875
4 0.44609375 0.25703125 0.06171875 0.0765625
4 0.2078125 0.29375 0.05859375 0.08046875
4 0.0875 0.34140625 0.05 0.06796875
0 0.15625 0.37109375 0.05546875 0.0703125
4 0.16875 0.0078125 0.046875 0.015625
0 0.26015625 0.52734375 0.0484375 0.06953125
4 0.15 0.53203125 0.06640625 0.07265625
4 0.1890625 0.58359375 0.03515625 0.0640625
4 0.22421875 0.65859375 0.0515625 0.05390625
0 0.284375 0.64765625 0.05 0.071875
4 0.2078125 0.72421875 0.05 0.07578125
0 0.15859375 0.77265625 0.0578125 0.071875
0 0.10859375 0.7421875 0.0484375 0.0734375
0 0.06015625 0.7203125 0.05859375 0.08359375
4 0.1953125 0.83515625 0.05234375 0.0703125
0 0.14453125 0.859375 0.05703125 0.07578125
4 0.090625 0.9609375 0.0484375 0.07265625
0 0.0375 0.9625 0.0546875 0.0703125
4 0.35625 0.8953125 0.05390625 0.04921875
4 0.35625 0.9328125 0.0609375 0.0703125
4 0.30703125 0.96328125 0.05703125 0.06796875
4 0.2265625 0.9875 0.06015625 0.02421875
0 0.45078125 0.96640625 0.04921875 0.06015625
4 0.346875 0.5578125 0.0671875 0.078125
4 0.39921875 0.571875 0.05703125 0.0890625
4 0.39765625 0.68359375 0.03984375 0.06484375
4 0.44609375 0.73125 0.0453125 0.04296875
0 0.475 0.7609375 0.046875 0.06796875
4 0.49296875 0.61953125 0.05703125 0.06953125
4 0.60234375 0.5328125 0.0546875 0.07265625
0 0.5234375 0.76015625 0.05859375 0.08984375
0 0.61484375 0.7890625 0.05234375 0.065625
4 0.49765625 0.8796875 0.06171875 0.07578125
4 0.565625 0.93671875 0.0609375 0.078125
4 0.62578125 0.93125 0.08359375 0.1046875
0 0.69765625 0.96328125 0.05234375 0.07265625
0 0.76015625 0.95625 0.0484375 0.059375
4 0.80234375 0.8765625 0.0765625 0.09453125
0 0.73359375 0.7359375 0.06015625 0.08828125
4 0.8125 0.671875 0.0765625 0.07109375
4 0.6984375 0.675 0.06015625 0.08046875
4 0.68515625 0.80625 0.03671875 0.046875
0 0.79609375 0.73671875 0.0578125 0.07109375
0 0.4890625 0.04140625 0.0546875 0.07890625
0 0.56796875 0.02421875 0.05546875 0.0484375
4 0.8078125 0.034375 0.05703125 0.0640625
0 0.6546875 0.1328125 0.06015625 0.06953125
4 0.57265625 0.11171875 0.0546875 0.06484375
4 0.578125 0.20390625 0.05625 0.08828125
4 0.6734375 0.21796875 0.084375 0.0890625
0 0.66484375 0.3703125 0.0578125 0.07734375
4 0.5390625 0.26640625 0.071875 0.10234375
4 0.48359375 0.37890625 0.0703125 0.09140625
4 0.5828125 0.42734375 0.059375 0.07890625
4 0.6390625 0.4734375 0.05546875 0.06796875
4 0.7171875 0.4421875 0.08046875 0.09765625
4 0.77578125 0.37578125 0.07421875 0.0921875
0 0.7953125 0.30078125 0.059375 0.0640625
4 0.82890625 0.25234375 0.05 0.07578125
0 0.98359375 0.028125 0.0328125 0.05234375
4 0.990625 0.09296875 0.01328125 0.0515625
0 0.884375 0.22890625 0.05703125 0.1015625
4 0.95390625 0.24140625 0.0703125 0.10234375
4 0.90390625 0.36796875 0.06015625 0.065625
4 0.96953125 0.340625 0.06015625 0.08359375
0 0.975 0.42578125 0.04609375 0.0625
0 0.9765625 0.49921875 0.046875 0.06796875
0 0.92734375 0.61640625 0.0484375 0.075
4 0.99140625 0.753125 0.0171875 0.07109375
0 0.97421875 0.86796875 0.04609375 0.0859375
4 0.98203125 0.9875 0.03046875 0.025