1 0.3546875 0.3359375 0.04453125 0.09921875
1 0.73046875 0.475 0.11640625 0.1125
1 0.44765625 0.58671875 0.12890625 0.075
2 0.4984375 0.79375 0.07109375 0.07890625
2 0.51015625 0.34296875 0.05078125 0.06640625
2 0.815625 0.4796875 0.06171875 0.0796875
1 0.49921875 0.009375 0.08984375 0.01875
3 0.9265625 0.17890625 0.04140625 0.1125
1 0.95625 0.59765625 0.08359375 0.10390625
1 0.10703125 0.371875 0.0796875 0.07734375
1 0.09453125 0.0953125 0.08515625 0.10234375
1 0.0546875 0.2390625 0.0609375 0.06875
1 0.30625 0.128125 0.10390625 0.0828125
4 0.0125 0.0296875 0.02421875 0.05
0 0.1640625 0.025 0.05234375 0.05
0 0.04296875 0.06953125 0.0609375 0.0828125
4 0.04453125 0.1625 0.0609375 0.06328125
0 0.13984375 0.21875 0.04765625 0.06328125
4 0.21015625 0.14375 0.06484375 0.08125
4 0.3703125 0.06328125 0.06328125 0.07734375
4 0.3234375 0.22734375 0.0765625 0.096875
4 0.246875 0.3015625 0.053125 0.065625
4 0.21484375 0.359375 0.05546875 0.0796875
4 0.15625 0.28125 0.046875 0.05234375
4 0.084375 0.31171875 0.03984375 0.0734375
4 0.0203125 0.3203125 0.0375 0.06875
4 0.00859375 0.46640625 0.0171875 0.0546875
4 0.1609375 0.38984375 0.05703125 0.06953125
0 0.1890625 0.45859375 0.053125 0.07734375
0 0.25390625 0.4703125 0.0546875 0.07578125
0 0.3953125 0.509375 0.0578125 0.0734375
4 0.45703125 0.45546875 0.059375 0.08515625
4 0.40859375 0.371875 0.06796875 0.09140625
0 0.434375 0.22578125 0.0421875 0.07109375
4 0.50234375 0.22890625 0.05703125 0.0796875
4 0.58984375 0.05390625 0.0625 0.08515625
4 0.60234375 0.13515625 0.04140625 0.0671875
4 0.58828125 0.2359375 0.06484375 0.0890625
0 0.6078125 0.36328125 0.05859375 0.0796875
0 0.56328125 0.4890625 0.053125 0.071875
4 0.625 0.44296875 0.03828125 0.06875
0 0.61953125 0.57109375 0.0484375 0.07734375
4 0.53515625 0.6328125 0.07890625 0.09140625
4 0.571875 0.66640625 0.0609375 0.0796875
4 0.5984375 0.7015625 0.06953125 0.08125
0 0.61953125 0.77265625 0.0546875 0.08515625
0 0.603125 0.91953125 0.0546875 0.06875
4 0.43203125 0.6546875 0.0609375 0.0671875
4 0.109375 0.73984375 0.0859375 0.1078125
0 0.2296875 0.64765625 0.05390625 0.0796875
4 0.0921875 0.52421875 0.0546875 0.0671875
4 0.04609375 0.59296875 0.0515625 0.065625
0 0.05078125 0.66953125 0.0546875 0.06171875
4 0.1265625 0.83125 0.05234375 0.06171875
0 0.10234375 0.98046875 0.07578125 0.0390625
4 0.3984375 0.92265625 0.05703125 0.06953125
4 0.38515625 0.97578125 0.05234375 0.03671875
4 0.81328125 0.03515625 0.0671875 0.06875
4 0.92421875 0.0859375 0.04765625 0.06171875
4 0.88359375 0.1328125 0.0546875 0.07109375
4 0.83671875 0.12890625 0.03671875 0.071875
4 0.75390625 0.13984375 0.0515625 0.071875
0 0.64140625 0.153125 0.04375 0.06171875
4 0.66484375 0.37265625 0.05 0.08046875
4 0.72421875 0.36484375 0.059375 0.06875
0 0.77578125 0.3875 0.05859375 0.0671875
4 0.846875 0.2265625 0.0578125 0.08125
0 0.89921875 0.28359375 0.05859375 0.07578125
4 0.8703125 0.3578125 0.05 0.07109375
4 0.9109375 0.375 0.07578125 0.078125
4 0.89296875 0.51796875 0.06796875 0.084375
0 0.84609375 0.61484375 0.04921875 0.07734375
0 0.73046875 0.61015625 0.04921875 0.0671875
0 0.67578125 0.60234375 0.05 0.0671875
4 0.6859375 0.71640625 0.053125 0.06015625
4 0.68125 0.79453125 0.059375 0.07734375
4 0.90390625 0.721875 0.0453125 0.06875
4 0.96953125 0.67109375 0.05546875 0.07421875
4 0.89921875 0.9140625 0.0578125 0.06171875
0 0.72890625 0.92734375 0.0609375 0.07421875
4 0.80390625 0.9890625 0.05546875 0.01953125
4 0.971875 0.940625 0.0546875 0.0953125