1 0.05 0.4875 0.07109375 0.08046875
1 0.53125 0.10234375 0.0828125 0.0828125
1 0.528125 0.49375 0.10625 0.046875
1 0.909375 0.90078125 0.06953125 0.090625
3 0.30859375 0.078125 0.06796875 0.084375
3 0.37421875 0.4015625 0.06796875 0.06875
3 0.63203125 0.08046875 0.05859375 0.08359375
3 0.71328125 0.71796875 0.05 0.09609375
3 0.56875 0.83515625 0.075 0.0515625
3 0.56171875 0.93515625 0.0375 0.08671875
3 0.03828125 0.275 0.07109375 0.05703125
3 0.18671875 0.90546875 0.06953125 0.06171875
3 0.8203125 0.18515625 0.0734375 0.05078125
3 0.89609375 0.41640625 0.07109375 0.06171875
3 0.8921875 0.5546875 0.07109375 0.0546875
3 0.63046875 0.7390625 0.06484375 0.05
3 0.9578125 0.55625 0.04453125 0.07890625
3 0.203125 0.02578125 0.06328125 0.046875
0 0.975 0.28984375 0.05 0.08671875
4 0.4390625 0.01484375 0.05703125 0.0296875
4 0.4 0.06796875 0.0546875 0.0609375
4 0.1421875 0.18046875 0.053125 0.09453125
4 0.2921875 0.2140625 0.053125 0.07421875
4 0.2734375 0.28984375 0.06171875 0.07734375
4 0.44375 0.2984375 0.053125 0.06875
4 0.50546875 0.29296875 0.06328125 0.09765625
4 0.525 0.20625 0.0609375 0.08359375
4 0.5625 0.13203125 0.071875 0.0765625
4 0.46796875 0.603125 0.0609375 0.08359375
4 0.2265625 0.56171875 0.06875 0.0765625
4 0.1984375 0.61328125 0.0609375 0.071875
4 0.01484375 0.6953125 0.0296875 0.059375
4 0.01328125 0.76484375 0.02421875 0.0890625
4 0.128125 0.7875 0.0625 0.04296875
4 0.1265625 0.78203125 0.0609375 0.128125
4 0.31328125 0.81015625 0.0625 0.07421875
4 0.20078125 0.83984375 0.0734375 0.0765625
4 0.31875 0.8890625 0.0515625 0.071875
4 0.1890625 0.971875 0.06875 0.04375
4 0.4546875 0.9734375 0.0671875 0.04609375
4 0.6046875 0.0171875 0.059375 0.034375
0 0.690625 0.06640625 0.06953125 0.084375
4 0.61015625 0.18984375 0.07265625 0.06484375
4 0.7921875 0.11640625 0.053125 0.065625
4 0.8875 0.01484375 0.071875 0.0296875
4 0.87421875 0.0421875 0.06171875 0.0609375
4 0.9796875 0.03046875 0.040625 0.06015625
4 0.98359375 0.16015625 0.02890625 0.084375
4 0.79609375 0.253125 0.06328125 0.07265625
4 0.7515625 0.45390625 0.06171875 0.07265625
4 0.97109375 0.41328125 0.04765625 0.06953125
4 0.9421875 0.39453125 0.06875 0.06015625
4 0.6859375 0.62421875 0.06953125 0.0609375
4 0.9546875 0.634375 0.06484375 0.05546875
0 0.60234375 0.7859375 0.04765625 0.06015625
4 0.71640625 0.80859375 0.05703125 0.103125
4 0.93515625 0.86484375 0.0734375 0.10078125
4 0.8546875 0.8859375 0.05 0.08671875
4 0.85703125 0.946875 0.05625 0.06875